0.01060, 1.24909, -0.00223, -0.00367, -0.00843, 0.00716
0.03373, 1.24836, -0.01937, -0.01977, -0.02242, 0.01344
0.07239, 1.24785, -0.04808, -0.04625, -0.04668, 0.01949
0.12741, 1.24875, -0.08905, -0.08392, -0.08128, 0.02042
0.19831, 1.25269, -0.14211, -0.13248, -0.12636, 0.01737
0.28342, 1.26157, -0.20635, -0.19125, -0.18096, 0.01596
0.37900, 1.27701, -0.27942, -0.25942, -0.24057, 0.02057
0.48041, 1.30001, -0.35830, -0.33699, -0.29722, 0.03437
0.58022, 1.32957, -0.43781, -0.42006, -0.34472, 0.05839
0.67255, 1.36329, -0.51359, -0.50375, -0.38083, 0.09078
0.75787, 1.40039, -0.58600, -0.58868, -0.40516, 0.13168
0.83835, 1.44137, -0.65695, -0.67741, -0.41732, 0.17572
0.91266, 1.48483, -0.72531, -0.76828, -0.41740, 0.22027
0.97938, 1.52866, -0.78950, -0.85915, -0.40570, 0.27069
1.03964, 1.57259, -0.85041, -0.94941, -0.38581, 0.32708
1.09450, 1.61682, -0.90912, -1.03879, -0.36066, 0.37990
1.14200, 1.65828, -0.96303, -1.12332, -0.33170, 0.42791
1.18134, 1.69439, -1.01035, -1.19964, -0.30131, 0.47127
1.21369, 1.72483, -1.05147, -1.26777, -0.27067, 0.50575
1.24005, 1.74976, -1.08710, -1.32620, -0.24462, 0.53264
1.26193, 1.76989, -1.11823, -1.37792, -0.22013, 0.55524
1.27998, 1.78423, -1.14419, -1.42696, -0.18860, 0.57689
1.29403, 1.79108, -1.16371, -1.47236, -0.14939, 0.59998
1.30547, 1.79211, -1.17861, -1.51552, -0.10447, 0.63091
1.31598, 1.79075, -1.19210, -1.55774, -0.05867, 0.67051
1.32557, 1.78702, -1.20421, -1.59859, -0.01286, 0.71731
1.33543, 1.78443, -1.21796, -1.63845, 0.02753, 0.76402
1.34952, 1.79522, -1.24279, -1.67872, 0.04388, 0.80437
1.36534, 1.81285, -1.27082, -1.71621, 0.04678, 0.82247
1.37901, 1.82525, -1.29186, -1.74354, 0.04333, 0.82653
1.39062, 1.82946, -1.30398, -1.76147, 0.03737, 0.82413
1.40113, 1.82724, -1.30920, -1.77236, 0.02913, 0.81921
1.41118, 1.82187, -1.31067, -1.77692, 0.01514, 0.81371
1.42137, 1.81545, -1.31062, -1.77792, -0.00343, 0.80854
1.43254, 1.80925, -1.31065, -1.78093, -0.02049, 0.80410
1.44429, 1.80060, -1.30882, -1.78711, -0.03114, 0.80046
1.45632, 1.79053, -1.30600, -1.79387, -0.04047, 0.79760
1.46831, 1.78009, -1.30315, -1.79863, -0.05342, 0.79540
1.47991, 1.76769, -1.29902, -1.80166, -0.06734, 0.79372
1.49203, 1.75622, -1.29628, -1.80607, -0.08181, 0.79243
1.50455, 1.74374, -1.29341, -1.81358, -0.09183, 0.79148
1.51783, 1.73164, -1.29159, -1.82460, -0.09918, 0.79079
1.53238, 1.72315, -1.29352, -1.83874, -0.10866, 0.79022
1.54697, 1.71350, -1.29518, -1.85440, -0.11500, 0.78755
1.56292, 1.70749, -1.30066, -1.87425, -0.12173, 0.78448
1.58066, 1.70644, -1.31113, -1.90066, -0.12673, 0.77835
1.59865, 1.70376, -1.32108, -1.93271, -0.12039, 0.76139
1.61731, 1.70004, -1.33095, -1.97184, -0.10237, 0.73640
1.63708, 1.69488, -1.33946, -2.01687, -0.07787, 0.70349
1.65666, 1.69088, -1.34703, -2.06057, -0.05490, 0.66175
1.67521, 1.68694, -1.35192, -2.09849, -0.03637, 0.61333
1.69253, 1.68107, -1.35257, -2.12995, -0.02065, 0.55933
1.70886, 1.67401, -1.34957, -2.15501, -0.00829, 0.49956
1.72497, 1.66878, -1.34551, -2.17596, 0.00075, 0.43310
1.74079, 1.66513, -1.34011, -2.19158, 0.00577, 0.35947
1.75566, 1.66038, -1.33104, -2.19918, 0.00731, 0.27800
1.76942, 1.65388, -1.31779, -2.19872, 0.00718, 0.18779
1.78320, 1.64997, -1.30423, -2.19420, 0.00635, 0.08845
1.79723, 1.64935, -1.29116, -2.18639, 0.00547, -0.02026
1.81107, 1.65088, -1.27768, -2.17324, 0.00364, -0.13848
1.82556, 1.65676, -1.26632, -2.15818, 0.00162, -0.26410
1.84017, 1.66336, -1.25541, -2.14277, 0.00086, -0.38565
1.85440, 1.66827, -1.24367, -2.12712, 0.00070, -0.49394
1.86863, 1.67265, -1.23207, -2.11211, 0.00088, -0.58897
1.88328, 1.67760, -1.22158, -2.09869, 0.00123, -0.67076
1.89851, 1.68340, -1.21248, -2.08705, 0.00162, -0.73945
1.91410, 1.68935, -1.20414, -2.07655, 0.00199, -0.79453
1.92942, 1.69366, -1.19506, -2.06585, 0.00233, -0.82296
1.94404, 1.69551, -1.18442, -2.05391, 0.00263, -0.83120
1.95807, 1.69551, -1.17271, -2.04103, 0.00286, -0.82679
1.97200, 1.69483, -1.16097, -2.02833, 0.00304, -0.81069
1.98628, 1.69453, -1.15013, -2.01671, 0.00319, -0.78838
2.00129, 1.69536, -1.14088, -2.00685, 0.00331, -0.76321
2.01672, 1.69661, -1.13256, -1.99802, 0.00341, -0.73642
2.03228, 1.69774, -1.12466, -1.98955, 0.00348, -0.71234
2.04766, 1.69814, -1.11660, -1.98080, 0.00353, -0.69146
2.06267, 1.69740, -1.10803, -1.97149, 0.00358, -0.66933
2.07780, 1.69636, -1.09975, -1.96257, 0.00361, -0.64348
2.09289, 1.69479, -1.09154, -1.95375, 0.00364, -0.61563
2.10796, 1.69273, -1.08342, -1.94501, 0.00367, -0.58788
2.12317, 1.69045, -1.07564, -1.93661, 0.00368, -0.56028
2.13839, 1.68770, -1.06799, -1.92838, 0.00369, -0.53127
2.15304, 1.68352, -1.05952, -1.91925, 0.00369, -0.50077
2.16769, 1.67879, -1.05114, -1.91028, 0.00369, -0.46595
2.18287, 1.67438, -1.04365, -1.90240, 0.00369, -0.42735
2.19773, 1.66897, -1.03577, -1.89407, 0.00369, -0.38795
2.21189, 1.66197, -1.02690, -1.88471, 0.00369, -0.34461
2.22601, 1.65439, -1.01807, -1.87545, 0.00369, -0.29766
2.24070, 1.64718, -1.01019, -1.86727, 0.00368, -0.24930
2.25582, 1.64003, -1.00299, -1.85990, 0.00367, -0.19790
2.27086, 1.63227, -0.99576, -1.85250, 0.00367, -0.14660
2.28545, 1.62334, -0.98796, -1.84449, 0.00366, -0.09282
2.30065, 1.61470, -0.98107, -1.83753, 0.00367, -0.03747
2.31711, 1.60721, -0.97600, -1.83265, 0.00367, 0.01844
2.33389, 1.59954, -0.97136, -1.82830, 0.00368, 0.07598
2.35056, 1.59115, -0.96663, -1.82382, 0.00369, 0.13370
2.36839, 1.58364, -0.96346, -1.82118, 0.00371, 0.19314
2.38689, 1.57633, -0.96118, -1.81960, 0.00371, 0.25563
2.40578, 1.56885, -0.95941, -1.81867, 0.00368, 0.32183
2.42558, 1.56182, -0.95881, -1.81921, 0.00364, 0.39387
2.44542, 1.55416, -0.95824, -1.81986, 0.00360, 0.46976
2.46467, 1.54508, -0.95685, -1.81963, 0.00357, 0.54750
2.48330, 1.53445, -0.95457, -1.81856, 0.00354, 0.63371
2.50112, 1.52205, -0.95113, -1.81635, 0.00347, 0.72867
2.51813, 1.50808, -0.94667, -1.81290, 0.00338, 0.82060
2.53535, 1.49456, -0.94295, -1.80920, 0.00332, 0.86417
2.55505, 1.48402, -0.94277, -1.80875, 0.00312, 0.87552
2.57810, 1.47758, -0.94732, -1.81177, 0.00010, 0.87126
2.60306, 1.47294, -0.95442, -1.81817, -0.00181, 0.86044
2.63013, 1.47020, -0.96428, -1.82938, -0.00070, 0.84785
2.65989, 1.47084, -0.97810, -1.84403, -0.00141, 0.83578
2.68856, 1.46939, -0.99048, -1.85888, 0.00116, 0.82515
2.71757, 1.46853, -1.00378, -1.87276, 0.00017, 0.81639
2.74746, 1.46872, -1.01865, -1.88844, -0.00074, 0.80936
2.77743, 1.46883, -1.03395, -1.90498, -0.00094, 0.80388
2.80700, 1.46815, -1.04899, -1.92163, -0.00037, 0.79971
2.83631, 1.46648, -1.06372, -1.93999, 0.00384, 0.79658
2.86657, 1.46684, -1.08069, -1.95899, 0.00502, 0.79200
2.89774, 1.46912, -1.09984, -1.97982, 0.00531, 0.78734
2.93070, 1.47531, -1.12300, -2.00471, 0.00523, 0.78211
2.96360, 1.48251, -1.14731, -2.03054, 0.00501, 0.77219
2.99600, 1.49008, -1.17215, -2.05656, 0.00477, 0.75464
3.02840, 1.49941, -1.19875, -2.08407, 0.00454, 0.72641
3.05962, 1.50795, -1.22477, -2.11049, 0.00427, 0.68713
3.08769, 1.50963, -1.24472, -2.13254, 0.00384, 0.63823
3.11369, 1.50560, -1.25772, -2.15706, -0.00098, 0.58409
3.13914, 1.49939, -1.26600, -2.18545, -0.00576, 0.52454
3.16476, 1.49292, -1.27111, -2.21684, -0.00904, 0.45899
3.19218, 1.49257, -1.27823, -2.25048, -0.01639, 0.38658
3.21941, 1.49142, -1.28167, -2.28004, -0.02549, 0.30674
3.24584, 1.48700, -1.27966, -2.30311, -0.03472, 0.21878
3.27156, 1.48012, -1.27301, -2.31832, -0.04508, 0.12211
3.29635, 1.47038, -1.26167, -2.32533, -0.05517, 0.01627
3.32015, 1.45775, -1.24619, -2.32613, -0.06211, -0.09925
3.34450, 1.44780, -1.23152, -2.32392, -0.06880, -0.22484
3.37026, 1.44225, -1.21970, -2.32243, -0.07393, -0.36079
3.39693, 1.43875, -1.20948, -2.32301, -0.07501, -0.50748
3.42304, 1.43365, -1.19825, -2.32291, -0.07470, -0.66478
3.45006, 1.43098, -1.18960, -2.32454, -0.07577, -0.82438
3.47648, 1.42464, -1.17906, -2.32724, -0.07509, -0.90957
3.50116, 1.41227, -1.16451, -2.32966, -0.07065, -0.93413
3.52494, 1.39734, -1.14853, -2.33187, -0.06544, -0.92861
3.54726, 1.37934, -1.13039, -2.33226, -0.06024, -0.90888
3.57001, 1.36270, -1.11396, -2.33388, -0.05629, -0.87939
3.59313, 1.34694, -1.09889, -2.33726, -0.05175, -0.84877
3.61738, 1.33350, -1.08644, -2.34314, -0.04741, -0.81982
3.64153, 1.31998, -1.07438, -2.34855, -0.04469, -0.78863
3.66575, 1.30654, -1.06292, -2.35450, -0.04201, -0.75981
3.69037, 1.29359, -1.05251, -2.36162, -0.03928, -0.72956
3.71446, 1.27960, -1.04164, -2.36796, -0.03720, -0.69831
3.74009, 1.26826, -1.03368, -2.37595, -0.03710, -0.67189
3.76561, 1.25647, -1.02586, -2.38379, -0.03767, -0.64379
3.79062, 1.24351, -1.01749, -2.39105, -0.03828, -0.61729
3.81683, 1.23220, -1.01129, -2.40061, -0.03843, -0.59777
3.84373, 1.22169, -1.00637, -2.41110, -0.03902, -0.58373
3.87051, 1.21099, -1.00157, -2.41969, -0.04278, -0.57672
3.89783, 1.20099, -0.99784, -2.42803, -0.04846, -0.57780
3.92555, 1.19130, -0.99489, -2.43656, -0.05486, -0.58686
3.95212, 1.17957, -0.99042, -2.44290, -0.06211, -0.60460
3.97794, 1.16637, -0.98502, -2.44792, -0.06975, -0.63015
4.00472, 1.15416, -0.98119, -2.45497, -0.07625, -0.66427
4.03264, 1.14331, -0.97919, -2.46354, -0.08279, -0.70962
4.06206, 1.13434, -0.97952, -2.47424, -0.08914, -0.76623
4.09435, 1.12934, -0.98423, -2.48813, -0.09756, -0.81935
4.12421, 1.11968, -0.98547, -2.50001, -0.10517, -0.84102
4.15089, 1.10425, -0.98212, -2.50913, -0.11077, -0.84505
4.17852, 1.09000, -0.98039, -2.51824, -0.11949, -0.84075
4.20578, 1.07476, -0.97828, -2.52653, -0.12921, -0.83323
4.23318, 1.05942, -0.97658, -2.53448, -0.14029, -0.82506
4.26038, 1.04332, -0.97473, -2.54208, -0.15176, -0.81750
4.28721, 1.02637, -0.97254, -2.54848, -0.16474, -0.81102
4.31443, 1.00976, -0.97112, -2.55440, -0.17980, -0.80573
4.34062, 0.99104, -0.96834, -2.55990, -0.19344, -0.80155
4.36615, 0.97076, -0.96475, -2.56529, -0.20599, -0.79834
4.39155, 0.94995, -0.96119, -2.57035, -0.21918, -0.79589
4.41507, 0.92594, -0.95512, -2.57332, -0.23195, -0.79404
4.43726, 0.89968, -0.94740, -2.57458, -0.24501, -0.79269
4.46110, 0.87563, -0.94224, -2.57703, -0.26023, -0.79166
4.48646, 0.85342, -0.93940, -2.58099, -0.27668, -0.79090
4.51096, 0.82941, -0.93551, -2.58494, -0.29159, -0.79038
4.53622, 0.80595, -0.93280, -2.59031, -0.30607, -0.79002
4.56370, 0.78526, -0.93332, -2.59785, -0.32210, -0.78977
4.59205, 0.76528, -0.93517, -2.60694, -0.33774, -0.78961
4.62080, 0.74536, -0.93770, -2.61686, -0.35317, -0.78950
4.64657, 0.72076, -0.93631, -2.62372, -0.36768, -0.78942
4.66820, 0.68994, -0.92944, -2.62614, -0.38113, -0.78937
4.68840, 0.65695, -0.92088, -2.62643, -0.39559, -0.78932
4.70803, 0.62301, -0.91185, -2.62584, -0.41087, -0.78929
4.72708, 0.58802, -0.90230, -2.62496, -0.42594, -0.78926
4.74527, 0.55157, -0.89190, -2.62397, -0.43997, -0.78925
4.77624, 0.55099, -0.90323, -2.62305, -0.45542, -0.78925
4.82239, 0.59243, -0.94094, -2.62229, -0.47865, -0.78316
4.87348, 0.65194, -0.99066, -2.62170, -0.51120, -0.76492
4.92279, 0.71609, -1.04309, -2.62130, -0.54708, -0.73463
4.96959, 0.78434, -1.09790, -2.62095, -0.58658, -0.69214
5.01053, 0.85532, -1.15282, -2.62055, -0.62806, -0.63791
5.04081, 0.92709, -1.20421, -2.62014, -0.66927, -0.57224
5.06341, 0.99834, -1.25287, -2.61974, -0.70941, -0.49490
5.08004, 1.06698, -1.29848, -2.61949, -0.74683, -0.40798
5.09246, 1.13645, -1.34408, -2.61935, -0.78529, -0.31243
5.10118, 1.20669, -1.38992, -2.61922, -0.82452, -0.21206
5.10637, 1.27484, -1.43422, -2.61902, -0.86170, -0.10710
5.10832, 1.33890, -1.47563, -2.61815, -0.89598, 0.00688
5.10796, 1.39674, -1.51288, -2.61743, -0.92383, 0.12687
5.10659, 1.44723, -1.54549, -2.61901, -0.94111, 0.25417
5.10470, 1.48790, -1.57146, -2.62006, -0.94971, 0.39260
5.10253, 1.52061, -1.59198, -2.61914, -0.95380, 0.54125
5.10048, 1.54433, -1.60610, -2.61477, -0.95383, 0.69077
5.09928, 1.55856, -1.61342, -2.60805, -0.94668, 0.82589
5.09863, 1.57057, -1.61916, -2.60207, -0.93237, 0.89457
5.09878, 1.58010, -1.62337, -2.59853, -0.90925, 0.91312
5.10059, 1.57871, -1.61973, -2.59441, -0.87437, 0.90715
5.10424, 1.56451, -1.60598, -2.58660, -0.83696, 0.88965
5.10946, 1.54601, -1.58842, -2.57976, -0.80042, 0.86317
5.11657, 1.52765, -1.57067, -2.57882, -0.76037, 0.82775
5.12538, 1.51040, -1.55335, -2.58262, -0.71826, 0.78338
5.13562, 1.49532, -1.53716, -2.58956, -0.67651, 0.72997
5.14717, 1.48497, -1.52399, -2.59908, -0.63758, 0.66721
5.16004, 1.47366, -1.50931, -2.60744, -0.59959, 0.59511
5.17387, 1.45342, -1.48682, -2.61001, -0.55975, 0.51369
5.18835, 1.43118, -1.46182, -2.60916, -0.52126, 0.42289
5.20351, 1.40828, -1.43552, -2.60716, -0.48129, 0.32251
5.21860, 1.38283, -1.40608, -2.59954, -0.44330, 0.21269
5.23460, 1.36405, -1.38086, -2.59109, -0.41011, 0.09322
5.25042, 1.34147, -1.35214, -2.58146, -0.37056, -0.03635
5.26416, 1.31149, -1.31650, -2.56321, -0.33189, -0.17599
5.27895, 1.29325, -1.28996, -2.54648, -0.30459, -0.31799
5.29836, 1.29535, -1.28025, -2.53975, -0.28782, -0.45017
5.31799, 1.29799, -1.27156, -2.53399, -0.27137, -0.57524
5.33744, 1.29979, -1.26271, -2.52801, -0.25541, -0.69338
5.35678, 1.30091, -1.25390, -2.52211, -0.23996, -0.79857
5.37569, 1.29941, -1.24391, -2.51677, -0.22390, -0.85622
5.39387, 1.29469, -1.23213, -2.51123, -0.20712, -0.87415
5.41023, 1.28442, -1.21632, -2.50267, -0.18978, -0.87210
5.42707, 1.27593, -1.20246, -2.49475, -0.17507, -0.85739
5.44349, 1.26645, -1.18824, -2.48596, -0.16176, -0.83059
5.45946, 1.25597, -1.17365, -2.47651, -0.14932, -0.79465
5.47517, 1.24468, -1.15893, -2.46760, -0.13609, -0.75013
5.49054, 1.23211, -1.14385, -2.46039, -0.11977, -0.69593
5.50473, 1.21593, -1.12660, -2.45600, -0.09522, -0.63773
5.51934, 1.20032, -1.11065, -2.45577, -0.06585, -0.57773
5.53580, 1.18831, -1.09861, -2.46045, -0.03486, -0.51417
5.55362, 1.17868, -1.08941, -2.46857, -0.00303, -0.44578
5.57489, 1.17637, -1.08682, -2.47777, 0.01950, -0.37527
5.59873, 1.18000, -1.08915, -2.48321, 0.02773, -0.30844
5.62139, 1.18158, -1.08959, -2.48241, 0.02879, -0.24559
5.64244, 1.17979, -1.08727, -2.47693, 0.02652, -0.18190
5.66261, 1.17571, -1.08340, -2.46938, 0.02302, -0.11105
5.68318, 1.17166, -1.08024, -2.46270, 0.01936, -0.02978
5.70367, 1.16667, -1.07692, -2.45632, 0.01601, 0.06184
5.72365, 1.15992, -1.07269, -2.44961, 0.01317, 0.16375
5.74312, 1.15140, -1.06756, -2.44262, 0.01086, 0.27686
5.76246, 1.14188, -1.06222, -2.43601, 0.00903, 0.40146
5.78210, 1.13210, -1.05736, -2.43041, 0.00762, 0.53746
5.80222, 1.12238, -1.05329, -2.42609, 0.00655, 0.68471
5.82311, 1.11330, -1.05048, -2.42334, 0.00575, 0.83757
5.84519, 1.10681, -1.04992, -2.42108, 0.00516, 0.91904
5.86801, 1.10189, -1.05079, -2.41878, 0.00472, 0.94152
5.89170, 1.09836, -1.05325, -2.41738, 0.00439, 0.93499
5.91741, 1.09797, -1.05912, -2.41911, 0.00417, 0.91607
5.94383, 1.09850, -1.06631, -2.42197, 0.00401, 0.88851
5.97197, 1.10190, -1.07659, -2.42762, 0.00386, 0.84966
5.99952, 1.10407, -1.08614, -2.43220, 0.00371, 0.79939
6.02209, 1.09663, -1.08715, -2.42715, 0.00216, 0.73717
6.03951, 1.07908, -1.07925, -2.41264, 0.00014, 0.66298
6.04860, 1.04542, -1.05707, -2.38913, 0.00058, 0.57791
6.05214, 1.00132, -1.02497, -2.36808, 0.00131, 0.48520
6.05891, 0.96256, -0.99685, -2.35884, 0.00164, 0.38467
6.07202, 0.93334, -0.97658, -2.36117, 0.00083, 0.27576
6.09506, 0.91869, -0.96878, -2.37343, -0.00603, 0.15796
6.12411, 0.91249, -0.96762, -2.38792, -0.01821, 0.03083
6.15315, 0.90573, -0.96465, -2.39768, -0.03182, -0.10606
6.18068, 0.89597, -0.95825, -2.40371, -0.04338, -0.25325
6.21053, 0.88914, -0.95483, -2.41178, -0.05540, -0.41115
6.24161, 0.88363, -0.95333, -2.42204, -0.06658, -0.58002
6.27424, 0.87969, -0.95417, -2.43613, -0.07488, -0.75788
6.30661, 0.87419, -0.95476, -2.45249, -0.08062, -0.90115
6.33800, 0.86550, -0.95412, -2.47160, -0.08381, -0.95470
6.36715, 0.85233, -0.95056, -2.49123, -0.08365, -0.96069
6.39008, 0.82936, -0.93866, -2.50722, -0.07709, -0.94462
6.41605, 0.81049, -0.93152, -2.52778, -0.07112, -0.92038
6.44497, 0.79540, -0.92886, -2.55304, -0.06481, -0.89519
6.47236, 0.77768, -0.92456, -2.57944, -0.05402, -0.87232
6.50030, 0.76035, -0.92148, -2.60873, -0.04040, -0.85286
6.52461, 0.73796, -0.91406, -2.63499, -0.02498, -0.83707
6.53831, 0.70229, -0.89322, -2.64563, -0.01425, -0.82477
6.54979, 0.66531, -0.87028, -2.64771, -0.01437, -0.81533
6.56195, 0.63047, -0.84892, -2.64567, -0.02378, -0.80821
6.57576, 0.59844, -0.83019, -2.64201, -0.04001, -0.80296
6.59004, 0.56739, -0.81262, -2.63804, -0.05858, -0.79912
6.60350, 0.53565, -0.79471, -2.63436, -0.07615, -0.79632
6.61660, 0.50374, -0.77699, -2.63121, -0.09320, -0.79430
6.62970, 0.47203, -0.75982, -2.62860, -0.11026, -0.79284
6.64255, 0.44023, -0.74293, -2.62652, -0.12694, -0.79180
6.65727, 0.41372, -0.72949, -2.62494, -0.14293, -0.79106
6.68390, 0.41937, -0.73496, -2.62375, -0.15462, -0.79049
6.71762, 0.44230, -0.75124, -2.62272, -0.16626, -0.78793
6.75637, 0.47140, -0.77364, -2.62181, -0.18660, -0.78040
6.79792, 0.50431, -0.79991, -2.62109, -0.21297, -0.76654
6.84195, 0.54135, -0.83013, -2.62057, -0.24553, -0.74374
6.88850, 0.58345, -0.86488, -2.62030, -0.28518, -0.70978
6.93656, 0.63037, -0.90361, -2.62023, -0.33086, -0.66797
6.98336, 0.67883, -0.94315, -2.62025, -0.37748, -0.62462
7.02765, 0.72684, -0.98181, -2.62023, -0.42253, -0.58002
7.06907, 0.77346, -1.01891, -2.61980, -0.46560, -0.53442
7.10670, 0.81596, -1.05241, -2.61927, -0.50289, -0.48969
7.14136, 0.85474, -1.08290, -2.61912, -0.53445, -0.44847
7.17361, 0.89026, -1.11087, -2.61910, -0.56143, -0.41215
7.20291, 0.92004, -1.13451, -2.61907, -0.58142, -0.37864
7.22915, 0.94276, -1.15281, -2.61802, -0.59463, -0.34727
7.25476, 0.96424, -1.17060, -2.61763, -0.60598, -0.31399
7.27911, 0.98311, -1.18662, -2.61585, -0.61697, -0.27768
7.30043, 0.99378, -1.19634, -2.61004, -0.62520, -0.23552
7.32007, 0.99915, -1.20236, -2.60257, -0.63100, -0.18237
7.33947, 1.00413, -1.20848, -2.59381, -0.63956, -0.11980
7.35799, 1.00575, -1.21250, -2.58466, -0.64596, -0.04856
7.37479, 0.99999, -1.21150, -2.57578, -0.64458, 0.03202
7.39191, 0.99300, -1.21051, -2.57057, -0.63765, 0.12296
7.41029, 0.98803, -1.21210, -2.56973, -0.62806, 0.22408
7.42879, 0.98298, -1.21416, -2.56906, -0.61928, 0.33198
7.44673, 0.97579, -1.21503, -2.56748, -0.61058, 0.44796
7.46075, 0.96000, -1.20977, -2.56709, -0.59753, 0.57392
7.45896, 0.91693, -1.18322, -2.56955, -0.57736, 0.70467
7.44967, 0.86339, -1.14763, -2.57324, -0.54799, 0.83192
7.43538, 0.80369, -1.10624, -2.57676, -0.50661, 0.89262
7.41708, 0.74022, -1.06142, -2.58222, -0.45392, 0.90802
7.39630, 0.67744, -1.01677, -2.58995, -0.39616, 0.90144
7.37439, 0.62163, -0.97484, -2.59541, -0.33709, 0.88610
7.35884, 0.58941, -0.94642, -2.59793, -0.28224, 0.86851
7.35215, 0.57691, -0.93290, -2.60496, -0.23317, 0.84484
7.35186, 0.57625, -0.92929, -2.61714, -0.18586, 0.80937
7.34822, 0.57222, -0.92184, -2.62520, -0.13647, 0.76244
7.33816, 0.55959, -0.90487, -2.62798, -0.08030, 0.70582
7.32573, 0.54338, -0.88242, -2.62816, -0.02311, 0.64195
7.31742, 0.53204, -0.86290, -2.62717, 0.02359, 0.57039
7.32327, 0.53757, -0.85794, -2.62592, 0.04391, 0.49053
7.33481, 0.54874, -0.85684, -2.61996, 0.04867, 0.40203
7.34538, 0.55727, -0.85144, -2.60555, 0.04591, 0.30459
7.35639, 0.56480, -0.84384, -2.58662, 0.04009, 0.19791
7.36957, 0.57340, -0.83663, -2.56700, 0.03353, 0.08168
7.38231, 0.58031, -0.82723, -2.54505, 0.02732, -0.04237
7.39601, 0.58768, -0.81876, -2.52433, 0.02194, -0.17168
7.41265, 0.59773, -0.81392, -2.50759, 0.01752, -0.30673
7.42978, 0.60770, -0.80975, -2.49199, 0.01390, -0.44162
7.44824, 0.61835, -0.80725, -2.47880, 0.01105, -0.56591
7.46636, 0.62786, -0.80441, -2.46606, 0.00889, -0.67692
7.48607, 0.63829, -0.80354, -2.45588, 0.00717, -0.77469
7.50673, 0.64868, -0.80384, -2.44804, 0.00586, -0.83796
7.52723, 0.65783, -0.80403, -2.44134, 0.00481, -0.86026
7.54796, 0.66636, -0.80454, -2.43559, 0.00390, -0.86168
7.56956, 0.67521, -0.80609, -2.42998, 0.00097, -0.85170
7.59127, 0.68369, -0.80778, -2.42314, -0.00468, -0.83312
7.61142, 0.68970, -0.80767, -2.41582, -0.00839, -0.80834
7.63122, 0.69471, -0.80715, -2.40837, -0.01156, -0.78550
7.64992, 0.69787, -0.80537, -2.40024, -0.01379, -0.76212
7.66895, 0.70061, -0.80399, -2.39361, -0.01423, -0.73739
7.68939, 0.70410, -0.80429, -2.38948, -0.01323, -0.71431
7.70923, 0.70638, -0.80389, -2.38441, -0.01267, -0.69066
7.72822, 0.70722, -0.80252, -2.37797, -0.01271, -0.66812
7.74700, 0.70690, -0.80090, -2.37345, -0.00924, -0.64254
7.76602, 0.70603, -0.79958, -2.37023, -0.00440, -0.60990
7.78389, 0.70312, -0.79692, -2.36718, 0.00286, -0.57406
7.80312, 0.70124, -0.79587, -2.36386, 0.00686, -0.53712
7.82318, 0.69974, -0.79581, -2.35997, 0.00792, -0.49345
7.84208, 0.69646, -0.79439, -2.35417, 0.00773, -0.44263
7.86304, 0.69461, -0.79539, -2.35070, 0.00706, -0.38519
7.88738, 0.69548, -0.80035, -2.35142, 0.00630, -0.31913
7.91158, 0.69536, -0.80546, -2.35372, 0.00556, -0.24698
7.91783, 0.67332, -0.79405, -2.35881, 0.00487, -0.17207
7.91714, 0.64235, -0.77821, -2.37260, 0.00438, -0.10107
7.92392, 0.61874, -0.77167, -2.39618, 0.00402, -0.04202
7.93816, 0.60226, -0.77413, -2.42865, 0.00359, 0.00594
7.96022, 0.59344, -0.78607, -2.47038, 0.00307, 0.04224
7.99053, 0.59339, -0.80830, -2.52212, 0.00268, 0.06601
8.02746, 0.60160, -0.83957, -2.58246, 0.00244, 0.07712
8.06507, 0.61252, -0.87327, -2.64487, 0.00234, 0.07577
8.07848, 0.59556, -0.87734, -2.67504, -0.00402, 0.06376
8.07325, 0.55616, -0.85841, -2.68235, -0.01229, 0.04937
8.05172, 0.49860, -0.82108, -2.67842, -0.01038, 0.03642
8.02597, 0.44555, -0.78191, -2.67028, 0.00208, 0.01810
8.01378, 0.42331, -0.76215, -2.66120, 0.01115, -0.00311
8.01359, 0.42109, -0.75771, -2.65270, 0.01034, -0.01833
8.02410, 0.43269, -0.76577, -2.64549, -0.00288, -0.02341
8.04291, 0.45357, -0.78334, -2.63964, -0.02819, -0.01649
8.06883, 0.48279, -0.80950, -2.63503, -0.06544, -0.00024
8.10077, 0.52063, -0.84391, -2.63148, -0.11434, 0.02511
8.13502, 0.56404, -0.88315, -2.62880, -0.16979, 0.06157
8.16668, 0.60700, -0.92155, -2.62676, -0.22314, 0.10856
8.19686, 0.65110, -0.96054, -2.62523, -0.27656, 0.16021
8.22649, 0.69834, -1.00175, -2.62414, -0.33253, 0.21234
8.25381, 0.74595, -1.04282, -2.62336, -0.38744, 0.26369
8.27847, 0.79301, -1.08309, -2.62278, -0.44036, 0.31353
8.30093, 0.84039, -1.12334, -2.62233, -0.49267, 0.36231
8.32054, 0.88598, -1.16199, -2.62197, -0.54187, 0.40787
8.33750, 0.92963, -1.19906, -2.62164, -0.58816, 0.45177
8.35266, 0.97681, -1.23685, -2.62140, -0.63193, 0.49592
8.36518, 1.02817, -1.27360, -2.62127, -0.66708, 0.54571
8.37438, 1.07602, -1.30588, -2.62108, -0.69281, 0.60361
8.38094, 1.11979, -1.33443, -2.62077, -0.71218, 0.66681
8.38595, 1.16406, -1.36294, -2.62042, -0.73074, 0.73236
8.38947, 1.20487, -1.38885, -2.62007, -0.74440, 0.79220
8.39169, 1.23662, -1.40836, -2.61983, -0.74670, 0.82717
8.39310, 1.25889, -1.42120, -2.61963, -0.73749, 0.83794
8.39394, 1.27059, -1.42664, -2.61947, -0.71631, 0.83482
8.39459, 1.27063, -1.42370, -2.61942, -0.68350, 0.81984
8.39588, 1.25877, -1.41146, -2.61940, -0.64242, 0.79531
8.39797, 1.24037, -1.39374, -2.61939, -0.59823, 0.76155
8.40083, 1.21805, -1.37241, -2.61936, -0.55287, 0.71858
8.40488, 1.19723, -1.35146, -2.61939, -0.51129, 0.66633
8.40976, 1.17508, -1.32885, -2.61957, -0.46948, 0.60477
8.41513, 1.15056, -1.30377, -2.61972, -0.42584, 0.53392
8.42118, 1.12637, -1.27825, -2.61973, -0.38288, 0.45427
8.42771, 1.10190, -1.25187, -2.61967, -0.33896, 0.36566
8.43471, 1.07801, -1.22508, -2.61797, -0.29622, 0.26735
8.44169, 1.05323, -1.19681, -2.61514, -0.25122, 0.15967
8.45062, 1.03355, -1.17211, -2.61420, -0.20681, 0.04249
8.46004, 1.01545, -1.14782, -2.61018, -0.16649, -0.08479
8.46679, 0.99255, -1.11882, -2.59986, -0.12806, -0.22277
8.47471, 0.97437, -1.09390, -2.59153, -0.09218, -0.37191
8.48730, 0.96712, -1.07853, -2.58749, -0.06398, -0.52893
8.50285, 0.96660, -1.06889, -2.58202, -0.04744, -0.68425
8.51974, 0.96883, -1.06183, -2.57433, -0.03940, -0.82494
8.53660, 0.96973, -1.05477, -2.56768, -0.03275, -0.89681
8.55211, 0.96667, -1.04551, -2.56286, -0.02185, -0.91662
8.56746, 0.96269, -1.03616, -2.55820, -0.01165, -0.91104
8.58340, 0.95948, -1.02790, -2.55265, -0.00519, -0.89482
8.59956, 0.95595, -1.02010, -2.54897, 0.00356, -0.87578
8.61671, 0.95392, -1.01396, -2.54456, 0.00844, -0.85759
8.63377, 0.95154, -1.00776, -2.53801, 0.00997, -0.84183
8.65155, 0.94993, -1.00272, -2.53157, 0.00993, -0.82899
8.66915, 0.94757, -0.99746, -2.52443, 0.00920, -0.81861
8.68671, 0.94463, -0.99218, -2.51707, 0.00818, -0.80896
8.70494, 0.94214, -0.98794, -2.51072, 0.00713, -0.79906
8.72279, 0.93848, -0.98316, -2.50388, 0.00614, -0.78901
8.74259, 0.93722, -0.98129, -2.49987, 0.00528, -0.78207
8.76315, 0.93649, -0.98055, -2.49702, 0.00459, -0.77719
8.78214, 0.93278, -0.97751, -2.49200, 0.00400, -0.77145
8.80325, 0.93166, -0.97757, -2.48994, 0.00343, -0.76945
8.82509, 0.93107, -0.97873, -2.48889, 0.00301, -0.77288
8.84511, 0.92716, -0.97721, -2.48521, 0.00270, -0.77929
8.86666, 0.92493, -0.97795, -2.48368, 0.00237, -0.78747
8.89043, 0.92538, -0.98193, -2.48542, 0.00200, -0.79215
8.91510, 0.92686, -0.98731, -2.48676, -0.00147, -0.79358
8.93975, 0.92781, -0.99270, -2.48751, -0.00604, -0.79274
8.96503, 0.92916, -0.99912, -2.48954, -0.01020, -0.79094
8.99106, 0.93120, -1.00674, -2.49264, -0.01452, -0.78968
9.01816, 0.93439, -1.01611, -2.49822, -0.01750, -0.78888
9.04699, 0.94029, -1.02840, -2.50520, -0.02287, -0.78837
9.07845, 0.95099, -1.04532, -2.51406, -0.03262, -0.78809
9.11355, 0.96919, -1.06907, -2.52574, -0.04867, -0.78803
9.14831, 0.98864, -1.09361, -2.53341, -0.07259, -0.78807
9.18179, 1.00739, -1.11735, -2.53684, -0.10221, -0.78815
9.21354, 1.02428, -1.14053, -2.54028, -0.13730, -0.78826
9.24237, 1.03672, -1.16314, -2.55017, -0.17988, -0.78757
9.27128, 1.05115, -1.18920, -2.56782, -0.22262, -0.78464
9.29889, 1.06303, -1.21389, -2.58879, -0.25771, -0.77924
9.32467, 1.07067, -1.23572, -2.61039, -0.28747, -0.76848
9.34805, 1.07191, -1.25275, -2.62935, -0.31423, -0.75674
9.36664, 1.05870, -1.25812, -2.63733, -0.34114, -0.74560
9.38340, 1.04060, -1.25962, -2.63917, -0.37230, -0.73732
9.39880, 1.01815, -1.25791, -2.63806, -0.40305, -0.74047
9.41164, 0.99109, -1.25168, -2.63573, -0.42736, -0.75006
9.41783, 0.97283, -1.24408, -2.63323, -0.44236, -0.75687
9.41950, 0.95938, -1.23530, -2.63085, -0.45128, -0.75434
9.41885, 0.94719, -1.22550, -2.62875, -0.45664, -0.74105
9.41722, 0.93633, -1.21603, -2.62700, -0.46141, -0.72009
9.41450, 0.92338, -1.20495, -2.62550, -0.46297, -0.69961
9.40988, 0.90400, -1.18939, -2.62424, -0.45712, -0.67934
9.40408, 0.88138, -1.17178, -2.62318, -0.44797, -0.65336
9.39781, 0.85809, -1.15404, -2.62231, -0.43822, -0.62791
9.39119, 0.83452, -1.13645, -2.62156, -0.42837, -0.60397
9.38435, 0.81117, -1.11936, -2.62088, -0.41909, -0.58159
9.37677, 0.78669, -1.10171, -2.62034, -0.40863, -0.56007
9.36883, 0.76242, -1.08440, -2.61998, -0.39823, -0.53902
9.36071, 0.73900, -1.06778, -2.61973, -0.38824, -0.52142
9.35144, 0.71400, -1.04999, -2.61948, -0.37609, -0.50381
9.34108, 0.68769, -1.03116, -2.61930, -0.36167, -0.48901
9.33206, 0.66597, -1.01525, -2.61927, -0.34737, -0.48122
9.32875, 0.65800, -1.00913, -2.61943, -0.34024, -0.47153
9.33094, 0.66138, -1.01218, -2.61973, -0.34504, -0.45287
9.33870, 0.67732, -1.02428, -2.62008, -0.36106, -0.42894
9.35178, 0.70614, -1.04544, -2.62042, -0.38811, -0.39918
9.36961, 0.74805, -1.07568, -2.62071, -0.42621, -0.36096
9.38999, 0.80001, -1.11260, -2.62085, -0.47208, -0.31320
9.41044, 0.85776, -1.15301, -2.62087, -0.52136, -0.25587
9.42913, 0.91729, -1.19407, -2.62085, -0.57029, -0.19047
9.44543, 0.97736, -1.23497, -2.62079, -0.61809, -0.11638
9.45952, 1.03907, -1.27653, -2.62066, -0.66573, -0.04066
9.47090, 1.10006, -1.31723, -2.62052, -0.71120, 0.03444
9.47973, 1.16127, -1.35783, -2.62042, -0.75583, 0.11607
9.48599, 1.22130, -1.39742, -2.62027, -0.79843, 0.20370
9.48970, 1.27570, -1.43309, -2.62008, -0.83498, 0.29259
9.49140, 1.32260, -1.46347, -2.61931, -0.86429, 0.38014
9.49184, 1.35981, -1.48703, -2.61764, -0.88461, 0.46629
9.49185, 1.38827, -1.50465, -2.61597, -0.89607, 0.55522
9.49178, 1.41006, -1.51788, -2.61406, -0.90147, 0.64830
9.49181, 1.42547, -1.52684, -2.61157, -0.90116, 0.73823
9.49177, 1.43871, -1.53449, -2.60827, -0.89941, 0.81363
9.49195, 1.45147, -1.54208, -2.60602, -0.89362, 0.84793
9.49319, 1.46007, -1.54729, -2.60818, -0.87574, 0.85612
9.49545, 1.46182, -1.54812, -2.61324, -0.84591, 0.85001
9.49847, 1.45307, -1.54158, -2.61787, -0.80512, 0.83141
9.50279, 1.43261, -1.52605, -2.62050, -0.75702, 0.80227
9.50877, 1.40536, -1.50446, -2.62143, -0.70908, 0.76471
9.51595, 1.37598, -1.48035, -2.62165, -0.66404, 0.71854
9.52420, 1.34705, -1.45573, -2.62163, -0.62298, 0.66361
9.53348, 1.31826, -1.43043, -2.62153, -0.58418, 0.59971
9.54381, 1.29113, -1.40565, -2.62136, -0.54839, 0.52665
9.55496, 1.26349, -1.37984, -2.62115, -0.51229, 0.44428
9.56675, 1.23578, -1.35325, -2.61977, -0.47692, 0.35261
9.57942, 1.20990, -1.32744, -2.61818, -0.44170, 0.25132
9.59291, 1.18535, -1.30209, -2.61663, -0.40529, 0.14007
9.60719, 1.16261, -1.27772, -2.61534, -0.36831, 0.01886
9.62028, 1.13535, -1.24935, -2.61124, -0.32844, -0.11255
9.63469, 1.11586, -1.22715, -2.60832, -0.29556, -0.25491
9.65368, 1.11242, -1.21817, -2.61096, -0.27399, -0.40167
9.67304, 1.11124, -1.21105, -2.61053, -0.26041, -0.55110
9.69190, 1.10859, -1.20307, -2.60838, -0.24829, -0.70150
9.71145, 1.10707, -1.19678, -2.60848, -0.23573, -0.83755
9.73021, 1.10212, -1.18881, -2.60876, -0.22362, -0.90148
9.74796, 1.09310, -1.17858, -2.61014, -0.20830, -0.91737
9.76434, 1.08001, -1.16572, -2.61081, -0.19109, -0.91017
9.78164, 1.06886, -1.15516, -2.61411, -0.17352, -0.89372
9.80075, 1.06181, -1.14861, -2.62033, -0.15751, -0.87496
9.81910, 1.05318, -1.14090, -2.62296, -0.14564, -0.85721
9.83662, 1.04254, -1.13183, -2.62354, -0.13495, -0.84177
9.85287, 1.02863, -1.12051, -2.62322, -0.12204, -0.82904
9.86810, 1.01220, -1.10759, -2.62275, -0.10669, -0.81894
9.88263, 0.99415, -1.09378, -2.62235, -0.08970, -0.81114
9.89608, 0.97380, -1.07853, -2.62203, -0.07018, -0.80513
9.90999, 0.95455, -1.06459, -2.62181, -0.05251, -0.79972
9.92494, 0.93745, -1.05282, -2.62166, -0.03811, -0.79528
9.94015, 0.92065, -1.04175, -2.62154, -0.02468, -0.79251
9.95653, 0.90590, -1.03281, -2.62146, -0.01453, -0.79080
9.97344, 0.89174, -1.02486, -2.62139, -0.00587, -0.78977
9.99003, 0.87657, -1.01654, -2.62135, 0.00343, -0.78918
10.00855, 0.86448, -1.01129, -2.62127, 0.00780, -0.78881
10.02830, 0.85406, -1.00795, -2.62112, 0.00903, -0.78854
10.04861, 0.84407, -1.00548, -2.62096, 0.00883, -0.78839
10.06920, 0.83396, -1.00345, -2.62081, 0.00797, -0.78823
10.08990, 0.82344, -1.00159, -2.62064, 0.00682, -0.78817
10.11094, 0.81289, -1.00023, -2.62052, 0.00492, -0.78823
10.13223, 0.80215, -0.99927, -2.62050, 0.00253, -0.78712
10.15500, 0.79339, -1.00051, -2.62055, -0.00328, -0.78571
10.18131, 0.79039, -1.00713, -2.62058, -0.01761, -0.78568
10.21065, 0.79252, -1.01852, -2.62062, -0.03953, -0.78630
10.24271, 0.79976, -1.03458, -2.62063, -0.06892, -0.78686
10.27820, 0.81438, -1.05707, -2.62065, -0.10849, -0.78726
10.31664, 0.83694, -1.08623, -2.62068, -0.15858, -0.78760
10.35512, 0.86255, -1.11791, -2.62072, -0.21261, -0.78772
10.39273, 0.88973, -1.15089, -2.62081, -0.26851, -0.78748
10.42894, 0.91740, -1.18434, -2.62094, -0.32513, -0.78452
10.46140, 0.94367, -1.21547, -2.62111, -0.37773, -0.77912
10.48236, 0.97353, -1.24130, -2.62122, -0.42134, -0.76858
10.49585, 1.00764, -1.26520, -2.62107, -0.46195, -0.74622
10.50695, 1.05252, -1.29432, -2.62072, -0.50913, -0.71150
10.51591, 1.10481, -1.32682, -2.61695, -0.56510, -0.66500
10.52303, 1.16307, -1.36259, -2.61125, -0.62771, -0.60713
10.52835, 1.22303, -1.39980, -2.60688, -0.69011, -0.53776
10.53150, 1.27982, -1.43511, -2.60307, -0.74884, -0.45927
10.53311, 1.33585, -1.47052, -2.60189, -0.80344, -0.37497
10.53325, 1.38729, -1.50317, -2.60210, -0.85170, -0.28307
10.53214, 1.43216, -1.53140, -2.60130, -0.89503, -0.18451
10.53020, 1.47357, -1.55762, -2.60077, -0.93474, -0.08557
10.52776, 1.51169, -1.58197, -2.60101, -0.97007, 0.01099
10.52504, 1.54613, -1.60413, -2.60169, -1.00104, 0.10322
10.52288, 1.57318, -1.62136, -2.60242, -1.02446, 0.19534
10.52213, 1.58918, -1.63085, -2.60191, -1.03826, 0.28830
10.52294, 1.59647, -1.63439, -2.60168, -1.04249, 0.37715
10.52440, 1.60048, -1.63602, -2.60208, -1.04277, 0.46440
10.52644, 1.60025, -1.63490, -2.60162, -1.04011, 0.54829
10.52983, 1.59440, -1.63023, -2.60313, -1.02875, 0.62696
10.53443, 1.58452, -1.62332, -2.60801, -1.00832, 0.69933
10.53940, 1.57432, -1.61685, -2.61571, -0.98357, 0.76321
10.54486, 1.56042, -1.60805, -2.62358, -0.95427, 0.81335
10.55148, 1.53282, -1.58908, -2.62690, -0.91533, 0.83420
10.55767, 1.50062, -1.56689, -2.62775, -0.87451, 0.83753
10.56278, 1.46945, -1.54574, -2.62740, -0.83645, 0.82838
10.56713, 1.43825, -1.52490, -2.62654, -0.79901, 0.80724
10.57070, 1.40881, -1.50570, -2.62549, -0.76372, 0.77404
10.57381, 1.38081, -1.48784, -2.62443, -0.73004, 0.72888
10.57898, 1.35066, -1.46746, -2.62354, -0.69572, 0.67547
10.58643, 1.31458, -1.44151, -2.62291, -0.65733, 0.61451
10.59550, 1.27780, -1.41405, -2.62247, -0.62043, 0.54546
10.60581, 1.24122, -1.38590, -2.62220, -0.58543, 0.46768
10.61704, 1.20443, -1.35692, -2.62201, -0.55096, 0.38126
10.62936, 1.17068, -1.32961, -2.62183, -0.51933, 0.28578
10.64246, 1.13799, -1.30260, -2.62153, -0.48741, 0.18101
10.65683, 1.10983, -1.27863, -2.62109, -0.45953, 0.06664
10.67149, 1.08439, -1.25598, -2.61540, -0.44183, -0.05818
10.68743, 1.06513, -1.23818, -2.60980, -0.43093, -0.19409
10.70743, 1.05876, -1.23145, -2.61290, -0.42225, -0.34108
10.72797, 1.05373, -1.22624, -2.61706, -0.41362, -0.49908
10.74786, 1.04597, -1.21933, -2.62083, -0.40263, -0.66437
10.76631, 1.03349, -1.20910, -2.62285, -0.38947, -0.82735
10.78332, 1.01639, -1.19615, -2.62359, -0.37785, -0.91393
10.79859, 0.99403, -1.17991, -2.62373, -0.36503, -0.93894
10.81257, 0.96844, -1.16174, -2.62356, -0.35108, -0.93372
10.82669, 0.94411, -1.14497, -2.62320, -0.34023, -0.91564
10.84052, 0.91954, -1.12842, -2.62279, -0.32994, -0.89376
10.85390, 0.89431, -1.11172, -2.62239, -0.31931, -0.87257
10.86726, 0.86949, -1.09571, -2.62203, -0.30955, -0.85399
10.88101, 0.84586, -1.08103, -2.62171, -0.30160, -0.83861
10.89425, 0.82128, -1.06597, -2.62144, -0.29280, -0.82622
10.90722, 0.79628, -1.05095, -2.62125, -0.28376, -0.81648
10.92051, 0.77206, -1.03695, -2.62105, -0.27621, -0.80907
10.93429, 0.74884, -1.02418, -2.62089, -0.27042, -0.80354
10.94866, 0.72665, -1.01270, -2.62083, -0.26640, -0.79949
10.96383, 0.70575, -1.00274, -2.62081, -0.26467, -0.79656
10.98010, 0.68655, -0.99469, -2.62082, -0.26584, -0.79440
10.99741, 0.66884, -0.98837, -2.62085, -0.26969, -0.79283
11.01452, 0.65033, -0.98187, -2.62087, -0.27326, -0.79167
11.03180, 0.63162, -0.97571, -2.62088, -0.27739, -0.79085
11.05678, 0.63607, -0.98401, -2.62091, -0.28431, -0.79030
11.09124, 0.66966, -1.01076, -2.62090, -0.29763, -0.78389
11.12877, 0.71240, -1.04472, -2.62071, -0.32140, -0.76528
11.16695, 0.76037, -1.08284, -2.62044, -0.35223, -0.73454
11.20110, 0.81410, -1.12314, -2.61982, -0.38843, -0.69243
11.22774, 0.87126, -1.16241, -2.61673, -0.42901, -0.63908
11.25029, 0.93379, -1.20388, -2.61328, -0.47481, -0.57421
11.27116, 1.00513, -1.25143, -2.61306, -0.52528, -0.49877
11.28824, 1.07728, -1.29911, -2.61303, -0.57586, -0.41315
11.30163, 1.15037, -1.34719, -2.61312, -0.62709, -0.31689
11.31119, 1.22487, -1.39609, -2.61267, -0.68095, -0.21340
11.31261, 1.27486, -1.42786, -2.60825, -0.73264, -0.11072
11.30942, 1.31020, -1.45051, -2.60410, -0.78496, -0.01429
11.30594, 1.35804, -1.48197, -2.60133, -0.84502, 0.07318
11.30193, 1.41056, -1.51568, -2.59750, -0.90404, 0.16088
11.29728, 1.45270, -1.54189, -2.59246, -0.95241, 0.25393
11.29282, 1.48456, -1.56114, -2.58796, -0.98942, 0.34948
11.28899, 1.51053, -1.57681, -2.58622, -1.01642, 0.44314
11.28622, 1.52703, -1.58601, -2.58479, -1.03295, 0.53281
11.28472, 1.53538, -1.58979, -2.58446, -1.03942, 0.61973
11.28442, 1.53990, -1.59155, -2.58804, -1.03634, 0.70122
11.28553, 1.53943, -1.59041, -2.59553, -1.02221, 0.77450
11.28801, 1.53574, -1.58770, -2.60819, -0.99625, 0.82559
11.29170, 1.52631, -1.58128, -2.62320, -0.95910, 0.84414
11.29577, 1.50214, -1.56373, -2.63057, -0.91648, 0.84533
11.29914, 1.47050, -1.54065, -2.63274, -0.87319, 0.83463
11.30126, 1.43901, -1.51782, -2.63230, -0.83379, 0.81244
11.30240, 1.40835, -1.49586, -2.63075, -0.79678, 0.77818
11.30281, 1.37656, -1.47341, -2.62886, -0.75888, 0.73169
11.30246, 1.34104, -1.44857, -2.62704, -0.71656, 0.67313
11.30098, 1.29834, -1.41883, -2.62554, -0.66550, 0.60265
11.29843, 1.25650, -1.38998, -2.62437, -0.61467, 0.52045
11.29890, 1.21992, -1.36352, -2.62348, -0.56908, 0.43146
11.30313, 1.18619, -1.33736, -2.62287, -0.52639, 0.33676
11.30998, 1.15319, -1.31041, -2.62240, -0.48411, 0.23495
11.31884, 1.12121, -1.28316, -2.62194, -0.44165, 0.12490
11.32915, 1.09014, -1.25578, -2.62156, -0.39785, 0.00583
11.34007, 1.05865, -1.22752, -2.62126, -0.35180, -0.12265
11.35146, 1.02864, -1.20007, -2.62107, -0.30634, -0.26120
11.36375, 1.00405, -1.17694, -2.62098, -0.26694, -0.41094
11.37825, 0.98780, -1.16050, -2.62033, -0.23857, -0.56961
11.39503, 0.97842, -1.14984, -2.61961, -0.21946, -0.72771
11.41363, 0.97352, -1.14342, -2.61942, -0.20756, -0.85596
11.43189, 0.96673, -1.13653, -2.61943, -0.19814, -0.90843
11.44835, 0.95461, -1.12621, -2.61955, -0.18508, -0.91837
11.46293, 0.93751, -1.11252, -2.61967, -0.16758, -0.90821
11.47611, 0.91718, -1.09672, -2.61986, -0.14697, -0.89035
11.48899, 0.89641, -1.08098, -2.62014, -0.12632, -0.87109
11.50213, 0.87646, -1.06629, -2.62043, -0.10721, -0.85339
11.51538, 0.85685, -1.05226, -2.62067, -0.08909, -0.83835
11.52832, 0.83669, -1.03816, -2.62082, -0.07087, -0.82612
11.54162, 0.81722, -1.02504, -2.62094, -0.05424, -0.81376
11.55577, 0.79925, -1.01360, -2.62107, -0.04016, -0.80294
11.56983, 0.78090, -1.00226, -2.62118, -0.02607, -0.79652
11.58413, 0.76275, -0.99153, -2.62128, -0.01283, -0.79265
11.60018, 0.74730, -0.98355, -2.62136, -0.00393, -0.79029
11.61739, 0.73337, -0.97735, -2.62134, 0.00204, -0.78887
11.63570, 0.72078, -0.97280, -2.62130, 0.00535, -0.78804
11.65499, 0.70920, -0.96965, -2.62123, 0.00633, -0.78602
11.67475, 0.69781, -0.96719, -2.62109, 0.00615, -0.78509
11.69649, 0.68909, -0.96753, -2.62096, 0.00167, -0.78743
11.72208, 0.68610, -0.97335, -2.62090, -0.01147, -0.78863
11.74945, 0.68581, -0.98210, -2.62084, -0.03046, -0.78909
11.76754, 0.67185, -0.98147, -2.62082, -0.05175, -0.78929
11.77966, 0.64885, -0.97460, -2.62089, -0.07258, -0.78941
11.79018, 0.62293, -0.96574, -2.62090, -0.09041, -0.78946
11.80533, 0.61528, -0.96712, -2.62082, -0.10409, -0.78946
11.83067, 0.63849, -0.98784, -2.62079, -0.12189, -0.78912
11.85731, 0.67143, -1.01534, -2.61983, -0.15231, -0.78430
11.88045, 0.70336, -1.04281, -2.61846, -0.19484, -0.77010
11.90290, 0.74487, -1.07507, -2.61708, -0.24694, -0.74525
11.92698, 0.79995, -1.11568, -2.61952, -0.30485, -0.70960
11.95031, 0.86265, -1.16016, -2.62195, -0.36603, -0.66231
11.97088, 0.92787, -1.20487, -2.62251, -0.42840, -0.60323
11.98843, 0.99414, -1.24933, -2.62214, -0.49056, -0.53294
12.00333, 1.06282, -1.29488, -2.62160, -0.55341, -0.45468
12.01523, 1.13226, -1.34057, -2.62105, -0.61555, -0.36921
12.02375, 1.19904, -1.38426, -2.62052, -0.67434, -0.27445
12.02899, 1.26150, -1.42475, -2.61910, -0.72963, -0.17169
12.03163, 1.31908, -1.46187, -2.61761, -0.77986, -0.06153
12.03270, 1.37010, -1.49473, -2.61767, -0.82094, 0.05224
12.03227, 1.41129, -1.52086, -2.61788, -0.85431, 0.16387
12.03082, 1.44200, -1.53980, -2.61817, -0.88127, 0.27008
12.02975, 1.46393, -1.55275, -2.61847, -0.89883, 0.37075
12.02948, 1.47628, -1.55913, -2.61864, -0.90642, 0.46736
12.02933, 1.48659, -1.56444, -2.61876, -0.91215, 0.55827
12.02939, 1.49368, -1.56776, -2.61827, -0.91558, 0.64388
12.03051, 1.49222, -1.56530, -2.61828, -0.90917, 0.72361
12.03263, 1.48242, -1.55718, -2.61887, -0.89272, 0.79290
12.03528, 1.46658, -1.54489, -2.61929, -0.86869, 0.83359
12.03823, 1.44465, -1.52841, -2.61962, -0.83692, 0.84632
12.04109, 1.41695, -1.50808, -2.61996, -0.79845, 0.84404
12.04335, 1.38778, -1.48704, -2.62025, -0.75828, 0.82926
12.04489, 1.36102, -1.46811, -2.62043, -0.72086, 0.80211
12.04588, 1.33462, -1.44979, -2.62050, -0.68389, 0.76274
12.04689, 1.30880, -1.43195, -2.62052, -0.64773, 0.71207
12.05031, 1.28098, -1.41134, -2.62054, -0.61050, 0.65396
12.05553, 1.24664, -1.38463, -2.62060, -0.56749, 0.58830
12.06232, 1.21272, -1.35713, -2.62068, -0.52622, 0.51452
12.07071, 1.18289, -1.33181, -2.62068, -0.49058, 0.43356
12.07994, 1.15246, -1.30537, -2.62063, -0.45445, 0.34496
12.09007, 1.12254, -1.27864, -2.62053, -0.41773, 0.24700
12.10159, 1.09610, -1.25396, -2.62032, -0.38290, 0.13929
12.11305, 1.06733, -1.22706, -2.62018, -0.34314, 0.02156
12.12498, 1.03994, -1.20089, -2.62007, -0.30357, -0.10497
12.13776, 1.01788, -1.17871, -2.61775, -0.27333, -0.24117
12.15422, 1.00727, -1.16602, -2.61850, -0.25240, -0.38820
12.17269, 1.00255, -1.15831, -2.61917, -0.23902, -0.54385
12.19070, 0.99661, -1.14993, -2.61833, -0.22696, -0.70261
12.21001, 0.99320, -1.14435, -2.61981, -0.21604, -0.84840
12.22768, 0.98471, -1.13569, -2.62041, -0.20538, -0.91616
12.24289, 0.96937, -1.12239, -2.62064, -0.19039, -0.93229
12.25637, 0.94979, -1.10630, -2.62083, -0.17220, -0.92343
12.26933, 0.92929, -1.08992, -2.62098, -0.15403, -0.90446
12.28180, 0.90803, -1.07331, -2.62106, -0.13569, -0.88325
12.29385, 0.88625, -1.05664, -2.62110, -0.11721, -0.86343
12.30616, 0.86525, -1.04098, -2.62116, -0.10013, -0.84635
12.31861, 0.84472, -1.02606, -2.62123, -0.08406, -0.83233
12.33137, 0.82484, -1.01208, -2.62126, -0.06937, -0.82113
12.34475, 0.80603, -0.99939, -2.62126, -0.05666, -0.81237
12.35955, 0.78957, -0.98911, -2.62124, -0.04768, -0.80573
12.37447, 0.77300, -0.97920, -2.62121, -0.03923, -0.80081
12.38896, 0.75538, -0.96885, -2.62121, -0.02996, -0.79723
12.40455, 0.73921, -0.96023, -2.62125, -0.02331, -0.79460
12.42112, 0.72418, -0.95310, -2.62128, -0.01901, -0.79259
12.43694, 0.70750, -0.94503, -2.62131, -0.01320, -0.79105
12.45346, 0.69145, -0.93802, -2.62136, -0.00901, -0.78996
12.47124, 0.67683, -0.93278, -2.62134, -0.00774, -0.78928
12.49070, 0.66421, -0.92982, -2.62127, -0.01017, -0.78876
12.51263, 0.65472, -0.93017, -2.62122, -0.01784, -0.78834
12.53513, 0.64550, -0.93130, -2.62113, -0.02683, -0.78806
12.55901, 0.63779, -0.93431, -2.62106, -0.03877, -0.78796
12.58486, 0.63256, -0.94004, -2.62104, -0.05496, -0.78790
12.60989, 0.62552, -0.94471, -2.62106, -0.06942, -0.78786
12.63607, 0.61979, -0.95106, -2.62111, -0.08649, -0.78789
12.66519, 0.61841, -0.96168, -2.62116, -0.11036, -0.78786
12.70246, 0.64081, -0.98765, -2.62120, -0.13985, -0.78786
12.74787, 0.69094, -1.03147, -2.62080, -0.17935, -0.78166
12.78437, 0.73678, -1.07052, -2.61989, -0.22328, -0.76497
12.81057, 0.78294, -1.10552, -2.61932, -0.26950, -0.73809
12.83187, 0.83307, -1.14077, -2.61820, -0.32209, -0.70143
12.84990, 0.88446, -1.17605, -2.61889, -0.37715, -0.65543
12.86653, 0.94051, -1.21392, -2.62003, -0.43725, -0.60279
12.88239, 1.00345, -1.25589, -2.62052, -0.50264, -0.54241
12.89581, 1.06713, -1.29792, -2.62062, -0.56776, -0.47049
12.90633, 1.12877, -1.33831, -2.62046, -0.63029, -0.39155
12.91423, 1.18931, -1.37782, -2.62021, -0.69121, -0.30938
12.91977, 1.25108, -1.41812, -2.61995, -0.75260, -0.22218
12.92290, 1.31050, -1.45685, -2.61977, -0.81112, -0.12711
12.92413, 1.36081, -1.48933, -2.61961, -0.86009, -0.02690
12.92455, 1.40006, -1.51418, -2.61948, -0.89706, 0.06904
12.92502, 1.42841, -1.53150, -2.61938, -0.92209, 0.15739
12.92606, 1.44610, -1.54150, -2.61931, -0.93591, 0.24370
12.92763, 1.45677, -1.54685, -2.61931, -0.94258, 0.32912
12.92932, 1.46550, -1.55124, -2.61939, -0.94757, 0.41294
12.93094, 1.47406, -1.55596, -2.61944, -0.95302, 0.49532
12.93290, 1.47884, -1.55834, -2.61942, -0.95481, 0.57312
12.93497, 1.48233, -1.56021, -2.61945, -0.95540, 0.64480
12.93731, 1.48324, -1.56063, -2.61957, -0.95343, 0.71194
12.94075, 1.47390, -1.55400, -2.61973, -0.94057, 0.77450
12.94470, 1.45905, -1.54370, -2.61985, -0.92126, 0.81937
12.94898, 1.43929, -1.53008, -2.62000, -0.89533, 0.83576
12.95349, 1.41210, -1.51141, -2.62024, -0.86075, 0.83647
12.95754, 1.38299, -1.49170, -2.62043, -0.82397, 0.82467
12.96103, 1.35204, -1.47101, -2.62053, -0.78514, 0.80044
12.96388, 1.32343, -1.45235, -2.62054, -0.74889, 0.76396
12.96623, 1.29548, -1.43453, -2.62045, -0.71341, 0.71534
12.96886, 1.25878, -1.41003, -2.62040, -0.66910, 0.65635
12.97366, 1.21924, -1.38204, -2.62035, -0.62486, 0.59044
12.98058, 1.18393, -1.35605, -2.62032, -0.58834, 0.51682
12.98868, 1.14659, -1.32768, -2.62044, -0.55166, 0.43477
12.99774, 1.10886, -1.29827, -2.62057, -0.51555, 0.34388
13.00820, 1.07474, -1.27095, -2.62065, -0.48303, 0.24400
13.01989, 1.04334, -1.24521, -2.62062, -0.45251, 0.13477
13.03202, 1.01392, -1.22021, -2.61630, -0.42985, 0.01586
13.04630, 0.99185, -1.20074, -2.61188, -0.41566, -0.11340
13.06538, 0.98362, -1.19307, -2.61532, -0.40620, -0.25406
13.08572, 0.97872, -1.18852, -2.62028, -0.39855, -0.40605
13.10446, 0.96933, -1.18058, -2.62210, -0.39037, -0.56764
13.12253, 0.95796, -1.17139, -2.62281, -0.38176, -0.73571
13.13929, 0.94258, -1.15966, -2.62299, -0.37133, -0.87752
13.15469, 0.92323, -1.14582, -2.62291, -0.36207, -0.93416
13.16832, 0.89924, -1.12906, -2.62274, -0.35063, -0.94370
13.18055, 0.87216, -1.11037, -2.62250, -0.33727, -0.93113
13.19301, 0.84633, -1.09308, -2.62221, -0.32656, -0.91002
13.20501, 0.81993, -1.07569, -2.62194, -0.31568, -0.88739
13.21677, 0.79342, -1.05859, -2.62171, -0.30504, -0.86656
13.22867, 0.76760, -1.04238, -2.62148, -0.29562, -0.84877
13.24130, 0.74350, -1.02795, -2.62128, -0.28877, -0.83427
13.25420, 0.71997, -1.01438, -2.62109, -0.28307, -0.82280
13.26671, 0.69570, -1.00057, -2.62088, -0.27689, -0.81394
13.27874, 0.67052, -0.98641, -2.62061, -0.27013, -0.80722
13.29058, 0.64502, -0.97237, -2.62037, -0.26340, -0.80213
13.30270, 0.61993, -0.95909, -2.62024, -0.25761, -0.79834
13.32028, 0.60923, -0.95546, -2.62014, -0.25606, -0.79558
13.35103, 0.63352, -0.97483, -2.62014, -0.26513, -0.78706
13.38644, 0.66856, -1.00274, -2.61977, -0.28598, -0.76624
13.42471, 0.71148, -1.03725, -2.61922, -0.31794, -0.73362
13.46446, 0.76175, -1.07754, -2.61786, -0.36063, -0.68933
13.50304, 0.81572, -1.12030, -2.61450, -0.41069, -0.63477
13.53318, 0.86729, -1.15818, -2.60908, -0.45832, -0.57167
13.55630, 0.92062, -1.19457, -2.60639, -0.50113, -0.50486
13.57805, 0.98512, -1.23851, -2.60964, -0.54676, -0.43526
13.59774, 1.05800, -1.28825, -2.61607, -0.59668, -0.35724
13.61320, 1.13029, -1.33702, -2.62161, -0.64675, -0.27049
13.62388, 1.19763, -1.38150, -2.62373, -0.69619, -0.17569
13.63086, 1.26245, -1.42386, -2.62408, -0.74545, -0.07541
13.63477, 1.32361, -1.46352, -2.62259, -0.79338, 0.02646
13.63654, 1.37842, -1.49892, -2.62053, -0.83563, 0.13339
13.63713, 1.42604, -1.52967, -2.61942, -0.86945, 0.24924
13.63713, 1.46546, -1.55498, -2.61839, -0.89517, 0.37398
13.63733, 1.49500, -1.57357, -2.61706, -0.91134, 0.50379
13.63840, 1.51285, -1.58393, -2.61447, -0.91693, 0.63083
13.64009, 1.52293, -1.58887, -2.61012, -0.91675, 0.75016
13.64222, 1.53189, -1.59342, -2.60759, -0.91155, 0.84262
13.64534, 1.54049, -1.59819, -2.61007, -0.89560, 0.87905
13.64984, 1.54077, -1.59717, -2.61352, -0.86774, 0.88481
13.65544, 1.53127, -1.58923, -2.61601, -0.83029, 0.87510
13.66160, 1.51662, -1.57760, -2.61812, -0.79006, 0.85380
13.66912, 1.49387, -1.55943, -2.61904, -0.74885, 0.82339
13.67767, 1.46818, -1.53846, -2.61956, -0.70957, 0.78413
13.68711, 1.44289, -1.51711, -2.61993, -0.67414, 0.73553
13.69765, 1.41697, -1.49458, -2.62024, -0.64003, 0.67768
13.70929, 1.39023, -1.47076, -2.62049, -0.60594, 0.61057
13.72192, 1.36459, -1.44707, -2.62062, -0.57335, 0.53413
13.73548, 1.33944, -1.42313, -2.62064, -0.54087, 0.44871
13.74988, 1.31435, -1.39866, -2.62054, -0.50708, 0.35424
13.76505, 1.28940, -1.37375, -2.62040, -0.47085, 0.25030
13.78062, 1.26410, -1.34790, -2.61859, -0.43373, 0.13674
13.79614, 1.23711, -1.32016, -2.61509, -0.39445, 0.01316
13.81280, 1.21538, -1.29643, -2.61448, -0.35516, -0.12093
13.83275, 1.20994, -1.28582, -2.61957, -0.32642, -0.26523
13.85275, 1.20703, -1.27713, -2.62071, -0.30686, -0.41861
13.87210, 1.20284, -1.26751, -2.61806, -0.29203, -0.57593
13.89241, 1.20200, -1.26105, -2.61727, -0.27894, -0.73570
13.91180, 1.19759, -1.25232, -2.61453, -0.26669, -0.87048
13.93118, 1.19140, -1.24351, -2.61443, -0.25373, -0.92443
13.95021, 1.18275, -1.23377, -2.61622, -0.23824, -0.93349
13.96789, 1.16926, -1.22087, -2.61746, -0.21963, -0.92138
13.98589, 1.15659, -1.20924, -2.62017, -0.20092, -0.90138
14.00263, 1.14054, -1.19525, -2.62087, -0.18197, -0.87853
14.01841, 1.12206, -1.17973, -2.62106, -0.16137, -0.85668
14.03359, 1.10241, -1.16364, -2.62104, -0.13998, -0.83948
14.04858, 1.08277, -1.14792, -2.62094, -0.11908, -0.82617
14.06360, 1.06359, -1.13296, -2.62091, -0.09910, -0.81605
14.07892, 1.04540, -1.11917, -2.62093, -0.08076, -0.80853
14.09480, 1.02866, -1.10695, -2.62092, -0.06483, -0.80290
14.11130, 1.01326, -1.09623, -2.62092, -0.05120, -0.79876
14.12874, 0.99973, -1.08747, -2.62090, -0.04065, -0.79584
14.14572, 0.98487, -1.07809, -2.62089, -0.02906, -0.79374
14.16278, 0.96984, -1.06905, -2.62093, -0.01788, -0.79223
14.17999, 0.95478, -1.06045, -2.62097, -0.00739, -0.79110
14.19700, 0.93893, -1.05168, -2.62098, 0.00337, -0.79027
14.21609, 0.92681, -1.04646, -2.62102, 0.00852, -0.78959
14.23657, 0.91686, -1.04352, -2.62098, 0.00991, -0.78909
14.25771, 0.90764, -1.04169, -2.62091, 0.00951, -0.78885
14.27951, 0.89908, -1.04092, -2.62075, 0.00726, -0.78872
14.30210, 0.89144, -1.04140, -2.62051, 0.00288, -0.78861
14.32667, 0.88710, -1.04513, -2.62025, -0.00669, -0.78853
14.35333, 0.88637, -1.05233, -2.62010, -0.02163, -0.78850
14.37901, 0.88338, -1.05804, -2.61871, -0.03625, -0.78851
14.40516, 0.88069, -1.06463, -2.61861, -0.05013, -0.78857
14.43383, 0.88273, -1.07571, -2.61989, -0.06885, -0.78857
14.46492, 0.89017, -1.09153, -2.62060, -0.09604, -0.78853
14.49820, 0.90333, -1.11225, -2.62096, -0.13157, -0.78856
14.53344, 0.92289, -1.13831, -2.62114, -0.17585, -0.78862
14.56910, 0.94635, -1.16764, -2.62119, -0.22548, -0.78761
14.60198, 0.96581, -1.19431, -2.62120, -0.27388, -0.78564
14.62650, 0.96795, -1.20967, -2.62123, -0.32349, -0.78592
14.64654, 0.95908, -1.21772, -2.62121, -0.36952, -0.78676
14.66100, 0.94451, -1.21832, -2.62124, -0.40104, -0.78736
14.66673, 0.93102, -1.21256, -2.62130, -0.41713, -0.78474
14.66648, 0.91195, -1.19958, -2.62126, -0.42050, -0.77700
14.66147, 0.88375, -1.17888, -2.62106, -0.41230, -0.76211
14.65403, 0.85220, -1.15543, -2.62086, -0.39995, -0.74299
14.64576, 0.82173, -1.13274, -2.62077, -0.38843, -0.72668
14.63654, 0.79113, -1.11006, -2.62073, -0.37674, -0.71164
14.62547, 0.75782, -1.08539, -2.62070, -0.36175, -0.69894
14.61138, 0.71941, -1.05681, -2.62072, -0.34048, -0.68479
14.59540, 0.67938, -1.02691, -2.62076, -0.31664, -0.66789
14.58328, 0.65237, -1.00484, -2.62075, -0.29299, -0.65260
14.57550, 0.63747, -0.99076, -2.62070, -0.27244, -0.64246
14.57243, 0.63231, -0.98453, -2.62058, -0.26149, -0.63419
14.57436, 0.63575, -0.98600, -2.62054, -0.26242, -0.61901
14.58129, 0.64767, -0.99518, -2.62063, -0.27544, -0.59982
14.59281, 0.66798, -1.01185, -2.62075, -0.30037, -0.57731
14.60826, 0.69665, -1.03580, -2.62084, -0.33713, -0.54671
14.62625, 0.73309, -1.06560, -2.62095, -0.38201, -0.50975
14.64627, 0.78036, -1.10085, -2.62104, -0.42943, -0.46734
14.66698, 0.83613, -1.14045, -2.62110, -0.47935, -0.41562
14.68670, 0.89667, -1.18229, -2.62112, -0.53013, -0.35288
14.70424, 0.95900, -1.22456, -2.62100, -0.58020, -0.28084
14.71923, 1.02200, -1.26673, -2.62077, -0.62920, -0.20067
14.73185, 1.08713, -1.30995, -2.62052, -0.67874, -0.11478
14.74176, 1.15245, -1.35300, -2.62027, -0.72701, -0.02578
14.74854, 1.21325, -1.39285, -2.62005, -0.77034, 0.06955
14.75270, 1.26905, -1.42925, -2.61990, -0.80852, 0.17305
14.75466, 1.32229, -1.46396, -2.61976, -0.84430, 0.28221
14.75480, 1.37182, -1.49623, -2.61958, -0.87653, 0.39800
14.75381, 1.41210, -1.52210, -2.61843, -0.90083, 0.51995
14.75240, 1.44083, -1.53973, -2.61508, -0.91635, 0.64348
14.75133, 1.45706, -1.54843, -2.60896, -0.92268, 0.76465
14.75078, 1.46502, -1.55116, -2.60098, -0.92134, 0.85561
14.75109, 1.47121, -1.55293, -2.59604, -0.91052, 0.88921
14.75255, 1.47671, -1.55505, -2.59774, -0.88792, 0.89259
14.75507, 1.47508, -1.55251, -2.60191, -0.85358, 0.88071
14.75782, 1.46503, -1.54394, -2.60353, -0.81382, 0.85661
14.76123, 1.44794, -1.53000, -2.60323, -0.77018, 0.82156
14.76677, 1.42628, -1.51154, -2.60235, -0.72617, 0.77844
14.77408, 1.40027, -1.48882, -2.60112, -0.68170, 0.72709
14.78316, 1.37483, -1.46584, -2.60290, -0.63634, 0.66721
14.79410, 1.35805, -1.44885, -2.60913, -0.59608, 0.59841
14.80606, 1.33694, -1.42779, -2.61361, -0.55479, 0.52058
14.81845, 1.31138, -1.40237, -2.61416, -0.51459, 0.43364
14.83201, 1.28857, -1.37842, -2.61560, -0.47516, 0.33724
14.84641, 1.26688, -1.35462, -2.61608, -0.43633, 0.23134
14.86019, 1.23997, -1.32584, -2.61141, -0.39598, 0.11580
14.87519, 1.21731, -1.29990, -2.60871, -0.35464, -0.00962
14.89231, 1.20403, -1.28091, -2.60740, -0.32042, -0.14540
14.91032, 1.19600, -1.26602, -2.60519, -0.29357, -0.28857
14.92988, 1.19536, -1.25713, -2.60279, -0.27631, -0.43610
14.94930, 1.19499, -1.24864, -2.59804, -0.26347, -0.58692
14.96930, 1.19590, -1.24182, -2.59546, -0.24976, -0.73535
14.98753, 1.19048, -1.23055, -2.59033, -0.23459, -0.85550
15.00563, 1.18365, -1.21924, -2.58636, -0.22074, -0.90408
15.02467, 1.17858, -1.21037, -2.58584, -0.20684, -0.91275
15.04234, 1.16919, -1.19855, -2.58355, -0.19208, -0.90266
15.05964, 1.15876, -1.18636, -2.58067, -0.17800, -0.88551
15.07618, 1.14618, -1.17288, -2.57742, -0.16252, -0.86716
15.09370, 1.13591, -1.16190, -2.57664, -0.14679, -0.85036
15.11222, 1.12805, -1.15338, -2.57704, -0.13289, -0.83607
15.13061, 1.11965, -1.14483, -2.57697, -0.11960, -0.82451
15.14952, 1.11240, -1.13760, -2.57657, -0.10887, -0.81545
15.16865, 1.10551, -1.13103, -2.57526, -0.10063, -0.80847
15.18793, 1.09849, -1.12485, -2.57423, -0.09245, -0.80299
15.20677, 1.08976, -1.11788, -2.57398, -0.08163, -0.79873
15.22614, 1.08146, -1.11196, -2.57587, -0.06887, -0.79569
15.24696, 1.07599, -1.10888, -2.57858, -0.05925, -0.79342
15.26758, 1.06958, -1.10549, -2.58075, -0.05003, -0.79178
15.28965, 1.06570, -1.10481, -2.58452, -0.04246, -0.79064
15.31221, 1.06228, -1.10504, -2.58869, -0.03568, -0.78960
15.33484, 1.05853, -1.10544, -2.59222, -0.03025, -0.78877
15.35709, 1.05341, -1.10516, -2.59499, -0.02495, -0.78832
15.37935, 1.04743, -1.10487, -2.59931, -0.01707, -0.78806
15.40285, 1.04341, -1.10685, -2.60539, -0.00994, -0.78663
15.42771, 1.04173, -1.11138, -2.61295, -0.00440, -0.78540
15.45319, 1.04119, -1.11717, -2.61944, -0.00255, -0.78638
15.47760, 1.03821, -1.12104, -2.62174, -0.00462, -0.78715
15.50177, 1.03435, -1.12453, -2.62261, -0.00848, -0.78771
15.52607, 1.03029, -1.12829, -2.62282, -0.01388, -0.78811
15.55126, 1.02799, -1.13389, -2.62267, -0.02281, -0.78841
15.57675, 1.02597, -1.14017, -2.62238, -0.03306, -0.78861
15.60280, 1.02498, -1.14776, -2.62212, -0.04533, -0.78875
15.63058, 1.02830, -1.15919, -2.62193, -0.06361, -0.78886
15.65367, 1.02121, -1.16443, -2.62179, -0.08673, -0.78900
15.67005, 0.99883, -1.16009, -2.62169, -0.11343, -0.78916
15.68336, 0.96924, -1.15119, -2.62163, -0.13876, -0.78926
15.69478, 0.93491, -1.13903, -2.62160, -0.15903, -0.78926
15.70503, 0.89806, -1.12532, -2.62156, -0.17699, -0.78921
15.71423, 0.85920, -1.11043, -2.62143, -0.19337, -0.78919
15.72240, 0.81859, -1.09454, -2.62128, -0.20831, -0.78919
15.72911, 0.77537, -1.07692, -2.62110, -0.22068, -0.78919
15.73393, 0.72915, -1.05710, -2.61987, -0.23139, -0.78921
15.73677, 0.68811, -1.03848, -2.61819, -0.24132, -0.78920
15.73939, 0.67209, -1.03065, -2.61824, -0.24499, -0.78913
15.74316, 0.67170, -1.03064, -2.61899, -0.24918, -0.78358
15.74997, 0.68411, -1.03862, -2.61967, -0.26375, -0.76777
15.76002, 0.70710, -1.05376, -2.62017, -0.28808, -0.74227
15.77353, 0.74050, -1.07622, -2.62054, -0.32229, -0.70793
15.79072, 0.78571, -1.10699, -2.62075, -0.36751, -0.66403
15.81038, 0.84177, -1.14522, -2.62085, -0.42219, -0.61004
15.82961, 0.90285, -1.18658, -2.62082, -0.48030, -0.54696
15.84666, 0.96456, -1.22803, -2.62069, -0.53782, -0.47391
15.86134, 1.02666, -1.26945, -2.62057, -0.59455, -0.39308
15.87380, 1.09075, -1.31195, -2.62041, -0.65193, -0.30863
15.88363, 1.15488, -1.35425, -2.62019, -0.70826, -0.21810
15.89043, 1.21398, -1.39299, -2.61995, -0.75921, -0.12003
15.89474, 1.26882, -1.42879, -2.61976, -0.80553, -0.01992
15.89700, 1.31980, -1.46200, -2.61960, -0.84782, 0.08148
15.89784, 1.36313, -1.49001, -2.61943, -0.88231, 0.18675
15.89810, 1.39724, -1.51174, -2.61928, -0.90711, 0.29130
15.89832, 1.42282, -1.52770, -2.61910, -0.92315, 0.39556
15.89875, 1.43796, -1.53632, -2.61683, -0.93146, 0.49973
15.89922, 1.44992, -1.54303, -2.61392, -0.93786, 0.60346
15.90005, 1.46073, -1.54956, -2.61329, -0.94026, 0.70591
15.90179, 1.46590, -1.55260, -2.61504, -0.93305, 0.79861
15.90447, 1.46870, -1.55439, -2.62014, -0.91624, 0.84892
