-0.00060, 1.24945, -0.02669, -0.02976, -0.01034, 0.02412, -0.03098, 0.00288, -0.04630
-0.00909, 1.24839, -0.09126, -0.07753, -0.06384, 0.12217, -0.10106, 0.00397, -0.15331
-0.02047, 1.24525, -0.15184, -0.07690, -0.20396, 0.31960, -0.16273, 0.00627, -0.27801
-0.03371, 1.24051, -0.19971, -0.02347, -0.41903, 0.51366, -0.20901, 0.00941, -0.32783
-0.04861, 1.23357, -0.24972, 0.04417, -0.66992, 0.62125, -0.25863, 0.01301, -0.32526
-0.06591, 1.22262, -0.33046, 0.07241, -0.91555, 0.69489, -0.34500, 0.01700, -0.28397
-0.08426, 1.20750, -0.42900, 0.07709, -1.15722, 0.74297, -0.45262, 0.02081, -0.21858
-0.10340, 1.18870, -0.54269, 0.06192, -1.39438, 0.72265, -0.57665, 0.02420, -0.14506
-0.12326, 1.16555, -0.67886, 0.01533, -1.61715, 0.65942, -0.72400, 0.02637, -0.07135
-0.14123, 1.14216, -0.80621, -0.02744, -1.82226, 0.60011, -0.85071, 0.00929, 0.00950
-0.15528, 1.12364, -0.90272, -0.04577, -2.00826, 0.59482, -0.94110, -0.01088, 0.07449
-0.16527, 1.11137, -0.96297, -0.03579, -2.17989, 0.66269, -1.00127, -0.01262, 0.10773
-0.17181, 1.10661, -0.98207, 0.00909, -2.34025, 0.79407, -1.02776, 0.00754, 0.10174
-0.17802, 1.10413, -1.00275, 0.03971, -2.48667, 0.90181, -1.05350, 0.02546, 0.07515
-0.18451, 1.10272, -1.03057, 0.05145, -2.62408, 0.94161, -1.08034, 0.03243, 0.04541
-0.19042, 1.10622, -1.05325, 0.05362, -2.71851, 0.94807, -1.09787, 0.03264, 0.02603
-0.19516, 1.11550, -1.06787, 0.05067, -2.75830, 0.93893, -1.10521, 0.02954, 0.02377
-0.19907, 1.12783, -1.07646, 0.04407, -2.76563, 0.92312, -1.10017, 0.01365, 0.06895
-0.20216, 1.14141, -1.07747, 0.03776, -2.75620, 0.90552, -1.08154, -0.01303, 0.19769
-0.20391, 1.15581, -1.07089, 0.03225, -2.73830, 0.87646, -1.06000, -0.02425, 0.38387
-0.20397, 1.17154, -1.05626, 0.02679, -2.71482, 0.84544, -1.04373, 0.00099, 0.56984
-0.20322, 1.18860, -1.03404, 0.02139, -2.68381, 0.82866, -1.01742, 0.03101, 0.76937
-0.20217, 1.20754, -1.00837, 0.01090, -2.64031, 0.81846, -0.97747, 0.04273, 0.93352
-0.20016, 1.22891, -0.97787, -0.00369, -2.58283, 0.81286, -0.93172, 0.04487, 0.99222
-0.19691, 1.25162, -0.94242, -0.02095, -2.51460, 0.81114, -0.88083, 0.04211, 0.99623
-0.19245, 1.27467, -0.90754, -0.04773, -2.43485, 0.80975, -0.82911, 0.03285, 0.97555
-0.18665, 1.29735, -0.87987, -0.09356, -2.33914, 0.80890, -0.78579, 0.02175, 0.94696
-0.17924, 1.31935, -0.86124, -0.16108, -2.22485, 0.81006, -0.75510, 0.01356, 0.91808
-0.17004, 1.34093, -0.85106, -0.24979, -2.08810, 0.81151, -0.73721, 0.00760, 0.86881
-0.15896, 1.36178, -0.84615, -0.35464, -1.92939, 0.81236, -0.72775, 0.00450, 0.81829
-0.14589, 1.38149, -0.84456, -0.47393, -1.74620, 0.81217, -0.72301, 0.00327, 0.79426
-0.13057, 1.40013, -0.84665, -0.61181, -1.52852, 0.80102, -0.72385, 0.00287, 0.78531
-0.11290, 1.41708, -0.85396, -0.77752, -1.25933, 0.78528, -0.72972, -0.00239, 0.79582
-0.09217, 1.43097, -0.87103, -0.99236, -0.90474, 0.76102, -0.75766, 0.00879, 0.78028
-0.06970, 1.44063, -0.87630, -1.24347, -0.44613, 0.62113, -0.76978, 0.01744, 0.78932
-0.04984, 1.44548, -0.83027, -1.48515, 0.10223, 0.21393, -0.70984, 0.01740, 0.82638
-0.04161, 1.45180, -0.73531, -1.55998, 0.42818, -0.33522, -0.55252, -0.03465, 0.84259
-0.03985, 1.45960, -0.65431, -1.52890, 0.53521, -0.85201, -0.37888, -0.14417, 0.84654
-0.04074, 1.46387, -0.58227, -1.45437, 0.52803, -1.14311, -0.18187, -0.32179, 0.84491
-0.04068, 1.46147, -0.51232, -1.37203, 0.46981, -1.23517, 0.03670, -0.54861, 0.84063
-0.04660, 1.44776, -0.51983, -1.37418, 0.39444, -1.22988, 0.16143, -0.75633, 0.83562
-0.05931, 1.42638, -0.59765, -1.43814, 0.28713, -1.18120, 0.19970, -0.94580, 0.76404
-0.07619, 1.40274, -0.70309, -1.48708, 0.08742, -1.03181, 0.19679, -1.10353, 0.59744
-0.09830, 1.37648, -0.81658, -1.49756, -0.20604, -0.79900, 0.17820, -1.21745, 0.37035
-0.12644, 1.34408, -0.93618, -1.49163, -0.53961, -0.57531, 0.15550, -1.29754, 0.09743
-0.15806, 1.30510, -1.05729, -1.48787, -0.86873, -0.40368, 0.13319, -1.34819, -0.20080
-0.19041, 1.26225, -1.17190, -1.48553, -1.17810, -0.31433, 0.11314, -1.36727, -0.50875
-0.22214, 1.21820, -1.27473, -1.48024, -1.46346, -0.31584, 0.09602, -1.35383, -0.83734
-0.25019, 1.17467, -1.36118, -1.47793, -1.71084, -0.38633, 0.07987, -1.33093, -1.03295
-0.27450, 1.13234, -1.43457, -1.48255, -1.92104, -0.50540, 0.06590, -1.31335, -1.08615
-0.29647, 1.09281, -1.49418, -1.48646, -2.09809, -0.68450, 0.05466, -1.29247, -1.05388
-0.31732, 1.05548, -1.54208, -1.49286, -2.25466, -0.86391, 0.04594, -1.26434, -0.97162
-0.33695, 1.02018, -1.57891, -1.51202, -2.40577, -0.94024, 0.03910, -1.22956, -0.83437
-0.35551, 0.98964, -1.59781, -1.53785, -2.55200, -0.91384, 0.03351, -1.17529, -0.63689
-0.37006, 0.96317, -1.60318, -1.58560, -2.67779, -0.83315, 0.02832, -1.11037, -0.36249
-0.37425, 0.93952, -1.60200, -1.67787, -2.74058, -0.76700, 0.02446, -1.04928, 0.00031
-0.37143, 0.91660, -1.59690, -1.80219, -2.76153, -0.65691, 0.02330, -0.97419, 0.40543
-0.36465, 0.88947, -1.60069, -1.95877, -2.75630, -0.52370, 0.02403, -0.88794, 0.84959
-0.35808, 0.85456, -1.62746, -2.15642, -2.73820, -0.34485, 0.02542, -0.82908, 1.11383
-0.35240, 0.81360, -1.66465, -2.38522, -2.70771, -0.08591, 0.02628, -0.79091, 1.19564
-0.34794, 0.76686, -1.70407, -2.62957, -2.65358, 0.18693, 0.02664, -0.74954, 1.18936
-0.34857, 0.72826, -1.71116, -2.79823, -2.59243, 0.39533, 0.03040, -0.65660, 1.14399
-0.35293, 0.70434, -1.67710, -2.86354, -2.54005, 0.52829, 0.03604, -0.50552, 1.08603
-0.35653, 0.68799, -1.62357, -2.87318, -2.48919, 0.60703, 0.04057, -0.32851, 1.02963
-0.35715, 0.67459, -1.56452, -2.85567, -2.43374, 0.64629, 0.04376, -0.14943, 0.98054
-0.35438, 0.66208, -1.50506, -2.82708, -2.36927, 0.67881, 0.04535, 0.02619, 0.94016
-0.34978, 0.64814, -1.46608, -2.79886, -2.30571, 0.67279, 0.04941, 0.12989, 0.90848
-0.34519, 0.63351, -1.44716, -2.77443, -2.24455, 0.66785, 0.05418, 0.16439, 0.88472
-0.34061, 0.61953, -1.43804, -2.75349, -2.17835, 0.72182, 0.05720, 0.16396, 0.86714
-0.33564, 0.60621, -1.43307, -2.73536, -2.10064, 0.82977, 0.05790, 0.14875, 0.85407
-0.32986, 0.59241, -1.43110, -2.71873, -2.01430, 0.89933, 0.05610, 0.12814, 0.84452
-0.32305, 0.57821, -1.42952, -2.70442, -1.91974, 0.91974, 0.05309, 0.10715, 0.83770
-0.31508, 0.56408, -1.42599, -2.69298, -1.81449, 0.90459, 0.04994, 0.08847, 0.83280
-0.30604, 0.55058, -1.41895, -2.68460, -1.69615, 0.87468, 0.04738, 0.07278, 0.82881
-0.29605, 0.53836, -1.40716, -2.67913, -1.56144, 0.84938, 0.04580, 0.06018, 0.82576
-0.28512, 0.52790, -1.38984, -2.67612, -1.40868, 0.82349, 0.04524, 0.05080, 0.82371
-0.27326, 0.51950, -1.36689, -2.67492, -1.23913, 0.76542, 0.04550, 0.04388, 0.82222
-0.26042, 0.51323, -1.33874, -2.67469, -1.05725, 0.62552, 0.04613, 0.03875, 0.82078
-0.24688, 0.50934, -1.30517, -2.67561, -0.86054, 0.40708, 0.04748, 0.03384, 0.81950
-0.23269, 0.50807, -1.26635, -2.67751, -0.64420, 0.08660, 0.04952, 0.02705, 0.81856
-0.21768, 0.50966, -1.22135, -2.67991, -0.39458, -0.41046, 0.05178, 0.02125, 0.81780
-0.20467, 0.51404, -1.16933, -2.68334, -0.09458, -1.08971, 0.05538, 0.01685, 0.81647
-0.19971, 0.51594, -1.12807, -2.67546, 0.12298, -1.43007, 0.05726, -0.00849, 0.81481
-0.19799, 0.51578, -1.10318, -2.63653, 0.21131, -1.51174, 0.05047, -0.03196, 0.81371
-0.19924, 0.51448, -1.08814, -2.58097, 0.23052, -1.47048, 0.04011, -0.01335, 0.81404
-0.20395, 0.50949, -1.09046, -2.53070, 0.21706, -1.37992, 0.03289, -0.00266, 0.81591
-0.21165, 0.50005, -1.11223, -2.49833, 0.18649, -1.27885, 0.02762, -0.01580, 0.81803
-0.21996, 0.48731, -1.15170, -2.50337, 0.14398, -1.18729, 0.02328, -0.05821, 0.81896
-0.22695, 0.47494, -1.19514, -2.52217, 0.08653, -1.09078, 0.01292, -0.09575, 0.80627
-0.23165, 0.46661, -1.22320, -2.53369, 0.02918, -0.99999, 0.00349, -0.10362, 0.78998
-0.23495, 0.45864, -1.24973, -2.56168, 0.00114, -0.93779, 0.00099, -0.12412, 0.78554
-0.23774, 0.44790, -1.28404, -2.61669, 0.00497, -0.89561, 0.00183, -0.16687, 0.78818
-0.23991, 0.44003, -1.30539, -2.66101, 0.01403, -0.85853, 0.00458, -0.18561, 0.79162
-0.24118, 0.43723, -1.31115, -2.68204, 0.01668, -0.82929, 0.01031, -0.18566, 0.79540
-0.24135, 0.43750, -1.30978, -2.69024, 0.01682, -0.81385, 0.01646, -0.18076, 0.79944
-0.24091, 0.43950, -1.30499, -2.69123, 0.01597, -0.80677, 0.02205, -0.17468, 0.80258
-0.24021, 0.44243, -1.29965, -2.68860, 0.01484, -0.80447, 0.02649, -0.17205, 0.80516
-0.23944, 0.44572, -1.29495, -2.68449, 0.01366, -0.80524, 0.02992, -0.17449, 0.80755
-0.23874, 0.44911, -1.29102, -2.67982, 0.01258, -0.80736, 0.03245, -0.18172, 0.80976
-0.23816, 0.45236, -1.28818, -2.67550, 0.01165, -0.80998, 0.03444, -0.19472, 0.81156
-0.23767, 0.45548, -1.28510, -2.67095, 0.01131, -0.81262, 0.03489, -0.20632, 0.81306
-0.23729, 0.45816, -1.28271, -2.66708, 0.01098, -0.81473, 0.03494, -0.22101, 0.81448
-0.23696, 0.46028, -1.28209, -2.66462, 0.01024, -0.81682, 0.03565, -0.23942, 0.81617
-0.23658, 0.46178, -1.28192, -2.66302, 0.00954, -0.81820, 0.03654, -0.25018, 0.81626
-0.23623, 0.46282, -1.28296, -2.66257, 0.00869, -0.81958, 0.03761, -0.25895, 0.81586
-0.23594, 0.46366, -1.28469, -2.66263, 0.00786, -0.82136, 0.03872, -0.26679, 0.81648
-0.23567, 0.46433, -1.28706, -2.66321, 0.00695, -0.82332, 0.04034, -0.27564, 0.81713
-0.23539, 0.46490, -1.28984, -2.66414, 0.00595, -0.82513, 0.04212, -0.28513, 0.81783
-0.23511, 0.46537, -1.29302, -2.66532, 0.00451, -0.82625, 0.04395, -0.29540, 0.81878
-0.23478, 0.46549, -1.29820, -2.66604, -0.00158, -0.82591, 0.04533, -0.30877, 0.81932
-0.23439, 0.46535, -1.30445, -2.66636, -0.01050, -0.82456, 0.04615, -0.32313, 0.81955
-0.23394, 0.46517, -1.31040, -2.66712, -0.01814, -0.82369, 0.04708, -0.33734, 0.82011
-0.23348, 0.46516, -1.31513, -2.66784, -0.02360, -0.82346, 0.04767, -0.34873, 0.82064
-0.23308, 0.46551, -1.31764, -2.66821, -0.02566, -0.82417, 0.04784, -0.35527, 0.82081
-0.23269, 0.46603, -1.31910, -2.66857, -0.02573, -0.82572, 0.04817, -0.36034, 0.82050
-0.23230, 0.46667, -1.31992, -2.66900, -0.02456, -0.82757, 0.04866, -0.36468, 0.82011
-0.23205, 0.46761, -1.31950, -2.66921, -0.02159, -0.82916, 0.04852, -0.36559, 0.81965
-0.23196, 0.46878, -1.31787, -2.66933, -0.01685, -0.83012, 0.04826, -0.36394, 0.81938
-0.23191, 0.46991, -1.31617, -2.66969, -0.01186, -0.83050, 0.04858, -0.36324, 0.81954
-0.23185, 0.47102, -1.31470, -2.67019, -0.00703, -0.83097, 0.04924, -0.36368, 0.82001
-0.23178, 0.47215, -1.31358, -2.67061, -0.00273, -0.83177, 0.04982, -0.36479, 0.82069
-0.23178, 0.47344, -1.31195, -2.67063, 0.00188, -0.83247, 0.04986, -0.36391, 0.82119
-0.23201, 0.47494, -1.30954, -2.66920, 0.00513, -0.83185, 0.04834, -0.35833, 0.82084
-0.23233, 0.47623, -1.30757, -2.66748, 0.00684, -0.83060, 0.04679, -0.35322, 0.81987
-0.23251, 0.47712, -1.30680, -2.66638, 0.00739, -0.82968, 0.04619, -0.35207, 0.81908
-0.23261, 0.47780, -1.30658, -2.66552, 0.00735, -0.82921, 0.04581, -0.35220, 0.81817
-0.23262, 0.47823, -1.30699, -2.66510, 0.00683, -0.82886, 0.04572, -0.35400, 0.81782
-0.23253, 0.47846, -1.30823, -2.66520, 0.00575, -0.82888, 0.04597, -0.35805, 0.81838
-0.23235, 0.47839, -1.31086, -2.66471, 0.00097, -0.82814, 0.04565, -0.36368, 0.81914
-0.23210, 0.47808, -1.31401, -2.66430, -0.00476, -0.82732, 0.04531, -0.37002, 0.81919
-0.23206, 0.47841, -1.31398, -2.66396, -0.00445, -0.82749, 0.04457, -0.36910, 0.81818
-0.23225, 0.47926, -1.31151, -2.66403, 0.00106, -0.82827, 0.04423, -0.36424, 0.81764
-0.23233, 0.47980, -1.31050, -2.66469, 0.00473, -0.82867, 0.04477, -0.36424, 0.81816
-0.23233, 0.48015, -1.31053, -2.66525, 0.00629, -0.82866, 0.04532, -0.36637, 0.81895
-0.23223, 0.47996, -1.31322, -2.66511, 0.00128, -0.82642, 0.04544, -0.37275, 0.81991
-0.23198, 0.47939, -1.31746, -2.66505, -0.00636, -0.82422, 0.04545, -0.38174, 0.82059
-0.23166, 0.47903, -1.32039, -2.66530, -0.01070, -0.82386, 0.04551, -0.38836, 0.82091
-0.23125, 0.47875, -1.32300, -2.66546, -0.01435, -0.82443, 0.04572, -0.39490, 0.82133
-0.23073, 0.47846, -1.32583, -2.66600, -0.01754, -0.82566, 0.04637, -0.40284, 0.82168
-0.23019, 0.47829, -1.32819, -2.66682, -0.01931, -0.82729, 0.04701, -0.40993, 0.82178
-0.22969, 0.47816, -1.33046, -2.66758, -0.02139, -0.82768, 0.04739, -0.41641, 0.82177
-0.22915, 0.47793, -1.33336, -2.66838, -0.02464, -0.82765, 0.04796, -0.42444, 0.82194
-0.22858, 0.47780, -1.33593, -2.66911, -0.02720, -0.82830, 0.04849, -0.43185, 0.82199
-0.22817, 0.47807, -1.33685, -2.66947, -0.02729, -0.82905, 0.04854, -0.43520, 0.82145
-0.22793, 0.47858, -1.33669, -2.66967, -0.02600, -0.82879, 0.04862, -0.43648, 0.82066
-0.22770, 0.47911, -1.33656, -2.66993, -0.02461, -0.82861, 0.04905, -0.43854, 0.82029
-0.22743, 0.47961, -1.33682, -2.67018, -0.02382, -0.82863, 0.04965, -0.44181, 0.82045
-0.22750, 0.48078, -1.33475, -2.66976, -0.01960, -0.82872, 0.04934, -0.43872, 0.82014
-0.22809, 0.48283, -1.32928, -2.66904, -0.00962, -0.82849, 0.04847, -0.42804, 0.81959
-0.22878, 0.48472, -1.32431, -2.66854, -0.00063, -0.82693, 0.04804, -0.41911, 0.81875
-0.22931, 0.48613, -1.32158, -2.66817, 0.00448, -0.82529, 0.04795, -0.41510, 0.81773
-0.22963, 0.48715, -1.32081, -2.66800, 0.00677, -0.82469, 0.04798, -0.41523, 0.81768
-0.22977, 0.48787, -1.32136, -2.66812, 0.00724, -0.82415, 0.04813, -0.41821, 0.81850
-0.22978, 0.48844, -1.32248, -2.66828, 0.00682, -0.82400, 0.04832, -0.42236, 0.81947
-0.22971, 0.48902, -1.32341, -2.66809, 0.00625, -0.82438, 0.04806, -0.42533, 0.81964
-0.22962, 0.48949, -1.32429, -2.66802, 0.00560, -0.82409, 0.04790, -0.42826, 0.81949
-0.22946, 0.48987, -1.32529, -2.66813, 0.00498, -0.82405, 0.04796, -0.43184, 0.81923
-0.22917, 0.49010, -1.32698, -2.66803, 0.00299, -0.82477, 0.04782, -0.43642, 0.81843
-0.22877, 0.49018, -1.32930, -2.66786, -0.00021, -0.82577, 0.04761, -0.44210, 0.81798
-0.22827, 0.49018, -1.33163, -2.66807, -0.00281, -0.82712, 0.04786, -0.44872, 0.81827
-0.22774, 0.49020, -1.33365, -2.66850, -0.00464, -0.82829, 0.04842, -0.45535, 0.81889
-0.22731, 0.49041, -1.33461, -2.66885, -0.00496, -0.82876, 0.04887, -0.45965, 0.81942
-0.22704, 0.49089, -1.33440, -2.66910, -0.00342, -0.82899, 0.04906, -0.46121, 0.81971
-0.22685, 0.49152, -1.33385, -2.66930, -0.00116, -0.82945, 0.04900, -0.46173, 0.82000
-0.22666, 0.49213, -1.33367, -2.66962, 0.00071, -0.82988, 0.04904, -0.46323, 0.82056
-0.22644, 0.49266, -1.33395, -2.66991, 0.00157, -0.82970, 0.04938, -0.46618, 0.82127
-0.22624, 0.49326, -1.33425, -2.66981, 0.00185, -0.82951, 0.04930, -0.46837, 0.82153
-0.22607, 0.49388, -1.33451, -2.66956, 0.00195, -0.82923, 0.04896, -0.46997, 0.82158
-0.22598, 0.49452, -1.33446, -2.66908, 0.00200, -0.82834, 0.04848, -0.47050, 0.82112
-0.22590, 0.49509, -1.33456, -2.66871, 0.00210, -0.82789, 0.04810, -0.47139, 0.82059
-0.22576, 0.49560, -1.33492, -2.66851, 0.00223, -0.82825, 0.04783, -0.47303, 0.82047
-0.22559, 0.49609, -1.33534, -2.66828, 0.00230, -0.82895, 0.04758, -0.47483, 0.82036
-0.22551, 0.49664, -1.33541, -2.66784, 0.00240, -0.82883, 0.04700, -0.47521, 0.81974
-0.22549, 0.49716, -1.33533, -2.66740, 0.00262, -0.82836, 0.04661, -0.47549, 0.81911
-0.22536, 0.49747, -1.33599, -2.66753, 0.00245, -0.82820, 0.04676, -0.47823, 0.81884
-0.22514, 0.49764, -1.33760, -2.66806, 0.00146, -0.82839, 0.04672, -0.48259, 0.81906
-0.22488, 0.49788, -1.33895, -2.66831, 0.00050, -0.82880, 0.04653, -0.48614, 0.81758
-0.22458, 0.49805, -1.34028, -2.66828, -0.00116, -0.82879, 0.04658, -0.49002, 0.81599
-0.22429, 0.49831, -1.34137, -2.66811, -0.00251, -0.82895, 0.04653, -0.49342, 0.81606
-0.22414, 0.49890, -1.34124, -2.66782, -0.00161, -0.82954, 0.04619, -0.49406, 0.81676
-0.22420, 0.49973, -1.33996, -2.66759, 0.00121, -0.82927, 0.04580, -0.49233, 0.81753
-0.22433, 0.50056, -1.33864, -2.66709, 0.00348, -0.82860, 0.04546, -0.49053, 0.81836
-0.22445, 0.50136, -1.33761, -2.66616, 0.00463, -0.82829, 0.04485, -0.48875, 0.81915
-0.22456, 0.50203, -1.33699, -2.66531, 0.00516, -0.82803, 0.04426, -0.48768, 0.81972
-0.22459, 0.50247, -1.33688, -2.66492, 0.00531, -0.82760, 0.04418, -0.48834, 0.82023
-0.22459, 0.50276, -1.33697, -2.66470, 0.00515, -0.82680, 0.04439, -0.48976, 0.82082
-0.22439, 0.50270, -1.33887, -2.66412, 0.00116, -0.82602, 0.04454, -0.49461, 0.82125
-0.22395, 0.50229, -1.34217, -2.66395, -0.00450, -0.82587, 0.04489, -0.50249, 0.82159
-0.22351, 0.50197, -1.34460, -2.66463, -0.00724, -0.82599, 0.04538, -0.50890, 0.82172
-0.22311, 0.50169, -1.34647, -2.66573, -0.00854, -0.82558, 0.04607, -0.51453, 0.82119
-0.22274, 0.50150, -1.34781, -2.66679, -0.00909, -0.82490, 0.04687, -0.51938, 0.82056
-0.22235, 0.50142, -1.34886, -2.66775, -0.00908, -0.82490, 0.04772, -0.52395, 0.82044
-0.22193, 0.50121, -1.35077, -2.66860, -0.01101, -0.82390, 0.04844, -0.52997, 0.82073
-0.22146, 0.50090, -1.35333, -2.66912, -0.01462, -0.82268, 0.04886, -0.53677, 0.82110
-0.22091, 0.50068, -1.35581, -2.66951, -0.01785, -0.82276, 0.04925, -0.54354, 0.82118
-0.22033, 0.50061, -1.35774, -2.66995, -0.01963, -0.82398, 0.04962, -0.54936, 0.82092
-0.21975, 0.50072, -1.35916, -2.67030, -0.02040, -0.82583, 0.04977, -0.55393, 0.82014
-0.21924, 0.50095, -1.36017, -2.67056, -0.02073, -0.82708, 0.04972, -0.55744, 0.81954
-0.21876, 0.50124, -1.36101, -2.67089, -0.02068, -0.82801, 0.04981, -0.56092, 0.81958
-0.21824, 0.50156, -1.36200, -2.67126, -0.02072, -0.82924, 0.05003, -0.56507, 0.81983
-0.21782, 0.50206, -1.36266, -2.67143, -0.02036, -0.83029, 0.04976, -0.56781, 0.82008
-0.21754, 0.50280, -1.36249, -2.67148, -0.01862, -0.83122, 0.04922, -0.56840, 0.81956
-0.21730, 0.50360, -1.36205, -2.67129, -0.01696, -0.83180, 0.04892, -0.56889, 0.81870
-0.21710, 0.50441, -1.36150, -2.67102, -0.01530, -0.83207, 0.04879, -0.56941, 0.81847
-0.21705, 0.50543, -1.36005, -2.67080, -0.01192, -0.83223, 0.04878, -0.56843, 0.81876
-0.21713, 0.50667, -1.35783, -2.67059, -0.00707, -0.83236, 0.04885, -0.56613, 0.81910
-0.21730, 0.50805, -1.35517, -2.67047, -0.00112, -0.83267, 0.04899, -0.56313, 0.81947
-0.21752, 0.50938, -1.35279, -2.67033, 0.00413, -0.83248, 0.04916, -0.56066, 0.81980
-0.21764, 0.51039, -1.35206, -2.66967, 0.00541, -0.83154, 0.04900, -0.56065, 0.82026
-0.21762, 0.51113, -1.35247, -2.66898, 0.00467, -0.83093, 0.04877, -0.56264, 0.82083
-0.21753, 0.51168, -1.35322, -2.66864, 0.00385, -0.83049, 0.04875, -0.56554, 0.82119
-0.21735, 0.51210, -1.35416, -2.66857, 0.00308, -0.83035, 0.04893, -0.56912, 0.82157
-0.21722, 0.51259, -1.35467, -2.66826, 0.00271, -0.83026, 0.04874, -0.57115, 0.82195
-0.21710, 0.51306, -1.35509, -2.66802, 0.00254, -0.83014, 0.04846, -0.57283, 0.82202
-0.21691, 0.51341, -1.35576, -2.66806, 0.00240, -0.83043, 0.04844, -0.57544, 0.82198
-0.21675, 0.51379, -1.35610, -2.66789, 0.00240, -0.83053, 0.04818, -0.57695, 0.82195
-0.21664, 0.51418, -1.35629, -2.66764, 0.00242, -0.83046, 0.04776, -0.57783, 0.82199
-0.21638, 0.51415, -1.35822, -2.66702, -0.00162, -0.82954, 0.04726, -0.58179, 0.82227
-0.21595, 0.51374, -1.36132, -2.66650, -0.00775, -0.82859, 0.04694, -0.58809, 0.82250
-0.21547, 0.51330, -1.36387, -2.66666, -0.01186, -0.82800, 0.04719, -0.59430, 0.82251
-0.21499, 0.51288, -1.36605, -2.66701, -0.01509, -0.82733, 0.04752, -0.59993, 0.82256
-0.21453, 0.51258, -1.36763, -2.66754, -0.01685, -0.82723, 0.04789, -0.60453, 0.82242
-0.21419, 0.51260, -1.36839, -2.66766, -0.01742, -0.82763, 0.04770, -0.60673, 0.82208
-0.21395, 0.51279, -1.36880, -2.66777, -0.01734, -0.82791, 0.04745, -0.60823, 0.82184
-0.21369, 0.51296, -1.36932, -2.66834, -0.01665, -0.82824, 0.04740, -0.61040, 0.82186
-0.21358, 0.51346, -1.36899, -2.66870, -0.01455, -0.82864, 0.04698, -0.61038, 0.82171
-0.21365, 0.51421, -1.36768, -2.66894, -0.01097, -0.82849, 0.04679, -0.60883, 0.82154
-0.21374, 0.51502, -1.36610, -2.66923, -0.00697, -0.82808, 0.04706, -0.60758, 0.82125
-0.21386, 0.51579, -1.36484, -2.66951, -0.00381, -0.82668, 0.04724, -0.60673, 0.82054
-0.21397, 0.51656, -1.36369, -2.66989, -0.00053, -0.82571, 0.04751, -0.60624, 0.81923
-0.21399, 0.51738, -1.36280, -2.67012, 0.00255, -0.82607, 0.04767, -0.60625, 0.81832
-0.21393, 0.51812, -1.36295, -2.67019, 0.00386, -0.82695, 0.04707, -0.60713, 0.81795
-0.21375, 0.51876, -1.36358, -2.67019, 0.00417, -0.82780, 0.04677, -0.60954, 0.81803
-0.21347, 0.51926, -1.36434, -2.67017, 0.00392, -0.82836, 0.04712, -0.61333, 0.81846
-0.21314, 0.51968, -1.36520, -2.67024, 0.00342, -0.82846, 0.04762, -0.61754, 0.81901
-0.21276, 0.52005, -1.36606, -2.67034, 0.00292, -0.82862, 0.04821, -0.62194, 0.81981
-0.21237, 0.52039, -1.36687, -2.67049, 0.00247, -0.82861, 0.04886, -0.62629, 0.81999
-0.21205, 0.52066, -1.36762, -2.67069, 0.00167, -0.82698, 0.04932, -0.63000, 0.81995
-0.21176, 0.52096, -1.36836, -2.67087, 0.00102, -0.82562, 0.04940, -0.63308, 0.82029
-0.21141, 0.52128, -1.36919, -2.67107, 0.00080, -0.82589, 0.04937, -0.63630, 0.82032
-0.21098, 0.52160, -1.37003, -2.67127, 0.00072, -0.82687, 0.04961, -0.64016, 0.82040
-0.21059, 0.52208, -1.37053, -2.67108, 0.00082, -0.82811, 0.04947, -0.64277, 0.82081
-0.21054, 0.52292, -1.36997, -2.66998, 0.00126, -0.82813, 0.04827, -0.64129, 0.82074
-0.21068, 0.52386, -1.36892, -2.66842, 0.00165, -0.82752, 0.04692, -0.63843, 0.82064
-0.21072, 0.52455, -1.36833, -2.66732, 0.00191, -0.82756, 0.04624, -0.63752, 0.82091
-0.21064, 0.52503, -1.36861, -2.66703, 0.00211, -0.82818, 0.04567, -0.63846, 0.82104
-0.21045, 0.52530, -1.36951, -2.66720, 0.00180, -0.82863, 0.04541, -0.64106, 0.82105
-0.21016, 0.52544, -1.37054, -2.66733, 0.00092, -0.82893, 0.04563, -0.64459, 0.81991
-0.20978, 0.52550, -1.37158, -2.66752, -0.00001, -0.82928, 0.04623, -0.64880, 0.81882
-0.20936, 0.52552, -1.37258, -2.66795, -0.00065, -0.82941, 0.04703, -0.65335, 0.81882
-0.20892, 0.52565, -1.37348, -2.66800, -0.00159, -0.82971, 0.04761, -0.65756, 0.81928
-0.20845, 0.52584, -1.37444, -2.66802, -0.00253, -0.83017, 0.04790, -0.66155, 0.82000
-0.20798, 0.52602, -1.37550, -2.66850, -0.00281, -0.83086, 0.04807, -0.66559, 0.82077
-0.20752, 0.52615, -1.37656, -2.66910, -0.00323, -0.83067, 0.04839, -0.66970, 0.82042
-0.20716, 0.52636, -1.37719, -2.66945, -0.00346, -0.82984, 0.04848, -0.67241, 0.81936
-0.20685, 0.52668, -1.37750, -2.66963, -0.00315, -0.82961, 0.04852, -0.67453, 0.81902
-0.20647, 0.52682, -1.37852, -2.66967, -0.00449, -0.82904, 0.04865, -0.67815, 0.81934
-0.20598, 0.52679, -1.38018, -2.66963, -0.00710, -0.82870, 0.04890, -0.68321, 0.81987
-0.20542, 0.52667, -1.38201, -2.66972, -0.00980, -0.82847, 0.04930, -0.68884, 0.82050
-0.20486, 0.52648, -1.38423, -2.66982, -0.01328, -0.82781, 0.04926, -0.69438, 0.82101
-0.20426, 0.52635, -1.38636, -2.66948, -0.01706, -0.82774, 0.04903, -0.69956, 0.82147
-0.20367, 0.52636, -1.38791, -2.66913, -0.01964, -0.82826, 0.04882, -0.70377, 0.82194
-0.20317, 0.52650, -1.38886, -2.66905, -0.02065, -0.82896, 0.04851, -0.70665, 0.82228
-0.20269, 0.52663, -1.38986, -2.66906, -0.02159, -0.82972, 0.04821, -0.70957, 0.82252
-0.20216, 0.52662, -1.39122, -2.66925, -0.02312, -0.83004, 0.04819, -0.71364, 0.82276
-0.20160, 0.52656, -1.39278, -2.66942, -0.02513, -0.83010, 0.04820, -0.71808, 0.82296
-0.20114, 0.52652, -1.39406, -2.66954, -0.02707, -0.82901, 0.04812, -0.72167, 0.82304
-0.20075, 0.52654, -1.39517, -2.66970, -0.02861, -0.82778, 0.04780, -0.72446, 0.82305
-0.20040, 0.52669, -1.39584, -2.66944, -0.02997, -0.82669, 0.04767, -0.72684, 0.82308
-0.20015, 0.52704, -1.39565, -2.66914, -0.02975, -0.82581, 0.04783, -0.72809, 0.82299
-0.19992, 0.52744, -1.39546, -2.66908, -0.02880, -0.82583, 0.04799, -0.72939, 0.82289
-0.19974, 0.52800, -1.39509, -2.66909, -0.02696, -0.82669, 0.04787, -0.72994, 0.82258
-0.19965, 0.52879, -1.39401, -2.66921, -0.02343, -0.82802, 0.04800, -0.72968, 0.82217
-0.19951, 0.52959, -1.39291, -2.66960, -0.01949, -0.82945, 0.04852, -0.73016, 0.82150
-0.19937, 0.53041, -1.39182, -2.67013, -0.01539, -0.83059, 0.04910, -0.73078, 0.82102
-0.19923, 0.53128, -1.39069, -2.67046, -0.01161, -0.83154, 0.04970, -0.73147, 0.82109
-0.19908, 0.53220, -1.38958, -2.67068, -0.00798, -0.83254, 0.05026, -0.73217, 0.82125
-0.19894, 0.53311, -1.38863, -2.67085, -0.00482, -0.83309, 0.05073, -0.73308, 0.82149
-0.19883, 0.53406, -1.38768, -2.67094, -0.00177, -0.83342, 0.05096, -0.73353, 0.82167
-0.19879, 0.53506, -1.38661, -2.67102, 0.00144, -0.83342, 0.05098, -0.73339, 0.82179
-0.19871, 0.53591, -1.38620, -2.67095, 0.00311, -0.83303, 0.05079, -0.73405, 0.82163
-0.19860, 0.53664, -1.38624, -2.67073, 0.00372, -0.83271, 0.05043, -0.73522, 0.82142
-0.19846, 0.53734, -1.38631, -2.67020, 0.00376, -0.83229, 0.05008, -0.73645, 0.82155
-0.19833, 0.53806, -1.38614, -2.66930, 0.00350, -0.83161, 0.04982, -0.73741, 0.82182
-0.19819, 0.53868, -1.38628, -2.66859, 0.00297, -0.83079, 0.04943, -0.73866, 0.82164
-0.19794, 0.53909, -1.38699, -2.66844, 0.00236, -0.83054, 0.04926, -0.74132, 0.82148
-0.19759, 0.53936, -1.38795, -2.66863, 0.00189, -0.83083, 0.04931, -0.74483, 0.82155
-0.19718, 0.53956, -1.38906, -2.66896, 0.00136, -0.83126, 0.04940, -0.74871, 0.82135
-0.19671, 0.53972, -1.39027, -2.66940, 0.00086, -0.83195, 0.04954, -0.75289, 0.82112
-0.19623, 0.53988, -1.39128, -2.66984, 0.00058, -0.83239, 0.04964, -0.75667, 0.82114
-0.19577, 0.54006, -1.39208, -2.67024, 0.00048, -0.83259, 0.04977, -0.76009, 0.82133
-0.19530, 0.54027, -1.39274, -2.67048, 0.00041, -0.83304, 0.05000, -0.76349, 0.82167
-0.19480, 0.54047, -1.39346, -2.67072, 0.00025, -0.83349, 0.05023, -0.76704, 0.82199
-0.19432, 0.54060, -1.39431, -2.67099, -0.00051, -0.83276, 0.05051, -0.77076, 0.82219
-0.19386, 0.54067, -1.39533, -2.67110, -0.00195, -0.83158, 0.05066, -0.77453, 0.82207
-0.19339, 0.54080, -1.39640, -2.67122, -0.00312, -0.83124, 0.05050, -0.77792, 0.82192
-0.19300, 0.54108, -1.39692, -2.67126, -0.00319, -0.83145, 0.05020, -0.78005, 0.82188
-0.19265, 0.54145, -1.39702, -2.67124, -0.00262, -0.83167, 0.05014, -0.78179, 0.82174
-0.19233, 0.54186, -1.39694, -2.67116, -0.00190, -0.83170, 0.05021, -0.78340, 0.82169
-0.19203, 0.54234, -1.39666, -2.67090, -0.00109, -0.83164, 0.05042, -0.78492, 0.82179
-0.19174, 0.54281, -1.39645, -2.67078, -0.00023, -0.83136, 0.05065, -0.78658, 0.82170
-0.19149, 0.54326, -1.39636, -2.67083, 0.00066, -0.83092, 0.05076, -0.78815, 0.82127
-0.19125, 0.54369, -1.39648, -2.67085, 0.00118, -0.83050, 0.05063, -0.78964, 0.82075
-0.19097, 0.54409, -1.39678, -2.67081, 0.00143, -0.83054, 0.05051, -0.79154, 0.82044
-0.19064, 0.54447, -1.39738, -2.67085, 0.00144, -0.83105, 0.05024, -0.79386, 0.82041
-0.19024, 0.54475, -1.39842, -2.67081, 0.00055, -0.83161, 0.04989, -0.79690, 0.82066
-0.18990, 0.54507, -1.39942, -2.67060, -0.00070, -0.83143, 0.04916, -0.79914, 0.82104
-0.18966, 0.54558, -1.39963, -2.67012, -0.00098, -0.83115, 0.04865, -0.80032, 0.82140
-0.18940, 0.54612, -1.39952, -2.66977, -0.00037, -0.83145, 0.04855, -0.80167, 0.82156
-0.18910, 0.54662, -1.39947, -2.66986, 0.00087, -0.83205, 0.04866, -0.80344, 0.82163
-0.18873, 0.54698, -1.39979, -2.67007, 0.00154, -0.83272, 0.04895, -0.80619, 0.82139
-0.18854, 0.54755, -1.39977, -2.66968, 0.00199, -0.83312, 0.04849, -0.80687, 0.82073
-0.18846, 0.54819, -1.39955, -2.66901, 0.00235, -0.83328, 0.04787, -0.80684, 0.82024
-0.18824, 0.54857, -1.39978, -2.66883, 0.00247, -0.83342, 0.04797, -0.80887, 0.82033
-0.18793, 0.54881, -1.40032, -2.66900, 0.00239, -0.83338, 0.04831, -0.81192, 0.82064
-0.18757, 0.54896, -1.40104, -2.66933, 0.00219, -0.83336, 0.04871, -0.81542, 0.82104
-0.18715, 0.54899, -1.40206, -2.66965, 0.00121, -0.83283, 0.04910, -0.81939, 0.82137
-0.18668, 0.54895, -1.40334, -2.67008, -0.00008, -0.83243, 0.04938, -0.82370, 0.82172
-0.18613, 0.54889, -1.40471, -2.67059, -0.00118, -0.83272, 0.04961, -0.82824, 0.82198
-0.18553, 0.54881, -1.40610, -2.67105, -0.00244, -0.83305, 0.04990, -0.83295, 0.82212
-0.18492, 0.54874, -1.40770, -2.67143, -0.00415, -0.83322, 0.04970, -0.83730, 0.82229
-0.18431, 0.54878, -1.40908, -2.67145, -0.00596, -0.83357, 0.04942, -0.84124, 0.82248
-0.18371, 0.54891, -1.40995, -2.67136, -0.00700, -0.83416, 0.04932, -0.84458, 0.82254
-0.18316, 0.54913, -1.41045, -2.67142, -0.00712, -0.83473, 0.04925, -0.84720, 0.82248
-0.18263, 0.54932, -1.41099, -2.67135, -0.00768, -0.83496, 0.04924, -0.84995, 0.82256
-0.18207, 0.54941, -1.41180, -2.67128, -0.00884, -0.83498, 0.04932, -0.85331, 0.82251
-0.18151, 0.54950, -1.41263, -2.67135, -0.00979, -0.83488, 0.04938, -0.85664, 0.82233
-0.18100, 0.54965, -1.41321, -2.67132, -0.01053, -0.83453, 0.04950, -0.85956, 0.82220
-0.18063, 0.55000, -1.41347, -2.67110, -0.01071, -0.83427, 0.04908, -0.86100, 0.82215
-0.18040, 0.55054, -1.41327, -2.67082, -0.00997, -0.83409, 0.04850, -0.86124, 0.82158
-0.18017, 0.55106, -1.41311, -2.67048, -0.00945, -0.83389, 0.04809, -0.86182, 0.82098
-0.17991, 0.55147, -1.41312, -2.67021, -0.00927, -0.83352, 0.04794, -0.86309, 0.82092
-0.17969, 0.55190, -1.41282, -2.67020, -0.00820, -0.83301, 0.04817, -0.86431, 0.82099
-0.17951, 0.55240, -1.41231, -2.67042, -0.00625, -0.83278, 0.04837, -0.86516, 0.82116
-0.17931, 0.55293, -1.41183, -2.67068, -0.00414, -0.83290, 0.04868, -0.86634, 0.82145
-0.17908, 0.55347, -1.41133, -2.67094, -0.00195, -0.83322, 0.04922, -0.86789, 0.82177
-0.17886, 0.55407, -1.41118, -2.67114, -0.00024, -0.83371, 0.04912, -0.86917, 0.82202
-0.17862, 0.55469, -1.41133, -2.67118, 0.00077, -0.83417, 0.04869, -0.87055, 0.82216
-0.17836, 0.55522, -1.41154, -2.67118, 0.00125, -0.83383, 0.04860, -0.87248, 0.82195
-0.17811, 0.55571, -1.41170, -2.67104, 0.00136, -0.83290, 0.04860, -0.87438, 0.82146
-0.17783, 0.55621, -1.41175, -2.67066, 0.00129, -0.83225, 0.04874, -0.87638, 0.82118
-0.17755, 0.55672, -1.41260, -2.67040, 0.00048, -0.83216, 0.04762, -0.87793, 0.82120
-0.17732, 0.55724, -1.41350, -2.67011, -0.00047, -0.83178, 0.04614, -0.87885, 0.82106
-0.17711, 0.55774, -1.41367, -2.66982, -0.00046, -0.83111, 0.04554, -0.87977, 0.82095
-0.17688, 0.55828, -1.41325, -2.66961, 0.00072, -0.83104, 0.04571, -0.88092, 0.82108
-0.17657, 0.55868, -1.41297, -2.66945, 0.00160, -0.83118, 0.04635, -0.88306, 0.82108
-0.17623, 0.55895, -1.41296, -2.66942, 0.00198, -0.83096, 0.04702, -0.88565, 0.82118
-0.17585, 0.55912, -1.41354, -2.66915, 0.00099, -0.83078, 0.04716, -0.88840, 0.82106
-0.17539, 0.55921, -1.41439, -2.66888, -0.00039, -0.83106, 0.04726, -0.89162, 0.82082
-0.17493, 0.55924, -1.41612, -2.66880, -0.00280, -0.83122, 0.04614, -0.89451, 0.82091
-0.17443, 0.55918, -1.41806, -2.66894, -0.00535, -0.83121, 0.04493, -0.89766, 0.82126
-0.17387, 0.55910, -1.41917, -2.66932, -0.00632, -0.83142, 0.04508, -0.90149, 0.82174
-0.17328, 0.55903, -1.41982, -2.66976, -0.00643, -0.83189, 0.04581, -0.90540, 0.82124
-0.17269, 0.55902, -1.42036, -2.67015, -0.00647, -0.83220, 0.04643, -0.90896, 0.82048
-0.17212, 0.55906, -1.42069, -2.67040, -0.00639, -0.83247, 0.04711, -0.91224, 0.81943
-0.17155, 0.55917, -1.42079, -2.67053, -0.00604, -0.83292, 0.04782, -0.91520, 0.81849
-0.17108, 0.55936, -1.42063, -2.67059, -0.00553, -0.83248, 0.04844, -0.91746, 0.81844
-0.17074, 0.55948, -1.42081, -2.67066, -0.00605, -0.83020, 0.04866, -0.91953, 0.81890
-0.17038, 0.55953, -1.42144, -2.67089, -0.00688, -0.82847, 0.04867, -0.92211, 0.81962
-0.16997, 0.55966, -1.42195, -2.67129, -0.00668, -0.82832, 0.04874, -0.92471, 0.82020
-0.16953, 0.55984, -1.42253, -2.67160, -0.00648, -0.82887, 0.04871, -0.92735, 0.82049
-0.16904, 0.56002, -1.42308, -2.67163, -0.00667, -0.82954, 0.04894, -0.93043, 0.82075
-0.16862, 0.56025, -1.42331, -2.67153, -0.00687, -0.82905, 0.04920, -0.93283, 0.82087
-0.16823, 0.56035, -1.42414, -2.67101, -0.00907, -0.82779, 0.04893, -0.93528, 0.82090
-0.16773, 0.56026, -1.42566, -2.67053, -0.01224, -0.82732, 0.04848, -0.93871, 0.82117
-0.16721, 0.56021, -1.42682, -2.67027, -0.01431, -0.82733, 0.04824, -0.94185, 0.82140
-0.16673, 0.56019, -1.42752, -2.67011, -0.01562, -0.82693, 0.04831, -0.94462, 0.82161
-0.16621, 0.56019, -1.42797, -2.67026, -0.01587, -0.82707, 0.04880, -0.94770, 0.82178
-0.16562, 0.56019, -1.42845, -2.67064, -0.01558, -0.82816, 0.04946, -0.95126, 0.82190
-0.16501, 0.56030, -1.42874, -2.67074, -0.01526, -0.82950, 0.05006, -0.95451, 0.82213
-0.16443, 0.56052, -1.42883, -2.67071, -0.01479, -0.83076, 0.05058, -0.95734, 0.82224
-0.16384, 0.56072, -1.42906, -2.67088, -0.01431, -0.83172, 0.05098, -0.96021, 0.82226
-0.16342, 0.56114, -1.42882, -2.67073, -0.01347, -0.83213, 0.05106, -0.96160, 0.82142
-0.16317, 0.56181, -1.42815, -2.67031, -0.01207, -0.83229, 0.05074, -0.96151, 0.82035
-0.16293, 0.56246, -1.42761, -2.66990, -0.01091, -0.83245, 0.05046, -0.96161, 0.81778
-0.16280, 0.56326, -1.42673, -2.66946, -0.00902, -0.83268, 0.05012, -0.96096, 0.81530
-0.16277, 0.56423, -1.42541, -2.66925, -0.00574, -0.83312, 0.04992, -0.95988, 0.81483
-0.16272, 0.56517, -1.42411, -2.66931, -0.00208, -0.83371, 0.05001, -0.95935, 0.81436
-0.16269, 0.56602, -1.42303, -2.66929, 0.00064, -0.83310, 0.05021, -0.95931, 0.81428
-0.16261, 0.56673, -1.42246, -2.66909, 0.00199, -0.83208, 0.05038, -0.96017, 0.81489
-0.16245, 0.56733, -1.42232, -2.66881, 0.00260, -0.83173, 0.05044, -0.96166, 0.81572
-0.16224, 0.56780, -1.42255, -2.66867, 0.00271, -0.83121, 0.05038, -0.96362, 0.81690
-0.16200, 0.56818, -1.42312, -2.66873, 0.00256, -0.83080, 0.05003, -0.96572, 0.81816
-0.16172, 0.56852, -1.42386, -2.66883, 0.00232, -0.83088, 0.04948, -0.96783, 0.81917
-0.16140, 0.56883, -1.42444, -2.66879, 0.00211, -0.83124, 0.04910, -0.96986, 0.81955
-0.16107, 0.56906, -1.42508, -2.66881, 0.00166, -0.83103, 0.04877, -0.97202, 0.81979
-0.16068, 0.56918, -1.42582, -2.66899, 0.00107, -0.83064, 0.04868, -0.97480, 0.82037
-0.16021, 0.56926, -1.42656, -2.66921, 0.00058, -0.83068, 0.04881, -0.97801, 0.82063
-0.15980, 0.56942, -1.42705, -2.66927, 0.00031, -0.83060, 0.04871, -0.98029, 0.82048
-0.15944, 0.56968, -1.42719, -2.66909, 0.00027, -0.83056, 0.04858, -0.98192, 0.82050
-0.15903, 0.56989, -1.42741, -2.66901, 0.00033, -0.83089, 0.04859, -0.98397, 0.82076
-0.15858, 0.57001, -1.42789, -2.66929, 0.00045, -0.83123, 0.04858, -0.98643, 0.82092
-0.15809, 0.57011, -1.42841, -2.66957, 0.00046, -0.83159, 0.04871, -0.98923, 0.82083
-0.15755, 0.57018, -1.42893, -2.66980, 0.00032, -0.83195, 0.04903, -0.99238, 0.82081
-0.15699, 0.57025, -1.42951, -2.67007, 0.00017, -0.83241, 0.04925, -0.99553, 0.82087
-0.15645, 0.57014, -1.43090, -2.67013, -0.00250, -0.83047, 0.04891, -0.99902, 0.82099
-0.15590, 0.56991, -1.43270, -2.67015, -0.00604, -0.82823, 0.04821, -1.00259, 0.82115
-0.15529, 0.56980, -1.43386, -2.67013, -0.00794, -0.82801, 0.04802, -1.00604, 0.82139
-0.15458, 0.56965, -1.43496, -2.67012, -0.00963, -0.82851, 0.04826, -1.01013, 0.82170
-0.15393, 0.56961, -1.43565, -2.67016, -0.01030, -0.82942, 0.04845, -1.01339, 0.82191
-0.15339, 0.56979, -1.43563, -2.67025, -0.00946, -0.83055, 0.04876, -1.01556, 0.82159
-0.15283, 0.56993, -1.43577, -2.67041, -0.00888, -0.83146, 0.04909, -1.01806, 0.82121
-0.15226, 0.57004, -1.43627, -2.67055, -0.00904, -0.83197, 0.04911, -1.02074, 0.82101
-0.15168, 0.57016, -1.43668, -2.67072, -0.00901, -0.83248, 0.04925, -1.02346, 0.82097
-0.15111, 0.57029, -1.43688, -2.67098, -0.00854, -0.83296, 0.04968, -1.02629, 0.82097
-0.15052, 0.57042, -1.43716, -2.67120, -0.00829, -0.83340, 0.05010, -1.02925, 0.82097
-0.14994, 0.57063, -1.43736, -2.67087, -0.00885, -0.83339, 0.05043, -1.03200, 0.82113
-0.14941, 0.57087, -1.43794, -2.67054, -0.00989, -0.83330, 0.05006, -1.03433, 0.82144
-0.14889, 0.57109, -1.43878, -2.67043, -0.01090, -0.83343, 0.04931, -1.03646, 0.82122
-0.14836, 0.57131, -1.43925, -2.67031, -0.01135, -0.83371, 0.04913, -1.03878, 0.82095
-0.14786, 0.57141, -1.43958, -2.67017, -0.01242, -0.83186, 0.04947, -1.04149, 0.82088
-0.14744, 0.57149, -1.44003, -2.67014, -0.01363, -0.82951, 0.04954, -1.04389, 0.82095
-0.14704, 0.57172, -1.44032, -2.67007, -0.01390, -0.82881, 0.04923, -1.04547, 0.82114
-0.14662, 0.57194, -1.44074, -2.66981, -0.01441, -0.82890, 0.04889, -1.04729, 0.82129
-0.14610, 0.57207, -1.44125, -2.66973, -0.01480, -0.82956, 0.04897, -1.05000, 0.82151
-0.14556, 0.57220, -1.44158, -2.66968, -0.01496, -0.82992, 0.04933, -1.05289, 0.82173
-0.14501, 0.57232, -1.44188, -2.66979, -0.01484, -0.83029, 0.04978, -1.05587, 0.82183
-0.14444, 0.57243, -1.44215, -2.67005, -0.01440, -0.83085, 0.05028, -1.05894, 0.82199
-0.14382, 0.57248, -1.44286, -2.67020, -0.01496, -0.83134, 0.05045, -1.06229, 0.82225
-0.14319, 0.57240, -1.44389, -2.67026, -0.01662, -0.83079, 0.05055, -1.06598, 0.82241
-0.14261, 0.57239, -1.44467, -2.67019, -0.01801, -0.83012, 0.05052, -1.06898, 0.82243
-0.14207, 0.57247, -1.44521, -2.66995, -0.01916, -0.82955, 0.05043, -1.07147, 0.82194
-0.14155, 0.57257, -1.44557, -2.66989, -0.01968, -0.82908, 0.05047, -1.07384, 0.82146
-0.14103, 0.57272, -1.44580, -2.67017, -0.01916, -0.82935, 0.05055, -1.07611, 0.82147
-0.14051, 0.57287, -1.44610, -2.67054, -0.01861, -0.82955, 0.05057, -1.07844, 0.82164
-0.13999, 0.57307, -1.44628, -2.67092, -0.01776, -0.82997, 0.05066, -1.08072, 0.82174
-0.13947, 0.57333, -1.44629, -2.67126, -0.01658, -0.83067, 0.05091, -1.08298, 0.82152
-0.13894, 0.57359, -1.44639, -2.67153, -0.01566, -0.83137, 0.05110, -1.08531, 0.82132
-0.13848, 0.57389, -1.44640, -2.67156, -0.01524, -0.83097, 0.05116, -1.08717, 0.82100
-0.13811, 0.57425, -1.44631, -2.67158, -0.01467, -0.83023, 0.05103, -1.08848, 0.82080
-0.13774, 0.57465, -1.44619, -2.67150, -0.01394, -0.83017, 0.05090, -1.08974, 0.82049
-0.13738, 0.57510, -1.44604, -2.67138, -0.01310, -0.83040, 0.05065, -1.09080, 0.82009
-0.13706, 0.57555, -1.44582, -2.67131, -0.01216, -0.83008, 0.05053, -1.09189, 0.81994
-0.13672, 0.57599, -1.44555, -2.67132, -0.01105, -0.82989, 0.05066, -1.09336, 0.82009
-0.13633, 0.57643, -1.44531, -2.67140, -0.00968, -0.83044, 0.05090, -1.09516, 0.82037
-0.13591, 0.57687, -1.44500, -2.67141, -0.00830, -0.83109, 0.05130, -1.09715, 0.82076
-0.13546, 0.57731, -1.44480, -2.67135, -0.00722, -0.83178, 0.05166, -1.09931, 0.82123
-0.13501, 0.57770, -1.44498, -2.67115, -0.00713, -0.83197, 0.05162, -1.10154, 0.82173
-0.13456, 0.57807, -1.44527, -2.67100, -0.00719, -0.83200, 0.05141, -1.10368, 0.82217
-0.13410, 0.57844, -1.44551, -2.67103, -0.00682, -0.83225, 0.05123, -1.10576, 0.82207
-0.13365, 0.57883, -1.44560, -2.67094, -0.00638, -0.83248, 0.05112, -1.10763, 0.82145
-0.13318, 0.57920, -1.44559, -2.67084, -0.00586, -0.83270, 0.05117, -1.10961, 0.82112
-0.13268, 0.57952, -1.44570, -2.67098, -0.00518, -0.83308, 0.05123, -1.11186, 0.82116
-0.13214, 0.57968, -1.44638, -2.67083, -0.00613, -0.83320, 0.05102, -1.11462, 0.82137
-0.13151, 0.57966, -1.44743, -2.67065, -0.00793, -0.83327, 0.05080, -1.11798, 0.82171
-0.13086, 0.57965, -1.44824, -2.67070, -0.00894, -0.83352, 0.05081, -1.12127, 0.82110
-0.13021, 0.57965, -1.44908, -2.67077, -0.00989, -0.83384, 0.05063, -1.12431, 0.82011
-0.12946, 0.57949, -1.45077, -2.67030, -0.01336, -0.83388, 0.04985, -1.12799, 0.81987
-0.12859, 0.57906, -1.45289, -2.66985, -0.01784, -0.83387, 0.04930, -1.13275, 0.81984
-0.12767, 0.57859, -1.45468, -2.66990, -0.02103, -0.83404, 0.04915, -1.13754, 0.81982
-0.12676, 0.57814, -1.45645, -2.67016, -0.02375, -0.83435, 0.04875, -1.14195, 0.81999
-0.12593, 0.57781, -1.45767, -2.67043, -0.02550, -0.83446, 0.04843, -1.14547, 0.82029
-0.12519, 0.57759, -1.45843, -2.67056, -0.02682, -0.83398, 0.04832, -1.14841, 0.82031
-0.12448, 0.57734, -1.45924, -2.67067, -0.02842, -0.83299, 0.04833, -1.15153, 0.81999
-0.12373, 0.57707, -1.46003, -2.67067, -0.03018, -0.83228, 0.04857, -1.15506, 0.81993
-0.12296, 0.57680, -1.46080, -2.67063, -0.03181, -0.83203, 0.04892, -1.15874, 0.82026
-0.12218, 0.57654, -1.46154, -2.67079, -0.03299, -0.83209, 0.04929, -1.16243, 0.82063
-0.12137, 0.57626, -1.46249, -2.67109, -0.03419, -0.83240, 0.04948, -1.16622, 0.82083
-0.12061, 0.57599, -1.46349, -2.67113, -0.03609, -0.83193, 0.04951, -1.16974, 0.82104
-0.11987, 0.57572, -1.46437, -2.67101, -0.03818, -0.83115, 0.04972, -1.17327, 0.82125
-0.11909, 0.57544, -1.46533, -2.67096, -0.04007, -0.83104, 0.04989, -1.17698, 0.82146
-0.11826, 0.57517, -1.46640, -2.67093, -0.04196, -0.83147, 0.05000, -1.18090, 0.82180
-0.11740, 0.57490, -1.46750, -2.67094, -0.04382, -0.83197, 0.05010, -1.18486, 0.82178
-0.11656, 0.57466, -1.46844, -2.67082, -0.04571, -0.83221, 0.05029, -1.18871, 0.82153
-0.11571, 0.57443, -1.46955, -2.67065, -0.04790, -0.83250, 0.05017, -1.19234, 0.82139
-0.11486, 0.57415, -1.47082, -2.67062, -0.05019, -0.83277, 0.04994, -1.19609, 0.82126
-0.11398, 0.57384, -1.47225, -2.67081, -0.05236, -0.83304, 0.04960, -1.19996, 0.82130
-0.11311, 0.57343, -1.47414, -2.67093, -0.05566, -0.83259, 0.04886, -1.20395, 0.82128
-0.11219, 0.57287, -1.47638, -2.67051, -0.06072, -0.83177, 0.04818, -1.20859, 0.82133
-0.11116, 0.57223, -1.47854, -2.67008, -0.06562, -0.83155, 0.04788, -1.21374, 0.82152
-0.11008, 0.57160, -1.48021, -2.66980, -0.06939, -0.83179, 0.04816, -1.21907, 0.82167
-0.10897, 0.57099, -1.48167, -2.66973, -0.07248, -0.83218, 0.04859, -1.22431, 0.82179
-0.10789, 0.57035, -1.48314, -2.66997, -0.07528, -0.83196, 0.04896, -1.22935, 0.82134
-0.10682, 0.56969, -1.48450, -2.67031, -0.07779, -0.83174, 0.04942, -1.23432, 0.82080
-0.10572, 0.56907, -1.48582, -2.67070, -0.07995, -0.83209, 0.04981, -1.23921, 0.82082
-0.10477, 0.56871, -1.48660, -2.67094, -0.08108, -0.83261, 0.04999, -1.24277, 0.82052
-0.10397, 0.56862, -1.48672, -2.67112, -0.08087, -0.83330, 0.05025, -1.24529, 0.82012
-0.10317, 0.56860, -1.48682, -2.67118, -0.08074, -0.83410, 0.05050, -1.24792, 0.82004
-0.10238, 0.56860, -1.48702, -2.67131, -0.08074, -0.83462, 0.05071, -1.25067, 0.82017
-0.10159, 0.56852, -1.48760, -2.67128, -0.08175, -0.83484, 0.05079, -1.25378, 0.82038
-0.10076, 0.56834, -1.48843, -2.67121, -0.08339, -0.83493, 0.05089, -1.25733, 0.82067
-0.09993, 0.56817, -1.48934, -2.67135, -0.08472, -0.83512, 0.05087, -1.26086, 0.82106
-0.09915, 0.56799, -1.49024, -2.67131, -0.08664, -0.83414, 0.05086, -1.26433, 0.82147
-0.09838, 0.56778, -1.49100, -2.67124, -0.08857, -0.83256, 0.05113, -1.26793, 0.82174
-0.09758, 0.56759, -1.49177, -2.67141, -0.08978, -0.83190, 0.05137, -1.27156, 0.82169
-0.09679, 0.56752, -1.49245, -2.67166, -0.09030, -0.83197, 0.05127, -1.27459, 0.82139
-0.09606, 0.56758, -1.49311, -2.67183, -0.09065, -0.83234, 0.05076, -1.27699, 0.82119
-0.09535, 0.56763, -1.49366, -2.67198, -0.09109, -0.83207, 0.05039, -1.27942, 0.82126
-0.09467, 0.56771, -1.49384, -2.67213, -0.09112, -0.83142, 0.05052, -1.28195, 0.82154
-0.09399, 0.56783, -1.49391, -2.67223, -0.09087, -0.83120, 0.05076, -1.28447, 0.82155
-0.09328, 0.56797, -1.49401, -2.67224, -0.09069, -0.83145, 0.05098, -1.28710, 0.82157
-0.09261, 0.56824, -1.49380, -2.67215, -0.08994, -0.83199, 0.05121, -1.28925, 0.82187
-0.09200, 0.56863, -1.49332, -2.67215, -0.08843, -0.83261, 0.05142, -1.29095, 0.82220
-0.09140, 0.56909, -1.49285, -2.67219, -0.08682, -0.83326, 0.05153, -1.29258, 0.82246
-0.09078, 0.56945, -1.49302, -2.67131, -0.08795, -0.83352, 0.05123, -1.29463, 0.82265
-0.09008, 0.56957, -1.49379, -2.67033, -0.09058, -0.83348, 0.05090, -1.29757, 0.82248
-0.08932, 0.56966, -1.49433, -2.66965, -0.09232, -0.83367, 0.05095, -1.30074, 0.82222
-0.08858, 0.56973, -1.49470, -2.66912, -0.09376, -0.83306, 0.05109, -1.30370, 0.82222
-0.08791, 0.56981, -1.49513, -2.66904, -0.09454, -0.83222, 0.05086, -1.30614, 0.82229
-0.08724, 0.56995, -1.49545, -2.66928, -0.09437, -0.83190, 0.05057, -1.30837, 0.82231
-0.08659, 0.57011, -1.49590, -2.66965, -0.09412, -0.83159, 0.05007, -1.31048, 0.82170
-0.08593, 0.57031, -1.49631, -2.66999, -0.09370, -0.83163, 0.04954, -1.31250, 0.82079
-0.08523, 0.57055, -1.49634, -2.67041, -0.09247, -0.83217, 0.04952, -1.31477, 0.82045
-0.08453, 0.57081, -1.49610, -2.67084, -0.09080, -0.83288, 0.04977, -1.31703, 0.82043
-0.08385, 0.57113, -1.49571, -2.67113, -0.08907, -0.83362, 0.05008, -1.31913, 0.82054
-0.08318, 0.57147, -1.49561, -2.67123, -0.08806, -0.83428, 0.04993, -1.32104, 0.82082
-0.08253, 0.57177, -1.49575, -2.67108, -0.08804, -0.83444, 0.04958, -1.32302, 0.82091
-0.08190, 0.57204, -1.49586, -2.67095, -0.08813, -0.83387, 0.04938, -1.32508, 0.82082
-0.08134, 0.57242, -1.49562, -2.67097, -0.08726, -0.83325, 0.04923, -1.32655, 0.82067
-0.08081, 0.57291, -1.49492, -2.67108, -0.08522, -0.83316, 0.04939, -1.32779, 0.82070
-0.08027, 0.57346, -1.49444, -2.67126, -0.08316, -0.83353, 0.04917, -1.32894, 0.82067
-0.07974, 0.57409, -1.49394, -2.67130, -0.08117, -0.83413, 0.04891, -1.33006, 0.82025
-0.07922, 0.57476, -1.49322, -2.67129, -0.07895, -0.83461, 0.04888, -1.33116, 0.82011
-0.07870, 0.57541, -1.49279, -2.67089, -0.07797, -0.83479, 0.04855, -1.33235, 0.82048
-0.07813, 0.57595, -1.49263, -2.67008, -0.07825, -0.83486, 0.04833, -1.33414, 0.82101
-0.07748, 0.57636, -1.49248, -2.66956, -0.07820, -0.83506, 0.04845, -1.33649, 0.82152
-0.07681, 0.57674, -1.49221, -2.66944, -0.07728, -0.83544, 0.04876, -1.33891, 0.82199
-0.07618, 0.57713, -1.49208, -2.66950, -0.07638, -0.83525, 0.04867, -1.34096, 0.82235
-0.07558, 0.57750, -1.49213, -2.66974, -0.07558, -0.83453, 0.04828, -1.34278, 0.82253
-0.07496, 0.57787, -1.49186, -2.67004, -0.07416, -0.83398, 0.04836, -1.34481, 0.82256
-0.07435, 0.57827, -1.49128, -2.67037, -0.07220, -0.83341, 0.04877, -1.34673, 0.82206
-0.07378, 0.57871, -1.49065, -2.67074, -0.07005, -0.83274, 0.04902, -1.34829, 0.82150
-0.07323, 0.57926, -1.48976, -2.67102, -0.06736, -0.83255, 0.04931, -1.34954, 0.82119
-0.07269, 0.57990, -1.48883, -2.67091, -0.06503, -0.83285, 0.04945, -1.35055, 0.82090
-0.07218, 0.58055, -1.48798, -2.67076, -0.06288, -0.83309, 0.04942, -1.35138, 0.82029
-0.07168, 0.58122, -1.48695, -2.67083, -0.06010, -0.83340, 0.04964, -1.35227, 0.81984
-0.07119, 0.58192, -1.48574, -2.67076, -0.05730, -0.83359, 0.05007, -1.35325, 0.82001
-0.07070, 0.58266, -1.48446, -2.67064, -0.05444, -0.83381, 0.05057, -1.35423, 0.82031
-0.07021, 0.58343, -1.48321, -2.67041, -0.05168, -0.83426, 0.05100, -1.35525, 0.82059
-0.06973, 0.58421, -1.48217, -2.67018, -0.04920, -0.83473, 0.05116, -1.35619, 0.82081
-0.06928, 0.58488, -1.48152, -2.67008, -0.04772, -0.83351, 0.05107, -1.35725, 0.82089
-0.06886, 0.58552, -1.48100, -2.67004, -0.04639, -0.83184, 0.05082, -1.35820, 0.82075
-0.06841, 0.58620, -1.48050, -2.67021, -0.04421, -0.83139, 0.05039, -1.35903, 0.82078
-0.06791, 0.58691, -1.47992, -2.67050, -0.04145, -0.83161, 0.05008, -1.36005, 0.82081
-0.06738, 0.58761, -1.47922, -2.67086, -0.03839, -0.83227, 0.05004, -1.36132, 0.82079
-0.06687, 0.58829, -1.47873, -2.67093, -0.03651, -0.83183, 0.04975, -1.36245, 0.81986
-0.06640, 0.58900, -1.47837, -2.67096, -0.03489, -0.83125, 0.04906, -1.36315, 0.81898
-0.06590, 0.58974, -1.47796, -2.67073, -0.03336, -0.83149, 0.04837, -1.36395, 0.81896
-0.06530, 0.59037, -1.47767, -2.67029, -0.03247, -0.83201, 0.04797, -1.36546, 0.81921
-0.06463, 0.59091, -1.47714, -2.67002, -0.03105, -0.83279, 0.04810, -1.36741, 0.81961
-0.06396, 0.59147, -1.47621, -2.66982, -0.02890, -0.83369, 0.04865, -1.36932, 0.81982
-0.06330, 0.59205, -1.47515, -2.66985, -0.02618, -0.83457, 0.04923, -1.37101, 0.81997
-0.06265, 0.59258, -1.47427, -2.67002, -0.02366, -0.83518, 0.04963, -1.37265, 0.81983
-0.06201, 0.59305, -1.47351, -2.67020, -0.02149, -0.83535, 0.05000, -1.37440, 0.81961
-0.06138, 0.59352, -1.47271, -2.67052, -0.01902, -0.83545, 0.05039, -1.37612, 0.81989
-0.06082, 0.59401, -1.47195, -2.67075, -0.01701, -0.83433, 0.05050, -1.37740, 0.82037
-0.06034, 0.59456, -1.47119, -2.67086, -0.01526, -0.83230, 0.05044, -1.37832, 0.82092
-0.05985, 0.59518, -1.47033, -2.67077, -0.01324, -0.83117, 0.05041, -1.37917, 0.82104
-0.05937, 0.59591, -1.46930, -2.67048, -0.01087, -0.83102, 0.05033, -1.37967, 0.82099
-0.05887, 0.59663, -1.46835, -2.67016, -0.00859, -0.83140, 0.05025, -1.38033, 0.82118
-0.05833, 0.59720, -1.46785, -2.66996, -0.00718, -0.83141, 0.05008, -1.38162, 0.82151
-0.05774, 0.59763, -1.46766, -2.66975, -0.00656, -0.83124, 0.04994, -1.38348, 0.82190
-0.05717, 0.59810, -1.46744, -2.66949, -0.00584, -0.83131, 0.04960, -1.38489, 0.82204
-0.05665, 0.59860, -1.46719, -2.66950, -0.00457, -0.83140, 0.04910, -1.38596, 0.82180
-0.05616, 0.59915, -1.46694, -2.66964, -0.00287, -0.83181, 0.04837, -1.38662, 0.82132
-0.05570, 0.59979, -1.46625, -2.66968, -0.00059, -0.83238, 0.04802, -1.38714, 0.82100
-0.05521, 0.60036, -1.46551, -2.66960, 0.00134, -0.83255, 0.04806, -1.38819, 0.82079
-0.05467, 0.60085, -1.46513, -2.66931, 0.00221, -0.83262, 0.04795, -1.38968, 0.82066
-0.05404, 0.60118, -1.46522, -2.66913, 0.00241, -0.83293, 0.04765, -1.39176, 0.82086
-0.05332, 0.60134, -1.46563, -2.66916, 0.00228, -0.83338, 0.04739, -1.39447, 0.82120
-0.05253, 0.60141, -1.46619, -2.66935, 0.00205, -0.83388, 0.04710, -1.39747, 0.82149
-0.05168, 0.60139, -1.46667, -2.66958, 0.00177, -0.83408, 0.04707, -1.40075, 0.82187
-0.05082, 0.60125, -1.46697, -2.66979, 0.00108, -0.83267, 0.04750, -1.40433, 0.82222
-0.04998, 0.60114, -1.46712, -2.66984, 0.00034, -0.83098, 0.04790, -1.40758, 0.82232
-0.04910, 0.60112, -1.46722, -2.66974, 0.00002, -0.83057, 0.04806, -1.41049, 0.82189
-0.04815, 0.60110, -1.46744, -2.66941, -0.00081, -0.83055, 0.04813, -1.41362, 0.82148
-0.04718, 0.60105, -1.46759, -2.66897, -0.00177, -0.83064, 0.04823, -1.41668, 0.82149
-0.04620, 0.60092, -1.46767, -2.66895, -0.00211, -0.83072, 0.04855, -1.41990, 0.82171
-0.04518, 0.60067, -1.46811, -2.66929, -0.00268, -0.83042, 0.04873, -1.42352, 0.82208
-0.04414, 0.60037, -1.46879, -2.66969, -0.00360, -0.82998, 0.04869, -1.42724, 0.82246
-0.04308, 0.60003, -1.46938, -2.67005, -0.00458, -0.82930, 0.04891, -1.43120, 0.82265
-0.04198, 0.59971, -1.47025, -2.67046, -0.00566, -0.82920, 0.04866, -1.43500, 0.82270
-0.04086, 0.59950, -1.47095, -2.67070, -0.00638, -0.83000, 0.04829, -1.43846, 0.82279
-0.03970, 0.59934, -1.47115, -2.67085, -0.00643, -0.83105, 0.04852, -1.44203, 0.82292
-0.03851, 0.59914, -1.47121, -2.67085, -0.00672, -0.83189, 0.04910, -1.44596, 0.82299
-0.03727, 0.59887, -1.47150, -2.67079, -0.00768, -0.83249, 0.04965, -1.45022, 0.82295
-0.03603, 0.59853, -1.47239, -2.67077, -0.00968, -0.83255, 0.04944, -1.45436, 0.82299
-0.03476, 0.59814, -1.47345, -2.67075, -0.01202, -0.83231, 0.04912, -1.45866, 0.82308
-0.03341, 0.59774, -1.47414, -2.67068, -0.01380, -0.83247, 0.04940, -1.46332, 0.82315
-0.03202, 0.59738, -1.47461, -2.67033, -0.01560, -0.83290, 0.04981, -1.46791, 0.82293
-0.03059, 0.59697, -1.47519, -2.67003, -0.01756, -0.83338, 0.05018, -1.47265, 0.82271
-0.02914, 0.59653, -1.47607, -2.66986, -0.01977, -0.83399, 0.05009, -1.47723, 0.82257
-0.02771, 0.59603, -1.47737, -2.66987, -0.02256, -0.83388, 0.04948, -1.48167, 0.82249
-0.02622, 0.59540, -1.47889, -2.67016, -0.02546, -0.83350, 0.04890, -1.48654, 0.82249
-0.02468, 0.59475, -1.48030, -2.67042, -0.02811, -0.83351, 0.04852, -1.49163, 0.82257
-0.02308, 0.59415, -1.48137, -2.67053, -0.03037, -0.83384, 0.04847, -1.49676, 0.82272
-0.02144, 0.59353, -1.48246, -2.67037, -0.03317, -0.83417, 0.04845, -1.50205, 0.82294
-0.01978, 0.59288, -1.48350, -2.67026, -0.03591, -0.83455, 0.04848, -1.50732, 0.82317
-0.01809, 0.59217, -1.48443, -2.67030, -0.03836, -0.83478, 0.04879, -1.51279, 0.82325
-0.01639, 0.59142, -1.48566, -2.67026, -0.04148, -0.83494, 0.04878, -1.51825, 0.82296
-0.01466, 0.59066, -1.48686, -2.67025, -0.04443, -0.83532, 0.04875, -1.52363, 0.82218
-0.01290, 0.58986, -1.48808, -2.67046, -0.04718, -0.83546, 0.04882, -1.52916, 0.82073
-0.01111, 0.58900, -1.48940, -2.67046, -0.05058, -0.83538, 0.04886, -1.53488, 0.81957
-0.00925, 0.58810, -1.49065, -2.67042, -0.05399, -0.83541, 0.04908, -1.54088, 0.81940
-0.00735, 0.58718, -1.49192, -2.67049, -0.05723, -0.83557, 0.04927, -1.54702, 0.81976
-0.00540, 0.58621, -1.49336, -2.67071, -0.06049, -0.83580, 0.04929, -1.55325, 0.82015
-0.00344, 0.58525, -1.49496, -2.67106, -0.06374, -0.83612, 0.04898, -1.55936, 0.82058
-0.00146, 0.58431, -1.49643, -2.67131, -0.06700, -0.83628, 0.04883, -1.56551, 0.82098
0.00052, 0.58345, -1.49747, -2.67140, -0.06978, -0.83638, 0.04899, -1.57139, 0.82122
0.00247, 0.58268, -1.49820, -2.67130, -0.07231, -0.83645, 0.04931, -1.57694, 0.82071
0.00441, 0.58193, -1.49897, -2.67112, -0.07504, -0.83643, 0.04954, -1.58239, 0.81969
0.00638, 0.58118, -1.49972, -2.67112, -0.07738, -0.83651, 0.04979, -1.58796, 0.81928
0.00839, 0.58043, -1.50035, -2.67134, -0.07925, -0.83650, 0.05028, -1.59384, 0.81948
0.01041, 0.57969, -1.50109, -2.67169, -0.08104, -0.83634, 0.05057, -1.59963, 0.81910
0.01243, 0.57900, -1.50199, -2.67195, -0.08313, -0.83622, 0.05053, -1.60527, 0.81875
0.01450, 0.57830, -1.50289, -2.67210, -0.08543, -0.83598, 0.05052, -1.61109, 0.81904
0.01661, 0.57759, -1.50378, -2.67220, -0.08791, -0.83556, 0.05059, -1.61715, 0.81967
0.01874, 0.57694, -1.50466, -2.67211, -0.09047, -0.83543, 0.05047, -1.62304, 0.82026
0.02089, 0.57634, -1.50532, -2.67202, -0.09259, -0.83546, 0.05048, -1.62882, 0.82069
0.02308, 0.57574, -1.50602, -2.67210, -0.09447, -0.83558, 0.05047, -1.63470, 0.82056
0.02531, 0.57510, -1.50687, -2.67226, -0.09650, -0.83579, 0.05032, -1.64068, 0.82036
0.02758, 0.57447, -1.50759, -2.67241, -0.09833, -0.83569, 0.05023, -1.64669, 0.82046
0.02988, 0.57395, -1.50794, -2.67251, -0.09925, -0.83541, 0.05032, -1.65247, 0.82064
0.03218, 0.57344, -1.50806, -2.67252, -0.10035, -0.83507, 0.05067, -1.65829, 0.82102
0.03452, 0.57291, -1.50816, -2.67251, -0.10168, -0.83492, 0.05108, -1.66430, 0.82149
0.03687, 0.57250, -1.50841, -2.67245, -0.10281, -0.83487, 0.05090, -1.66983, 0.82195
0.03924, 0.57227, -1.50852, -2.67190, -0.10405, -0.83489, 0.05046, -1.67498, 0.82242
0.04164, 0.57200, -1.50857, -2.67143, -0.10543, -0.83527, 0.05028, -1.68042, 0.82182
0.04409, 0.57165, -1.50856, -2.67144, -0.10636, -0.83538, 0.05044, -1.68617, 0.82026
0.04661, 0.57139, -1.50839, -2.67160, -0.10621, -0.83489, 0.05055, -1.69181, 0.81869
0.04916, 0.57116, -1.50821, -2.67169, -0.10630, -0.83469, 0.05045, -1.69735, 0.81804
0.05178, 0.57104, -1.50804, -2.67180, -0.10580, -0.83492, 0.05001, -1.70279, 0.81845
0.05442, 0.57090, -1.50785, -2.67180, -0.10613, -0.83499, 0.04959, -1.70831, 0.81902
0.05718, 0.57083, -1.50727, -2.67184, -0.10521, -0.83479, 0.04959, -1.71412, 0.81965
0.05998, 0.57073, -1.50674, -2.67188, -0.10469, -0.83503, 0.04953, -1.72003, 0.82015
0.06285, 0.57071, -1.50604, -2.67181, -0.10383, -0.83531, 0.04949, -1.72585, 0.82046
0.06580, 0.57070, -1.50506, -2.67175, -0.10247, -0.83569, 0.04974, -1.73188, 0.82072
0.06882, 0.57069, -1.50427, -2.67188, -0.10108, -0.83606, 0.04960, -1.73787, 0.82110
0.07190, 0.57067, -1.50363, -2.67211, -0.09996, -0.83611, 0.04922, -1.74391, 0.82165
0.07506, 0.57071, -1.50288, -2.67228, -0.09852, -0.83606, 0.04874, -1.74988, 0.82220
0.07827, 0.57081, -1.50212, -2.67233, -0.09720, -0.83622, 0.04804, -1.75566, 0.82233
0.08152, 0.57099, -1.50104, -2.67231, -0.09533, -0.83651, 0.04748, -1.76122, 0.82221
0.08482, 0.57124, -1.49994, -2.67232, -0.09341, -0.83683, 0.04667, -1.76662, 0.82232
0.08822, 0.57151, -1.49872, -2.67239, -0.09107, -0.83714, 0.04596, -1.77232, 0.82253
0.09175, 0.57177, -1.49701, -2.67240, -0.08819, -0.83740, 0.04597, -1.77853, 0.82271
0.09540, 0.57200, -1.49496, -2.67244, -0.08500, -0.83750, 0.04646, -1.78516, 0.82297
0.09917, 0.57225, -1.49272, -2.67260, -0.08107, -0.83745, 0.04703, -1.79192, 0.82331
0.10303, 0.57253, -1.49041, -2.67273, -0.07701, -0.83739, 0.04748, -1.79866, 0.82345
0.10697, 0.57280, -1.48802, -2.67257, -0.07384, -0.83748, 0.04791, -1.80544, 0.82339
0.11105, 0.57313, -1.48539, -2.67233, -0.07003, -0.83729, 0.04842, -1.81235, 0.82341
0.11522, 0.57346, -1.48292, -2.67214, -0.06655, -0.83680, 0.04854, -1.81922, 0.82311
0.11952, 0.57377, -1.48071, -2.67191, -0.06337, -0.83624, 0.04818, -1.82612, 0.82264
0.12394, 0.57403, -1.47878, -2.67182, -0.06040, -0.83613, 0.04734, -1.83308, 0.82227
0.12847, 0.57429, -1.47661, -2.67193, -0.05675, -0.83640, 0.04660, -1.84005, 0.82210
0.13316, 0.57451, -1.47382, -2.67204, -0.05225, -0.83675, 0.04664, -1.84754, 0.82209
0.13800, 0.57467, -1.47073, -2.67209, -0.04761, -0.83695, 0.04707, -1.85549, 0.82215
0.14301, 0.57482, -1.46743, -2.67205, -0.04280, -0.83697, 0.04755, -1.86369, 0.82240
0.14813, 0.57497, -1.46416, -2.67203, -0.03804, -0.83704, 0.04774, -1.87183, 0.82218
0.15336, 0.57511, -1.46125, -2.67215, -0.03352, -0.83703, 0.04706, -1.87971, 0.82194
0.15874, 0.57523, -1.45852, -2.67230, -0.02930, -0.83687, 0.04589, -1.88773, 0.82202
0.16432, 0.57530, -1.45516, -2.67237, -0.02447, -0.83661, 0.04550, -1.89642, 0.82220
0.17009, 0.57530, -1.45153, -2.67246, -0.01921, -0.83653, 0.04527, -1.90564, 0.82252
0.17603, 0.57528, -1.44757, -2.67251, -0.01366, -0.83639, 0.04511, -1.91505, 0.82273
0.18205, 0.57537, -1.44303, -2.67234, -0.00756, -0.83603, 0.04491, -1.92389, 0.82275
0.18821, 0.57550, -1.43833, -2.67206, -0.00132, -0.83575, 0.04458, -1.93272, 0.82282
0.19462, 0.57537, -1.43388, -2.67169, 0.00400, -0.83560, 0.04442, -1.94271, 0.82293
0.20135, 0.57477, -1.43044, -2.67087, 0.00626, -0.83504, 0.04398, -1.95518, 0.82300
0.20852, 0.57358, -1.42663, -2.66961, 0.00716, -0.83441, 0.04342, -1.97378, 0.82248
0.21613, 0.57172, -1.42198, -2.66798, 0.00743, -0.83382, 0.04257, -1.99907, 0.82169
0.22418, 0.56905, -1.41666, -2.66615, 0.00693, -0.83299, 0.04139, -2.03109, 0.82095
0.23271, 0.56544, -1.41033, -2.66419, 0.00586, -0.83214, 0.04038, -2.07061, 0.82026
0.24162, 0.56100, -1.40282, -2.66234, 0.00533, -0.83148, 0.03885, -2.11577, 0.81974
0.25073, 0.55586, -1.39368, -2.66039, 0.00567, -0.83091, 0.03693, -2.16418, 0.81937
0.25988, 0.55006, -1.38277, -2.65806, 0.00663, -0.82952, 0.03486, -2.21380, 0.81908
0.26917, 0.54325, -1.37068, -2.65568, 0.00739, -0.82784, 0.03268, -2.26696, 0.81864
0.27859, 0.53532, -1.35756, -2.65321, 0.00773, -0.82655, 0.03025, -2.32385, 0.81824
0.28796, 0.52637, -1.34341, -2.65058, 0.00762, -0.82552, 0.02762, -2.38247, 0.81754
0.29702, 0.51661, -1.32848, -2.64747, 0.00646, -0.82460, 0.02492, -2.43943, 0.81685
0.30566, 0.50576, -1.31395, -2.64404, 0.00182, -0.82351, 0.02242, -2.49491, 0.81660
0.31379, 0.49290, -1.30249, -2.64009, -0.01393, -0.82163, 0.01987, -2.55306, 0.81464
0.32117, 0.47776, -1.29562, -2.63580, -0.04376, -0.81973, 0.01711, -2.61354, 0.81133
0.32700, 0.46249, -1.29903, -2.62742, -0.09917, -0.81850, 0.00289, -2.65795, 0.80876
0.33075, 0.44812, -1.31600, -2.61291, -0.18701, -0.81760, -0.02695, -2.67553, 0.80785
0.33237, 0.43248, -1.34852, -2.59968, -0.30113, -0.81152, -0.06881, -2.67810, 0.79220
0.33136, 0.41602, -1.39598, -2.58696, -0.43997, -0.80464, -0.12124, -2.67572, 0.77657
0.32769, 0.39851, -1.45846, -2.57973, -0.59272, -0.80249, -0.18994, -2.67227, 0.78880
0.32220, 0.38319, -1.51359, -2.56230, -0.74662, -0.80349, -0.24356, -2.67050, 0.80453
0.31451, 0.37273, -1.54723, -2.52024, -0.90168, -0.80533, -0.26377, -2.66954, 0.81452
0.30557, 0.36330, -1.58102, -2.48343, -1.04210, -0.80691, -0.27841, -2.66784, 0.82150
0.29688, 0.35408, -1.61747, -2.46037, -1.15686, -0.80901, -0.29437, -2.66634, 0.82682
0.28851, 0.34615, -1.64923, -2.44196, -1.25086, -0.81156, -0.30418, -2.66538, 0.82982
0.28305, 0.33962, -1.68563, -2.44869, -1.30529, -0.81373, -0.32598, -2.66258, 0.83047
0.28042, 0.33410, -1.72519, -2.47338, -1.33001, -0.81560, -0.35759, -2.65896, 0.82949
0.27953, 0.33094, -1.75498, -2.49791, -1.33478, -0.81716, -0.38251, -2.65623, 0.82711
0.28022, 0.32824, -1.78293, -2.53022, -1.32039, -0.81842, -0.40845, -2.65429, 0.82356
0.28250, 0.32430, -1.81716, -2.57818, -1.28791, -0.81944, -0.44342, -2.65289, 0.81960
0.28570, 0.32064, -1.84837, -2.63154, -1.23905, -0.82034, -0.47730, -2.65220, 0.81586
0.28783, 0.32166, -1.84993, -2.66152, -1.17714, -0.82125, -0.48142, -2.65294, 0.81255
0.28877, 0.32728, -1.82202, -2.67071, -1.09830, -0.82203, -0.45577, -2.65512, 0.81097
0.28909, 0.33644, -1.77247, -2.66927, -0.99773, -0.82255, -0.40902, -2.65789, 0.81146
0.28912, 0.34899, -1.70290, -2.66078, -0.87104, -0.82298, -0.34235, -2.66116, 0.81292
0.28875, 0.36652, -1.60414, -2.63672, -0.71622, -0.82364, -0.24491, -2.66525, 0.81502
0.28855, 0.38955, -1.47276, -2.59530, -0.52907, -0.82416, -0.11151, -2.67001, 0.81770
0.28894, 0.41419, -1.32784, -2.56364, -0.29308, -0.82522, 0.04057, -2.67456, 0.82115
0.28677, 0.42837, -1.24697, -2.61238, -0.03944, -0.82918, 0.12659, -2.67269, 0.82726
0.28052, 0.43819, -1.21675, -2.67846, 0.14274, -0.83063, 0.15644, -2.65731, 0.83434
0.27456, 0.45074, -1.20772, -2.70316, 0.21128, -0.82594, 0.15472, -2.62989, 0.83719
0.26975, 0.46455, -1.21028, -2.70703, 0.22079, -0.82013, 0.13494, -2.59680, 0.83676
0.26578, 0.47880, -1.22422, -2.70206, 0.19561, -0.81508, 0.09767, -2.55902, 0.83400
0.26234, 0.49253, -1.25938, -2.69358, 0.12845, -0.81084, 0.03029, -2.51550, 0.83014
0.25826, 0.50455, -1.31791, -2.68265, 0.01530, -0.80839, -0.06645, -2.46449, 0.82607
0.25341, 0.51592, -1.37492, -2.65627, -0.12686, -0.80738, -0.15636, -2.41311, 0.82149
0.24740, 0.52886, -1.40346, -2.59316, -0.29186, -0.80709, -0.20340, -2.37088, 0.81632
0.23948, 0.54179, -1.41478, -2.51445, -0.45806, -0.80786, -0.22242, -2.33367, 0.81310
0.23078, 0.55369, -1.42154, -2.44584, -0.59548, -0.81003, -0.23477, -2.29515, 0.81260
0.22244, 0.56368, -1.43541, -2.40109, -0.69770, -0.81289, -0.25832, -2.25275, 0.81344
0.21529, 0.57001, -1.46801, -2.39310, -0.76294, -0.81563, -0.30632, -2.20701, 0.81465
0.21006, 0.57475, -1.49752, -2.39949, -0.79759, -0.81753, -0.35003, -2.16906, 0.81363
0.20664, 0.57833, -1.51589, -2.40921, -0.81051, -0.81827, -0.37754, -2.14670, 0.81182
0.20558, 0.57898, -1.53058, -2.43517, -0.79299, -0.81870, -0.39579, -2.14281, 0.81086
0.20714, 0.57681, -1.53438, -2.47637, -0.73619, -0.81922, -0.39362, -2.16231, 0.80939
0.21079, 0.57330, -1.51256, -2.51970, -0.63853, -0.81977, -0.35235, -2.20794, 0.80837
0.21618, 0.56892, -1.45614, -2.56186, -0.48951, -0.82000, -0.25946, -2.27996, 0.80857
0.22273, 0.56250, -1.35814, -2.60676, -0.27036, -0.82028, -0.09931, -2.37948, 0.80940
0.22893, 0.55359, -1.22236, -2.64796, 0.00419, -0.82198, 0.12490, -2.49830, 0.81094
0.23146, 0.54694, -1.15035, -2.67208, 0.15668, -0.82246, 0.23629, -2.57524, 0.81390
0.23242, 0.54180, -1.12605, -2.68123, 0.20763, -0.82108, 0.26375, -2.62963, 0.81633
0.23228, 0.53860, -1.12596, -2.68015, 0.20364, -0.81915, 0.24823, -2.65980, 0.81780
0.23051, 0.53586, -1.14631, -2.67307, 0.14935, -0.76848, 0.20855, -2.66982, 0.77960
0.22777, 0.53250, -1.18201, -2.66389, 0.06452, -0.72795, 0.15991, -2.66937, 0.66387
0.22430, 0.52861, -1.22068, -2.64637, -0.04179, -0.71032, 0.11381, -2.65980, 0.55312
0.21966, 0.52495, -1.25445, -2.60786, -0.18306, -0.68646, 0.07769, -2.64505, 0.46651
0.21262, 0.52080, -1.28688, -2.55252, -0.35997, -0.63740, 0.05472, -2.62640, 0.34287
0.20144, 0.51622, -1.31592, -2.48180, -0.57035, -0.52442, 0.03967, -2.60760, 0.25959
0.18738, 0.51266, -1.33858, -2.39867, -0.78495, -0.47362, 0.02110, -2.59170, 0.25712
0.17284, 0.50926, -1.36206, -2.32200, -0.96745, -0.55500, -0.00670, -2.57690, 0.29414
0.15900, 0.50755, -1.37303, -2.24038, -1.11066, -0.76576, -0.02262, -2.56467, 0.34311
0.14517, 0.50728, -1.36455, -2.15223, -1.22687, -0.96731, -0.01662, -2.55630, 0.40183
0.13122, 0.50795, -1.34037, -2.06232, -1.33599, -1.03846, 0.00118, -2.55083, 0.49501
0.11791, 0.50956, -1.30643, -1.97258, -1.43510, -1.04460, 0.01637, -2.54485, 0.65920
0.10544, 0.50900, -1.28887, -1.90946, -1.51566, -1.02275, 0.00163, -2.52167, 0.90183
0.09398, 0.50612, -1.29506, -1.87621, -1.57825, -0.99139, -0.03729, -2.49413, 1.02628
0.08332, 0.50209, -1.31964, -1.86298, -1.62793, -0.95782, -0.10079, -2.46417, 1.05954
0.07341, 0.49740, -1.35115, -1.85783, -1.66965, -0.92678, -0.17381, -2.43252, 1.04783
0.06414, 0.49274, -1.37271, -1.84419, -1.70927, -0.90063, -0.23174, -2.40746, 1.01624
0.05594, 0.48716, -1.39697, -1.83916, -1.73792, -0.87999, -0.28574, -2.38721, 0.98321
0.04976, 0.48294, -1.42348, -1.84795, -1.74522, -0.86401, -0.32301, -2.37497, 0.95824
0.04547, 0.47877, -1.45287, -1.86732, -1.73753, -0.85198, -0.35123, -2.37329, 0.93613
0.04311, 0.47426, -1.48357, -1.89384, -1.71754, -0.84278, -0.37457, -2.38087, 0.91475
0.04297, 0.47056, -1.50853, -1.92118, -1.68461, -0.83604, -0.38998, -2.39574, 0.89419
0.04520, 0.46568, -1.53803, -1.96187, -1.63602, -0.83166, -0.40956, -2.41735, 0.87103
0.04951, 0.46062, -1.56193, -2.00634, -1.57312, -0.82884, -0.42039, -2.44850, 0.84857
0.05519, 0.45559, -1.56958, -2.04711, -1.49560, -0.82664, -0.40819, -2.49137, 0.83417
0.06212, 0.45101, -1.56004, -2.08419, -1.40031, -0.82499, -0.37197, -2.54212, 0.82575
0.07037, 0.44681, -1.53222, -2.11765, -1.28458, -0.82299, -0.30949, -2.60109, 0.82085
0.07994, 0.44304, -1.49105, -2.15387, -1.14268, -0.81535, -0.22679, -2.65877, 0.81844
0.09024, 0.44097, -1.44947, -2.20346, -0.96929, -0.80860, -0.14389, -2.68819, 0.81827
0.10213, 0.44023, -1.40741, -2.25068, -0.82131, -0.78768, -0.06039, -2.69870, 0.81866
0.11654, 0.44014, -1.36542, -2.29780, -0.69224, -0.76556, 0.02300, -2.69832, 0.81897
0.13301, 0.43631, -1.35160, -2.38231, -0.55106, -0.75933, 0.06849, -2.69149, 0.81931
0.15114, 0.42782, -1.36332, -2.51311, -0.37233, -0.77879, 0.08254, -2.68261, 0.81904
0.16872, 0.41561, -1.38736, -2.67771, -0.15507, -0.81915, 0.08302, -2.67282, 0.81872
0.18346, 0.41205, -1.38993, -2.77217, -0.02221, -0.83922, 0.08204, -2.65075, 0.81919
0.19811, 0.41624, -1.37430, -2.80458, 0.03598, -0.84583, 0.07861, -2.62205, 0.81978
0.21357, 0.42443, -1.34860, -2.80460, 0.05759, -0.84543, 0.07345, -2.60102, 0.82055
0.22987, 0.43421, -1.31916, -2.78929, 0.06130, -0.84230, 0.06765, -2.59347, 0.82247
0.24692, 0.44398, -1.28916, -2.76816, 0.05715, -0.83871, 0.06185, -2.59486, 0.82490
0.26435, 0.45329, -1.26008, -2.74576, 0.05028, -0.83526, 0.05578, -2.60075, 0.82669
0.28191, 0.46168, -1.23245, -2.72455, 0.04301, -0.83149, 0.04964, -2.60953, 0.82750
0.29941, 0.46889, -1.20649, -2.70548, 0.03578, -0.82806, 0.04352, -2.62016, 0.82710
0.31628, 0.47580, -1.18208, -2.68813, 0.02900, -0.82560, 0.03656, -2.62812, 0.82591
0.33238, 0.48223, -1.15932, -2.67296, 0.02243, -0.82356, 0.02953, -2.63413, 0.82362
0.34764, 0.48820, -1.13789, -2.66031, 0.01712, -0.82137, 0.02265, -2.63835, 0.82106
0.36205, 0.49391, -1.11936, -2.64789, 0.00628, -0.81947, 0.01327, -2.63988, 0.81834
0.37567, 0.49915, -1.10190, -2.63717, -0.00454, -0.81855, 0.00456, -2.64055, 0.81503
0.38853, 0.50402, -1.08503, -2.62628, -0.01823, -0.81798, -0.00328, -2.64050, 0.81240
0.40047, 0.50849, -1.07182, -2.61014, -0.05076, -0.81712, -0.01415, -2.63885, 0.81061
0.41136, 0.51234, -1.06216, -2.58935, -0.10123, -0.81585, -0.02661, -2.63659, 0.80797
0.42083, 0.51529, -1.05918, -2.56647, -0.17031, -0.81331, -0.04062, -2.63455, 0.79784
0.42818, 0.51704, -1.07063, -2.54546, -0.26332, -0.80962, -0.06306, -2.63107, 0.77661
0.43206, 0.51608, -1.11680, -2.54171, -0.38499, -0.80613, -0.12151, -2.61915, 0.75127
0.43261, 0.51088, -1.19845, -2.55943, -0.53023, -0.80329, -0.21341, -2.60322, 0.72022
0.43115, 0.50450, -1.27580, -2.56518, -0.69856, -0.77491, -0.28461, -2.59589, 0.67759
0.42821, 0.49920, -1.33362, -2.54611, -0.87712, -0.79516, -0.31524, -2.59933, 0.61819
0.42318, 0.49350, -1.37854, -2.51654, -1.05596, -0.83636, -0.31579, -2.61257, 0.55185
0.41583, 0.48932, -1.40222, -2.47016, -1.23836, -0.85216, -0.28433, -2.63055, 0.48815
0.40624, 0.48769, -1.42025, -2.41600, -1.42545, -0.85502, -0.25522, -2.63917, 0.45622
0.39442, 0.48892, -1.42362, -2.34781, -1.61682, -0.84165, -0.21780, -2.63683, 0.50161
0.38208, 0.49451, -1.39636, -2.25750, -1.79978, -0.82348, -0.15077, -2.62521, 0.60814
0.37079, 0.50298, -1.35410, -2.16170, -1.96467, -0.81533, -0.08059, -2.59445, 0.80512
0.36117, 0.51274, -1.30430, -2.06790, -2.11324, -0.81255, -0.00195, -2.55251, 0.96998
0.35264, 0.52076, -1.27202, -1.99824, -2.24676, -0.81274, 0.05671, -2.50777, 1.02798
0.34397, 0.52653, -1.27107, -1.95985, -2.36957, -0.81360, 0.06850, -2.45141, 1.03192
0.33454, 0.53127, -1.29767, -1.94229, -2.48796, -0.81473, 0.03401, -2.37858, 1.01075
0.32461, 0.53611, -1.34203, -1.93243, -2.60458, -0.81617, -0.03532, -2.28858, 0.97988
0.31896, 0.54020, -1.39070, -1.93389, -2.69158, -0.81908, -0.12376, -2.19466, 0.94671
0.32090, 0.54326, -1.43266, -1.94886, -2.73144, -0.82241, -0.21403, -2.11322, 0.91695
0.32767, 0.54666, -1.46041, -1.96172, -2.74228, -0.82496, -0.27917, -2.06930, 0.89744
0.33723, 0.54876, -1.48500, -1.97909, -2.73592, -0.82668, -0.33048, -2.05324, 0.88448
0.34856, 0.54618, -1.53182, -2.02416, -2.71932, -0.82723, -0.39940, -2.05151, 0.87414
0.36082, 0.54355, -1.56898, -2.06264, -2.69867, -0.82713, -0.45001, -2.06490, 0.86114
0.37326, 0.54533, -1.57159, -2.06557, -2.67559, -0.82695, -0.45888, -2.08870, 0.84759
0.38651, 0.54868, -1.56452, -2.05830, -2.64643, -0.82673, -0.46040, -2.11125, 0.83872
0.40079, 0.55357, -1.54310, -2.04012, -2.60994, -0.82652, -0.44795, -2.13676, 0.83262
0.41643, 0.56138, -1.49061, -1.99758, -2.56573, -0.82646, -0.39939, -2.17519, 0.82817
0.43406, 0.57365, -1.39320, -1.91766, -2.51529, -0.82646, -0.29646, -2.23002, 0.82488
0.45517, 0.58806, -1.25965, -1.81222, -2.45833, -0.82623, -0.14620, -2.29993, 0.82248
0.48067, 0.60034, -1.11047, -1.70439, -2.39297, -0.82474, 0.02968, -2.38241, 0.82078
0.50701, 0.60449, -1.01403, -1.65220, -2.31412, -0.82320, 0.13546, -2.45386, 0.82042
0.53181, 0.60198, -0.97098, -1.65719, -2.21991, -0.82246, 0.16827, -2.50999, 0.82074
0.55387, 0.59398, -0.97775, -1.71501, -2.11309, -0.82204, 0.13331, -2.55016, 0.82056
0.57468, 0.58446, -1.00328, -1.78997, -2.00260, -0.82193, 0.07409, -2.58227, 0.76719
0.59580, 0.57568, -1.01532, -1.85028, -1.89621, -0.82159, 0.04254, -2.62141, 0.60766
0.61583, 0.56660, -1.02739, -1.90847, -1.79568, -0.82096, 0.02561, -2.65042, 0.35950
0.63420, 0.55727, -1.04739, -1.97088, -1.70132, -0.81891, 0.01391, -2.66196, 0.07968
0.65103, 0.54969, -1.07274, -2.03029, -1.61646, -0.81688, 0.00543, -2.66772, -0.11454
0.66694, 0.54368, -1.10017, -2.08273, -1.54300, -0.81630, 0.00347, -2.66916, -0.27607
0.68198, 0.53866, -1.13071, -2.12848, -1.48286, -0.81643, 0.00506, -2.66533, -0.43242
0.69586, 0.53382, -1.16435, -2.17014, -1.43518, -0.81670, 0.00658, -2.65609, -0.58490
0.70840, 0.52777, -1.20360, -2.21369, -1.39695, -0.81693, 0.00758, -2.63803, -0.77320
0.71991, 0.52249, -1.23996, -2.24734, -1.37165, -0.81702, 0.00872, -2.61495, -0.93998
0.73077, 0.51868, -1.26864, -2.26829, -1.35596, -0.81612, 0.00887, -2.59754, -0.99952
0.74102, 0.51367, -1.30512, -2.29636, -1.34204, -0.81522, -0.01717, -2.59258, -1.00943
0.75045, 0.50763, -1.34587, -2.32589, -1.33561, -0.81129, -0.05982, -2.59899, -0.99606
0.75975, 0.49970, -1.38669, -2.35808, -1.32974, -0.80598, -0.09992, -2.61288, -0.97108
0.76887, 0.49204, -1.41646, -2.37965, -1.32714, -0.80445, -0.12205, -2.62897, -0.94205
0.77800, 0.48688, -1.42991, -2.38548, -1.32418, -0.80545, -0.12358, -2.63756, -0.91502
0.78789, 0.48052, -1.44752, -2.40334, -1.30712, -0.80764, -0.12850, -2.63980, -0.89137
0.79840, 0.47329, -1.47244, -2.43384, -1.27846, -0.81008, -0.15163, -2.64036, -0.87431
0.80989, 0.46669, -1.49503, -2.46980, -1.23411, -0.81191, -0.18591, -2.64238, -0.86270
0.82186, 0.46014, -1.51515, -2.51011, -1.17821, -0.81328, -0.22415, -2.64500, -0.85470
0.83335, 0.45313, -1.53548, -2.55279, -1.12069, -0.81450, -0.26490, -2.64681, -0.84994
0.84383, 0.44609, -1.55466, -2.59232, -1.06939, -0.81546, -0.30497, -2.64745, -0.84667
0.85307, 0.43913, -1.57108, -2.62517, -1.02849, -0.81613, -0.34077, -2.64818, -0.84393
0.86112, 0.43419, -1.57390, -2.63962, -0.99910, -0.81627, -0.36038, -2.64986, -0.84179
0.86940, 0.43205, -1.55873, -2.64109, -0.96093, -0.81640, -0.36338, -2.65206, -0.83830
0.87910, 0.43228, -1.52605, -2.63981, -0.89509, -0.81710, -0.35255, -2.65476, -0.83362
0.89001, 0.43470, -1.47994, -2.63736, -0.80508, -0.81816, -0.33347, -2.65706, -0.82404
0.90150, 0.43886, -1.42670, -2.63456, -0.70029, -0.81890, -0.31519, -2.65866, -0.80007
0.91322, 0.44428, -1.36814, -2.63179, -0.58414, -0.81911, -0.29902, -2.66036, -0.75960
0.92510, 0.45088, -1.30528, -2.62945, -0.45728, -0.81943, -0.28586, -2.66152, -0.70301
0.93693, 0.45849, -1.23956, -2.62756, -0.32224, -0.82014, -0.27754, -2.66176, -0.62886
0.94931, 0.46775, -1.16229, -2.62677, -0.16129, -0.82117, -0.26365, -2.66195, -0.54035
0.96193, 0.47872, -1.07135, -2.62527, 0.02643, -0.82247, -0.24037, -2.66248, -0.43773
0.97398, 0.49079, -0.98954, -2.59206, 0.13701, -0.82157, -0.23677, -2.65666, -0.31520
0.98517, 0.50358, -0.92464, -2.53596, 0.17423, -0.81946, -0.23643, -2.64394, -0.21927
0.99446, 0.51678, -0.87085, -2.47054, 0.17471, -0.81753, -0.21584, -2.63339, -0.15833
1.00251, 0.52968, -0.81967, -2.39911, 0.15752, -0.81534, -0.18105, -2.62793, -0.07904
1.00973, 0.54199, -0.77037, -2.32413, 0.12816, -0.81295, -0.14013, -2.62494, -0.02066
1.01626, 0.55371, -0.72131, -2.24866, 0.09599, -0.81129, -0.09531, -2.62292, 0.04709
1.02251, 0.56453, -0.67023, -2.17414, 0.06727, -0.81069, -0.04529, -2.62145, 0.10092
1.02816, 0.57471, -0.61995, -2.09606, 0.02838, -0.81027, 0.00491, -2.62078, 0.16308
1.03118, 0.58385, -0.58513, -2.02315, -0.03021, -0.81020, 0.03691, -2.61862, 0.27674
1.03065, 0.59156, -0.57091, -1.95779, -0.11766, -0.78254, 0.04825, -2.60825, 0.41244
1.02628, 0.59766, -0.57689, -1.89950, -0.23488, -0.72897, 0.04906, -2.59471, 0.47661
1.01563, 0.60081, -0.61563, -1.86188, -0.38307, -0.61568, 0.02630, -2.58185, 0.48944
0.99789, 0.60017, -0.68373, -1.84428, -0.56142, -0.40086, -0.01375, -2.57461, 0.47540
0.97493, 0.59583, -0.76627, -1.83778, -0.75354, -0.12095, -0.05055, -2.57786, 0.43932
0.94964, 0.58950, -0.83697, -1.81647, -0.95600, 0.18257, -0.04843, -2.59781, 0.37680
0.92470, 0.58415, -0.87404, -1.75749, -1.16991, 0.44983, 0.01792, -2.63291, 0.28623
0.89829, 0.57909, -0.92180, -1.70840, -1.37643, 0.70296, 0.06321, -2.65409, 0.21128
0.87021, 0.57421, -0.97979, -1.66438, -1.58180, 0.93878, 0.07909, -2.66126, 0.16701
0.84112, 0.56989, -1.04191, -1.61094, -1.80486, 1.03363, 0.08020, -2.65899, 0.13483
0.81137, 0.56611, -1.10145, -1.54481, -2.03602, 1.02765, 0.07441, -2.65250, 0.12472
0.78103, 0.56356, -1.14969, -1.45187, -2.27209, 0.90672, 0.06579, -2.64129, 0.20169
0.75117, 0.56228, -1.18613, -1.35398, -2.48770, 0.73212, 0.05712, -2.62187, 0.35281
0.72413, 0.56399, -1.21104, -1.28899, -2.66118, 0.59847, 0.04846, -2.58719, 0.53611
0.70517, 0.57021, -1.22589, -1.24857, -2.75832, 0.55336, 0.02881, -2.53328, 0.77801
0.69358, 0.57754, -1.24434, -1.24211, -2.79412, 0.56075, -0.00043, -2.47104, 0.98171
0.68634, 0.58333, -1.27538, -1.26898, -2.79434, 0.56960, -0.03774, -2.41672, 1.05351
0.68170, 0.58710, -1.31352, -1.31768, -2.77617, 0.57959, -0.07893, -2.37478, 1.05780
0.67894, 0.59046, -1.33889, -1.35525, -2.75188, 0.52979, -0.09902, -2.35042, 1.03195
0.67751, 0.59424, -1.34538, -1.36958, -2.72438, 0.38709, -0.09115, -2.33971, 0.99572
0.67735, 0.59706, -1.34816, -1.38454, -2.68663, 0.19412, -0.07560, -2.33213, 0.95959
0.67832, 0.59847, -1.35011, -1.40398, -2.63674, -0.04064, -0.05590, -2.32759, 0.92755
0.68058, 0.59815, -1.34998, -1.42126, -2.56879, -0.37331, -0.02980, -2.33139, 0.90088
0.68433, 0.59566, -1.35766, -1.44929, -2.46654, -0.84826, -0.01132, -2.33954, 0.87982
0.68978, 0.59194, -1.37414, -1.51336, -2.35263, -1.20395, -0.00640, -2.35001, 0.86203
0.69690, 0.58724, -1.38297, -1.59256, -2.25665, -1.31914, 0.00899, -2.37189, 0.84124
0.70597, 0.57826, -1.39959, -1.69434, -2.16243, -1.31549, 0.01877, -2.40711, 0.82417
0.71691, 0.56509, -1.42351, -1.81387, -2.06002, -1.25928, 0.02361, -2.45571, 0.80685
0.72941, 0.54872, -1.45133, -1.94471, -1.94356, -1.18619, 0.02575, -2.51334, 0.79233
0.74337, 0.52861, -1.48382, -2.08964, -1.80723, -1.11379, 0.02598, -2.57848, 0.78798
0.75830, 0.50494, -1.52124, -2.24899, -1.64748, -1.04948, 0.02509, -2.64650, 0.78904
0.77195, 0.48176, -1.56161, -2.41371, -1.46656, -0.99575, 0.02211, -2.68517, 0.79129
0.78451, 0.45777, -1.60627, -2.59057, -1.25899, -0.95279, 0.01899, -2.70101, 0.79365
0.79479, 0.43931, -1.63374, -2.74588, -1.03799, -0.92053, 0.02066, -2.69909, 0.79563
0.80105, 0.43824, -1.61070, -2.81802, -0.84052, -0.89742, 0.02957, -2.67923, 0.79874
0.80502, 0.44897, -1.55653, -2.83916, -0.65592, -0.88031, 0.03832, -2.64288, 0.80348
0.80819, 0.46708, -1.48416, -2.83272, -0.47277, -0.86762, 0.04481, -2.59196, 0.80823
0.81124, 0.48942, -1.40199, -2.81336, -0.28414, -0.85840, 0.04862, -2.52839, 0.81247
0.81411, 0.51352, -1.31566, -2.78960, -0.08792, -0.85183, 0.05047, -2.45438, 0.81581
0.81653, 0.53760, -1.23102, -2.75791, 0.09476, -0.84651, 0.04907, -2.37360, 0.81806
0.81815, 0.56069, -1.16712, -2.69532, 0.17885, -0.83966, 0.04174, -2.29675, 0.82550
0.81885, 0.58086, -1.12568, -2.62375, 0.20073, -0.83323, 0.03498, -2.23805, 0.83570
0.81746, 0.59663, -1.11446, -2.56616, 0.19088, -0.82819, 0.01231, -2.19126, 0.84354
0.81265, 0.60817, -1.14695, -2.53409, 0.15048, -0.81724, -0.05157, -2.14244, 0.84773
0.80560, 0.61673, -1.20339, -2.50998, 0.08007, -0.80461, -0.13432, -2.09567, 0.84568
0.79719, 0.62381, -1.26603, -2.47577, -0.02317, -0.79272, -0.21767, -2.05136, 0.84025
0.78871, 0.63123, -1.31870, -2.42013, -0.16126, -0.77266, -0.28500, -2.01221, 0.83351
0.78273, 0.63911, -1.34396, -2.35451, -0.28651, -0.76040, -0.31395, -1.99310, 0.82718
0.78097, 0.64526, -1.35896, -2.31273, -0.35965, -0.77887, -0.32781, -1.99363, 0.82305
0.78274, 0.64807, -1.37832, -2.30761, -0.38308, -0.81464, -0.34455, -2.00728, 0.82056
0.78640, 0.64715, -1.39224, -2.32797, -0.36892, -0.83359, -0.34691, -2.03976, 0.81788
0.79227, 0.64385, -1.39302, -2.36087, -0.32396, -0.84057, -0.32571, -2.09366, 0.81411
0.80011, 0.63841, -1.38098, -2.40716, -0.24442, -0.84131, -0.28256, -2.16460, 0.81155
0.80963, 0.63088, -1.34865, -2.46736, -0.11685, -0.83960, -0.20675, -2.25318, 0.81084
0.82022, 0.62153, -1.27468, -2.52316, 0.05942, -0.83587, -0.06427, -2.36967, 0.81085
0.82989, 0.61021, -1.20641, -2.55171, 0.16339, -0.81781, 0.07981, -2.48772, 0.81149
0.83668, 0.59281, -1.20383, -2.60473, 0.19528, -0.80805, 0.14002, -2.59045, 0.81280
0.84186, 0.57481, -1.23444, -2.65813, 0.17289, -0.80406, 0.15240, -2.67141, 0.81340
0.84594, 0.56317, -1.27390, -2.67961, 0.08785, -0.80253, 0.14101, -2.70681, 0.81293
0.84857, 0.55385, -1.32222, -2.68294, -0.04195, -0.80222, 0.12049, -2.71617, 0.78085
0.84914, 0.54390, -1.37677, -2.67647, -0.20393, -0.79172, 0.09845, -2.71152, 0.75876
0.84792, 0.53261, -1.43324, -2.66782, -0.37478, -0.78625, 0.07972, -2.70067, 0.74198
0.84533, 0.51995, -1.49285, -2.66036, -0.54764, -0.79913, 0.06507, -2.68858, 0.67471
0.84115, 0.50555, -1.55072, -2.65148, -0.72450, -0.80706, 0.05384, -2.67633, 0.64292
0.83630, 0.49017, -1.59980, -2.64436, -0.88621, -0.81214, 0.04509, -2.66283, 0.71519
0.83189, 0.47490, -1.63891, -2.64135, -1.02312, -0.81547, 0.03930, -2.64591, 0.85890
0.82850, 0.46050, -1.67356, -2.64207, -1.14137, -0.81763, 0.03714, -2.63436, 0.93013
0.82602, 0.44717, -1.70322, -2.64418, -1.24414, -0.81914, 0.03643, -2.62854, 0.94991
0.82442, 0.43505, -1.72713, -2.64651, -1.33210, -0.82042, 0.03607, -2.62620, 0.94453
0.82365, 0.42400, -1.74555, -2.64885, -1.40644, -0.82158, 0.03570, -2.62532, 0.92867
0.82365, 0.41400, -1.75882, -2.65083, -1.46820, -0.82250, 0.03455, -2.62463, 0.91003
0.82451, 0.40488, -1.76687, -2.65234, -1.51769, -0.82326, 0.03320, -2.62476, 0.89150
0.82622, 0.39651, -1.76968, -2.65318, -1.55554, -0.82335, 0.03228, -2.62546, 0.87520
0.82875, 0.38883, -1.76767, -2.65321, -1.58247, -0.82311, 0.03132, -2.62621, 0.86202
0.83212, 0.38173, -1.76153, -2.65277, -1.59878, -0.82318, 0.02977, -2.62685, 0.85169
0.83642, 0.37504, -1.75118, -2.65217, -1.60429, -0.82333, 0.02853, -2.62781, 0.84357
0.84166, 0.36870, -1.73674, -2.65136, -1.59917, -0.82305, 0.02742, -2.62923, 0.83739
0.84786, 0.36270, -1.71846, -2.65055, -1.58339, -0.82270, 0.02636, -2.63052, 0.83287
0.85507, 0.35693, -1.69639, -2.65007, -1.55654, -0.82261, 0.02564, -2.63151, 0.82963
0.86329, 0.35143, -1.67052, -2.64970, -1.51889, -0.82265, 0.02510, -2.63241, 0.82736
0.87256, 0.34618, -1.64092, -2.64960, -1.47017, -0.82289, 0.02455, -2.63316, 0.82572
0.88301, 0.34128, -1.60706, -2.64980, -1.40914, -0.82331, 0.02423, -2.63366, 0.82454
0.89452, 0.33713, -1.56947, -2.64999, -1.33592, -0.82380, 0.02450, -2.63445, 0.82517
0.90586, 0.33572, -1.53703, -2.65043, -1.25782, -0.82413, 0.02438, -2.63877, 0.83357
0.91676, 0.33747, -1.50899, -2.65093, -1.17424, -0.82436, 0.02397, -2.64484, 0.84404
0.92733, 0.34232, -1.48281, -2.65151, -1.08237, -0.82472, 0.02372, -2.65083, 0.85289
0.93763, 0.35026, -1.45663, -2.65211, -0.98027, -0.82515, 0.02365, -2.65489, 0.85891
0.94780, 0.36092, -1.42928, -2.65266, -0.86740, -0.82558, 0.02406, -2.65665, 0.86208
0.95763, 0.37346, -1.40151, -2.65314, -0.74770, -0.82591, 0.02489, -2.65620, 0.86262
0.96689, 0.38697, -1.37436, -2.65376, -0.62496, -0.82620, 0.02620, -2.65386, 0.86063
0.97585, 0.40117, -1.34695, -2.65508, -0.49649, -0.82662, 0.02814, -2.64990, 0.85728
0.98451, 0.41585, -1.31889, -2.65704, -0.36157, -0.82717, 0.03050, -2.64447, 0.85380
0.99277, 0.43076, -1.29021, -2.65953, -0.22032, -0.82718, 0.03348, -2.63840, 0.85089
0.99999, 0.44576, -1.26329, -2.66062, -0.08112, -0.82689, 0.03552, -2.62852, 0.84812
1.00571, 0.45953, -1.24192, -2.65791, 0.04067, -0.82642, 0.03553, -2.61812, 0.84481
1.00986, 0.47123, -1.22969, -2.63992, 0.10033, -0.82729, 0.03246, -2.60883, 0.84064
1.01298, 0.47895, -1.22632, -2.62478, 0.11444, -0.83037, 0.02861, -2.60585, 0.83568
1.01592, 0.48289, -1.23166, -2.61750, 0.10508, -0.83060, 0.02245, -2.61127, 0.82941
1.01848, 0.48372, -1.25011, -2.62185, 0.08261, -0.82910, 0.00507, -2.61814, 0.82293
1.02110, 0.48353, -1.27615, -2.62605, 0.04242, -0.82552, -0.02042, -2.62223, 0.81456
1.02374, 0.48227, -1.30978, -2.62754, -0.01930, -0.82050, -0.05019, -2.62412, 0.78821
1.02614, 0.47990, -1.34723, -2.62442, -0.10043, -0.81521, -0.08043, -2.62187, 0.78370
1.02789, 0.47622, -1.38512, -2.61523, -0.19850, -0.81078, -0.10498, -2.61655, 0.80730
1.02861, 0.47053, -1.42143, -2.60092, -0.30928, -0.80872, -0.11463, -2.61423, 0.81727
1.02877, 0.46252, -1.45165, -2.58931, -0.41040, -0.80895, -0.10377, -2.61663, 0.82061
1.02843, 0.45154, -1.48532, -2.58784, -0.50387, -0.81009, -0.08680, -2.61957, 0.82003
1.02794, 0.43722, -1.52736, -2.60140, -0.58877, -0.81038, -0.07181, -2.62105, 0.81795
1.02859, 0.42133, -1.56125, -2.62581, -0.64339, -0.81024, -0.03976, -2.62347, 0.81576
1.03034, 0.40709, -1.57170, -2.64134, -0.67425, -0.81061, 0.02225, -2.62533, 0.81438
1.03238, 0.39532, -1.58446, -2.65257, -0.70565, -0.81198, 0.06233, -2.61850, 0.81456
1.03492, 0.38575, -1.60056, -2.66095, -0.73630, -0.81412, 0.07805, -2.60894, 0.81565
1.03830, 0.37802, -1.61494, -2.66659, -0.75962, -0.81647, 0.07993, -2.60132, 0.81686
1.04275, 0.37172, -1.62448, -2.66987, -0.77169, -0.81866, 0.07545, -2.59886, 0.81794
1.04847, 0.36654, -1.62714, -2.67133, -0.76960, -0.82055, 0.06952, -2.60365, 0.81871
1.05555, 0.36223, -1.62235, -2.67169, -0.75188, -0.82198, 0.06378, -2.61682, 0.81918
1.06348, 0.35933, -1.61028, -2.67081, -0.71815, -0.82291, 0.05797, -2.63088, 0.81962
1.07182, 0.35833, -1.59106, -2.66898, -0.66716, -0.82334, 0.05222, -2.63852, 0.82011
1.08077, 0.35897, -1.56416, -2.66718, -0.59672, -0.82373, 0.04756, -2.64207, 0.82065
1.09037, 0.36107, -1.52938, -2.66569, -0.50621, -0.82437, 0.04426, -2.64314, 0.82120
1.09994, 0.36402, -1.49133, -2.66481, -0.40802, -0.82654, 0.04241, -2.64310, 0.82405
1.10742, 0.36674, -1.46209, -2.66469, -0.34217, -0.83346, 0.04231, -2.64362, 0.83257
1.11331, 0.36982, -1.43989, -2.66489, -0.29996, -0.84026, 0.04257, -2.64424, 0.84183
1.11805, 0.37361, -1.42285, -2.66506, -0.27225, -0.84487, 0.04247, -2.64439, 0.84921
1.12194, 0.37801, -1.40992, -2.66485, -0.25451, -0.84695, 0.04192, -2.64408, 0.85342
1.12534, 0.38294, -1.39964, -2.66461, -0.24191, -0.84725, 0.04085, -2.64342, 0.85504
1.12850, 0.38825, -1.39127, -2.66407, -0.23300, -0.84619, 0.03926, -2.64250, 0.85429
1.13156, 0.39393, -1.38322, -2.66328, -0.22448, -0.84436, 0.03804, -2.64126, 0.85214
1.13476, 0.40008, -1.37371, -2.66311, -0.21155, -0.84274, 0.03781, -2.63966, 0.84994
1.13825, 0.40678, -1.36247, -2.66352, -0.19286, -0.84139, 0.03817, -2.63759, 0.84778
1.14230, 0.41397, -1.35005, -2.66359, -0.16850, -0.83907, 0.03815, -2.63531, 0.84545
1.14660, 0.42102, -1.33849, -2.66222, -0.14625, -0.83614, 0.03701, -2.63289, 0.84259
1.15134, 0.42812, -1.32565, -2.66119, -0.11800, -0.83360, 0.03626, -2.63059, 0.84009
1.15667, 0.43545, -1.31072, -2.66074, -0.08107, -0.83152, 0.03615, -2.62849, 0.83832
1.16204, 0.44213, -1.29755, -2.65921, -0.04940, -0.82991, 0.03508, -2.62690, 0.83544
1.16677, 0.44716, -1.28915, -2.65586, -0.03632, -0.82932, 0.03265, -2.62632, 0.83056
1.17118, 0.45117, -1.28220, -2.65295, -0.02841, -0.82910, 0.03001, -2.62605, 0.82641
1.17556, 0.45450, -1.27597, -2.65048, -0.02129, -0.82703, 0.02681, -2.62608, 0.82326
1.17950, 0.45660, -1.27349, -2.64683, -0.02548, -0.82412, 0.02186, -2.62676, 0.81961
1.18266, 0.45707, -1.28045, -2.64264, -0.05017, -0.82192, 0.00824, -2.62675, 0.81578
1.18484, 0.45529, -1.30236, -2.63876, -0.10388, -0.82012, -0.02053, -2.62552, 0.81215
1.18596, 0.45104, -1.33703, -2.63427, -0.18535, -0.81837, -0.05961, -2.62398, 0.80944
1.18570, 0.44459, -1.38184, -2.62768, -0.29245, -0.81665, -0.10398, -2.61986, 0.80668
1.18394, 0.43717, -1.42803, -2.61065, -0.42432, -0.81380, -0.14376, -2.61336, 0.80383
1.18078, 0.42804, -1.47328, -2.59034, -0.56416, -0.81156, -0.17465, -2.60837, 0.80167
1.17652, 0.41657, -1.51384, -2.56967, -0.70235, -0.81128, -0.18828, -2.61014, 0.79404
1.17118, 0.40357, -1.54216, -2.54309, -0.83747, -0.81185, -0.17456, -2.61846, 0.78514
1.16569, 0.38926, -1.56526, -2.52572, -0.95057, -0.81306, -0.15014, -2.62696, 0.78985
1.16177, 0.37261, -1.59137, -2.53231, -1.02776, -0.81477, -0.12476, -2.63214, 0.79570
1.15928, 0.35299, -1.63013, -2.56527, -1.08043, -0.81568, -0.11331, -2.63513, 0.80069
1.15630, 0.33602, -1.66278, -2.59477, -1.12313, -0.81615, -0.10621, -2.64026, 0.80424
1.15314, 0.32164, -1.69009, -2.62394, -1.15038, -0.81703, -0.10316, -2.64639, 0.80733
1.14970, 0.31026, -1.70799, -2.64747, -1.16466, -0.81823, -0.09698, -2.65188, 0.81069
1.14563, 0.30293, -1.70873, -2.65660, -1.16828, -0.81952, -0.07702, -2.65642, 0.81444
1.14110, 0.29854, -1.69684, -2.65786, -1.15880, -0.82060, -0.04563, -2.66015, 0.81790
