0.06268, -0.05152, 0.11423, -0.04421, -0.00786
0.07647, -0.14078, 0.20677, -0.22028, 0.13317
0.09545, -0.24044, 0.31357, -0.40727, 0.24833
0.12192, -0.33888, 0.42502, -0.58306, 0.31200
0.15778, -0.43394, 0.53982, -0.74638, 0.32605
0.20304, -0.52249, 0.65547, -0.89431, 0.29455
0.25635, -0.60167, 0.76966, -1.02460, 0.22414
0.31574, -0.67048, 0.88147, -1.13907, 0.12651
0.37941, -0.72895, 0.99071, -1.24145, 0.01413
0.44581, -0.77697, 1.09706, -1.33282, -0.10881
0.51337, -0.81403, 1.19998, -1.41205, -0.24333
0.58101, -0.84089, 1.29979, -1.48210, -0.38262
0.64760, -0.85811, 1.39642, -1.54408, -0.52387
0.71179, -0.86597, 1.48948, -1.59762, -0.66716
0.77317, -0.86533, 1.57966, -1.64469, -0.80969
0.83165, -0.85718, 1.66782, -1.68768, -0.94807
0.88635, -0.84207, 1.75373, -1.72662, -1.08251
0.93098, -0.82049, 1.82974, -1.75089, -1.21979
0.95773, -0.79595, 1.88390, -1.74841, -1.35590
0.98057, -0.77377, 1.92943, -1.74692, -1.45283
1.00118, -0.75623, 1.96492, -1.74655, -1.50665
1.02062, -0.74237, 1.99311, -1.74677, -1.53068
1.03860, -0.72939, 2.01862, -1.74656, -1.54877
1.05541, -0.71635, 2.04353, -1.74649, -1.56773
1.07101, -0.70326, 2.06778, -1.74636, -1.58788
1.08606, -0.69110, 2.09016, -1.74671, -1.60097
1.10057, -0.68091, 2.10864, -1.74673, -1.60051
1.11411, -0.67087, 2.12644, -1.74659, -1.60119
1.12673, -0.66044, 2.14458, -1.74652, -1.60651
1.13886, -0.65047, 2.16173, -1.74661, -1.60937
1.15040, -0.64114, 2.17747, -1.74652, -1.60911
1.16159, -0.63229, 2.19232, -1.74666, -1.60641
1.17231, -0.62402, 2.20598, -1.74673, -1.60125
1.18247, -0.61613, 2.21880, -1.74664, -1.59546
1.19209, -0.60824, 2.23155, -1.74665, -1.59156
1.20150, -0.60100, 2.24309, -1.74669, -1.58412
1.21094, -0.59515, 2.25211, -1.74667, -1.56804
1.21998, -0.58979, 2.26027, -1.74660, -1.55156
1.22849, -0.58435, 2.26863, -1.74659, -1.53870
1.23686, -0.57939, 2.27616, -1.74672, -1.52387
1.24468, -0.57455, 2.28345, -1.74661, -1.51144
1.25265, -0.57042, 2.28953, -1.74686, -1.49430
1.26085, -0.56843, 2.29171, -1.74692, -1.46421
1.26835, -0.56669, 2.29354, -1.74661, -1.43827
1.27566, -0.56499, 2.29560, -1.74672, -1.41461
1.28281, -0.56443, 2.29564, -1.74671, -1.38603
1.28952, -0.56421, 2.29523, -1.74657, -1.35923
1.29579, -0.56349, 2.29603, -1.74654, -1.33933
1.30169, -0.56243, 2.29759, -1.74642, -1.32428
1.30736, -0.56068, 2.30061, -1.74649, -1.31541
1.31306, -0.55918, 2.30319, -1.74678, -1.30459
1.31839, -0.55786, 2.30533, -1.74656, -1.29460
1.32391, -0.55679, 2.30714, -1.74687, -1.28206
1.32934, -0.55706, 2.30628, -1.74689, -1.26124
1.33428, -0.55664, 2.30686, -1.74657, -1.24840
1.33918, -0.55555, 2.30890, -1.74660, -1.24063
1.34433, -0.55593, 2.30810, -1.74693, -1.22141
1.34906, -0.55710, 2.30573, -1.74670, -1.19959
1.35355, -0.55693, 2.30624, -1.74658, -1.18935
1.35797, -0.55586, 2.30861, -1.74666, -1.18585
1.36255, -0.55576, 2.30907, -1.74704, -1.17432
1.36675, -0.55623, 2.30831, -1.74676, -1.16102
1.37098, -0.55614, 2.30877, -1.74681, -1.15171
1.37509, -0.55617, 2.30902, -1.74679, -1.14219
1.37907, -0.55601, 2.30963, -1.74664, -1.13477
1.38312, -0.55623, 2.30956, -1.74676, -1.12417
1.38691, -0.55535, 2.31168, -1.74655, -1.12319
1.39099, -0.55467, 2.31351, -1.74704, -1.11893
1.39471, -0.55593, 2.31127, -1.74686, -1.10222
1.39829, -0.55615, 2.31121, -1.74659, -1.09442
1.40206, -0.55591, 2.31222, -1.74684, -1.08900
1.40558, -0.55545, 2.31358, -1.74666, -1.08643
1.40931, -0.55592, 2.31316, -1.74708, -1.07559
1.41256, -0.55655, 2.31229, -1.74660, -1.06658
1.41614, -0.55638, 2.31323, -1.74695, -1.06166
1.41942, -0.55689, 2.31272, -1.74678, -1.05333
1.42267, -0.55651, 2.31401, -1.74657, -1.05186
1.42607, -0.55694, 2.31371, -1.74685, -1.04315
1.42919, -0.55665, 2.31482, -1.74655, -1.04159
1.43255, -0.55512, 2.31855, -1.74675, -1.04803
1.43571, -0.55276, 2.32385, -1.74655, -1.06149
1.43902, -0.55000, 2.32999, -1.74685, -1.07626
1.44228, -0.54987, 2.33067, -1.74715, -1.07106
1.44521, -0.55054, 2.32961, -1.74683, -1.06178
1.44818, -0.55093, 2.32917, -1.74668, -1.05435
1.45114, -0.55086, 2.32972, -1.74659, -1.05059
1.45428, -0.55153, 2.32885, -1.74704, -1.04004
1.45699, -0.55312, 2.32603, -1.74677, -1.02526
1.45979, -0.55423, 2.32430, -1.74683, -1.01370
1.46241, -0.55420, 2.32487, -1.74640, -1.01219
1.46544, -0.55360, 2.32679, -1.74690, -1.01263
1.46810, -0.55439, 2.32573, -1.74685, -1.00428
1.47077, -0.55505, 2.32499, -1.74688, -0.99690
1.47335, -0.55612, 2.32341, -1.74687, -0.98686
1.47581, -0.55758, 2.32102, -1.74677, -0.97448
1.47827, -0.55764, 2.32153, -1.74644, -0.97329
1.48103, -0.55683, 2.32393, -1.74669, -0.97702
1.48358, -0.55802, 2.32221, -1.74699, -0.96609
1.48561, -0.55999, 2.31875, -1.74639, -0.95210
1.48783, -0.56143, 2.31653, -1.74626, -0.94135
1.49020, -0.56265, 2.31488, -1.74653, -0.93154
1.49247, -0.56411, 2.31276, -1.74672, -0.92049
1.49443, -0.56577, 2.31012, -1.74636, -0.90956
1.49659, -0.56742, 2.30769, -1.74663, -0.89763
1.49873, -0.56772, 2.30796, -1.74627, -0.89711
1.50153, -0.56524, 2.31400, -1.74642, -0.91507
1.50456, -0.55960, 2.32632, -1.74622, -0.95554
1.50769, -0.55056, 2.34507, -1.74627, -1.01631
1.51022, -0.53904, 2.36791, -1.74610, -1.09010
1.51258, -0.52782, 2.38915, -1.74670, -1.15252
1.51497, -0.52066, 2.40146, -1.74690, -1.18178
1.51792, -0.51715, 2.40618, -1.74709, -1.18234
1.52095, -0.51533, 2.40738, -1.74693, -1.17117
1.52395, -0.51378, 2.40809, -1.74675, -1.15889
1.52702, -0.51270, 2.40797, -1.74676, -1.14366
1.52987, -0.51114, 2.40894, -1.74664, -1.13374
1.53287, -0.50988, 2.40937, -1.74689, -1.12112
1.53555, -0.50867, 2.40976, -1.74662, -1.11079
1.53837, -0.50706, 2.41107, -1.74685, -1.10261
1.54092, -0.50543, 2.41244, -1.74660, -1.09666
1.54352, -0.50318, 2.41516, -1.74670, -1.09472
1.54586, -0.50057, 2.41856, -1.74636, -1.09686
1.54851, -0.49839, 2.42116, -1.74670, -1.09404
1.55110, -0.49755, 2.42103, -1.74667, -1.08274
1.55367, -0.49647, 2.42145, -1.74675, -1.07349
1.55593, -0.49443, 2.42384, -1.74644, -1.07303
1.55835, -0.49166, 2.42783, -1.74670, -1.07668
1.56047, -0.48856, 2.43244, -1.74645, -1.08431
1.56276, -0.48639, 2.43512, -1.74642, -1.08423
1.56541, -0.48674, 2.43272, -1.74672, -1.06504
1.56781, -0.48695, 2.43073, -1.74671, -1.04915
1.57005, -0.48642, 2.43035, -1.74662, -1.03988
1.57235, -0.48626, 2.42927, -1.74671, -1.02782
1.57434, -0.48517, 2.43014, -1.74631, -1.02465
1.57665, -0.48362, 2.43206, -1.74676, -1.02274
1.57881, -0.48371, 2.43060, -1.74676, -1.01037
1.58093, -0.48403, 2.42875, -1.74675, -0.99700
1.58288, -0.48409, 2.42748, -1.74649, -0.98689
1.58493, -0.48478, 2.42501, -1.74659, -0.97173
1.58680, -0.48566, 2.42228, -1.74645, -0.95705
1.58869, -0.48475, 2.42327, -1.74636, -0.95549
1.59065, -0.48352, 2.42493, -1.74646, -0.95578
1.59268, -0.48370, 2.42375, -1.74683, -0.94533
1.59429, -0.48433, 2.42161, -1.74634, -0.93451
1.59607, -0.48317, 2.42321, -1.74613, -0.93605
1.59791, -0.48292, 2.42299, -1.74621, -0.93037
1.59967, -0.48362, 2.42088, -1.74629, -0.91839
1.60150, -0.48276, 2.42200, -1.74639, -0.91772
1.60331, -0.48204, 2.42282, -1.74649, -0.91605
1.60502, -0.48332, 2.41963, -1.74669, -0.90029
1.60644, -0.48519, 2.41530, -1.74652, -0.88228
1.60619, -0.48536, 2.41389, -1.74173, -0.88843
1.61082, -0.48237, 2.42048, -1.74886, -0.88649
1.61199, -0.48282, 2.41900, -1.74790, -0.88108
1.61299, -0.48293, 2.41817, -1.74643, -0.87945
1.61456, -0.48230, 2.41902, -1.74627, -0.87970
1.61636, -0.48094, 2.42142, -1.74658, -0.88393
1.61795, -0.48126, 2.42037, -1.74679, -0.87657
1.61933, -0.48210, 2.41828, -1.74663, -0.86697
1.62086, -0.48177, 2.41860, -1.74660, -0.86537
1.62236, -0.47998, 2.42183, -1.74612, -0.87508
1.62426, -0.47721, 2.42712, -1.74656, -0.88902
1.62594, -0.47464, 2.43192, -1.74661, -0.90248
1.62761, -0.47345, 2.43390, -1.74687, -0.90539
1.62900, -0.47264, 2.43504, -1.74653, -0.90729
1.63063, -0.47189, 2.43613, -1.74684, -0.90702
1.63201, -0.47227, 2.43488, -1.74668, -0.90015
1.63350, -0.47312, 2.43275, -1.74698, -0.88899
1.63464, -0.47396, 2.43062, -1.74643, -0.88066
1.63616, -0.47171, 2.43485, -1.74634, -0.89295
1.63778, -0.46771, 2.44256, -1.74638, -0.91676
1.63913, -0.46466, 2.44821, -1.74601, -0.93433
1.64075, -0.46319, 2.45067, -1.74648, -0.93816
1.64228, -0.46221, 2.45213, -1.74675, -0.93909
1.64355, -0.46180, 2.45232, -1.74642, -0.93744
1.64480, -0.46088, 2.45358, -1.74603, -0.93974
1.64641, -0.46029, 2.45424, -1.74657, -0.93709
1.64776, -0.46073, 2.45278, -1.74650, -0.92900
1.64911, -0.46037, 2.45297, -1.74647, -0.92666
1.65055, -0.46122, 2.45074, -1.74677, -0.91497
1.65175, -0.46313, 2.44641, -1.74670, -0.89752
1.65288, -0.46552, 2.44124, -1.74674, -0.87724
1.65387, -0.46669, 2.43861, -1.74639, -0.86740
1.65499, -0.46722, 2.43734, -1.74628, -0.86161
1.65599, -0.46940, 2.43281, -1.74639, -0.84419
1.65686, -0.47161, 2.42830, -1.74636, -0.82766
1.65787, -0.47205, 2.42739, -1.74623, -0.82388
1.65705, -0.47350, 2.42385, -1.74152, -0.82467
1.66097, -0.47382, 2.42431, -1.74936, -0.80216
1.66112, -0.47772, 2.41659, -1.74861, -0.77778
1.66078, -0.48213, 2.40790, -1.74719, -0.75279
1.66073, -0.48634, 2.39993, -1.74692, -0.72737
1.66042, -0.49111, 2.39104, -1.74673, -0.69929
1.65962, -0.49737, 2.37948, -1.74691, -0.66210
1.65812, -0.50423, 2.36695, -1.74640, -0.62484
1.65616, -0.51209, 2.35286, -1.74649, -0.58167
1.64752, -0.52212, 2.33097, -1.72961, -0.56179
1.64705, -0.52763, 2.32263, -1.73352, -0.52719
1.65277, -0.53099, 2.32322, -1.75415, -0.47616
1.65046, -0.53428, 2.31767, -1.74868, -0.47802
1.65290, -0.52946, 2.32858, -1.74636, -0.52311
1.65916, -0.51540, 2.35703, -1.74583, -0.61723
1.66611, -0.49435, 2.39708, -1.74587, -0.74285
1.67150, -0.46851, 2.44354, -1.74594, -0.88334
1.67476, -0.44394, 2.48461, -1.74661, -0.99726
1.67711, -0.42585, 2.51129, -1.74706, -1.05908
1.67903, -0.41240, 2.52826, -1.74616, -1.09055
1.68140, -0.40071, 2.54171, -1.74611, -1.10721
1.68418, -0.39100, 2.55113, -1.74627, -1.10887
1.68730, -0.38306, 2.55699, -1.74655, -1.09787
1.69019, -0.37581, 2.56165, -1.74630, -1.08545
1.69289, -0.36782, 2.56810, -1.74635, -1.07970
1.69507, -0.35912, 2.57624, -1.74595, -1.08221
1.69717, -0.35015, 2.58506, -1.74580, -1.08686
1.69640, -0.34422, 2.58785, -1.73795, -1.09420
1.69806, -0.33514, 2.59734, -1.73751, -1.10323
1.70348, -0.32380, 2.61123, -1.74678, -1.09813
1.70541, -0.31710, 2.61589, -1.74590, -1.09206
1.70729, -0.30972, 2.62211, -1.74558, -1.09048
1.70961, -0.30317, 2.62665, -1.74585, -1.08141
1.71219, -0.29746, 2.62959, -1.74638, -1.06662
1.71414, -0.29137, 2.63364, -1.74608, -1.05946
1.70943, -0.29049, 2.62807, -1.72814, -1.07315
1.70451, -0.29141, 2.61893, -1.70898, -1.07791
1.70793, -0.28688, 2.61998, -1.71158, -1.05245
1.71197, -0.28020, 2.62602, -1.71729, -1.03718
1.71330, -0.27524, 2.62905, -1.71617, -1.03291
1.71111, -0.27482, 2.62323, -1.70470, -1.02932
1.71416, -0.26993, 2.62604, -1.70776, -1.01221
1.71870, -0.26355, 2.63210, -1.71535, -0.99408
1.71597, -0.26227, 2.62901, -1.70365, -1.00325
1.71232, -0.26095, 2.62641, -1.69010, -1.02026
1.71132, -0.25775, 2.62734, -1.68372, -1.02791
1.71150, -0.25265, 2.63226, -1.68120, -1.03827
1.71124, -0.24687, 2.63896, -1.67832, -1.05653
1.71044, -0.24449, 2.63820, -1.67215, -1.05758
1.71462, -0.23938, 2.64192, -1.67872, -1.03556
1.72175, -0.23037, 2.65363, -1.69460, -1.01475
1.72324, -0.22629, 2.65650, -1.69503, -1.01058
1.72038, -0.22903, 2.64593, -1.68169, -1.00058
1.71813, -0.23348, 2.63151, -1.66949, -0.97409
1.71924, -0.23446, 2.62420, -1.66769, -0.94299
1.72731, -0.22809, 2.63174, -1.68638, -0.90407
1.73155, -0.22344, 2.63703, -1.69520, -0.88857
1.71894, -0.23337, 2.61491, -1.65684, -0.91918
1.70877, -0.24295, 2.59232, -1.62591, -0.92412
1.71395, -0.24082, 2.59204, -1.63709, -0.88147
1.72963, -0.23032, 2.60905, -1.67804, -0.81294
1.74080, -0.22323, 2.62087, -1.70746, -0.76392
1.73636, -0.22747, 2.61098, -1.69225, -0.77262
1.72431, -0.23808, 2.58835, -1.65614, -0.79863
1.71587, -0.24702, 2.56838, -1.63135, -0.79936
1.71944, -0.24702, 2.56641, -1.64015, -0.76341
1.73346, -0.23998, 2.57967, -1.67869, -0.69448
1.75439, -0.23152, 2.59863, -1.74007, -0.58336
1.75929, -0.23636, 2.59242, -1.75519, -0.52581
1.75486, -0.24544, 2.57617, -1.74127, -0.51730
1.75048, -0.25304, 2.56251, -1.72747, -0.51629
1.74921, -0.25761, 2.55523, -1.72277, -0.51027
1.75576, -0.25777, 2.55873, -1.74229, -0.47167
1.75836, -0.26215, 2.55381, -1.75133, -0.43597
1.75623, -0.27068, 2.54004, -1.74751, -0.40777
1.75307, -0.27653, 2.53013, -1.73781, -0.40779
1.75001, -0.27672, 2.52952, -1.72319, -0.45021
1.74959, -0.26908, 2.54358, -1.71248, -0.52763
1.75023, -0.25558, 2.56842, -1.70507, -0.62791
1.74874, -0.24178, 2.59312, -1.69524, -0.73157
1.74567, -0.23160, 2.61007, -1.68448, -0.80935
1.73631, -0.23109, 2.60765, -1.65723, -0.86891
1.72552, -0.23559, 2.59474, -1.62625, -0.90271
1.72359, -0.23665, 2.58690, -1.61905, -0.88249
1.73221, -0.23297, 2.58787, -1.64094, -0.80896
1.74810, -0.22924, 2.59153, -1.68540, -0.68684
1.76535, -0.23160, 2.58992, -1.73914, -0.53355
1.76739, -0.24986, 2.56170, -1.75305, -0.41660
1.76324, -0.26724, 2.53446, -1.74776, -0.35780
1.76202, -0.27652, 2.52207, -1.74639, -0.33467
1.76205, -0.28219, 2.51600, -1.74586, -0.32877
1.76318, -0.28191, 2.51964, -1.74243, -0.36057
1.76596, -0.27278, 2.53811, -1.73713, -0.44208
1.77006, -0.25501, 2.57142, -1.73451, -0.55919
1.77595, -0.22965, 2.61763, -1.74188, -0.68423
1.78015, -0.20648, 2.65746, -1.75036, -0.78015
1.77264, -0.19866, 2.66747, -1.72665, -0.86835
1.75730, -0.20293, 2.65482, -1.68066, -0.94445
1.74471, -0.20905, 2.63770, -1.64209, -0.98209
1.73466, -0.21516, 2.61948, -1.61036, -0.99435
1.72783, -0.21974, 2.60313, -1.58759, -0.98552
1.73243, -0.21663, 2.60026, -1.59565, -0.93257
1.74288, -0.21268, 2.59930, -1.62023, -0.84299
1.75283, -0.21223, 2.59439, -1.64566, -0.74608
1.76264, -0.21360, 2.58936, -1.67305, -0.65057
1.77119, -0.21834, 2.58102, -1.69951, -0.55270
1.78139, -0.22557, 2.57238, -1.73501, -0.43465
1.78384, -0.24388, 2.54630, -1.75389, -0.31378
1.77741, -0.26668, 2.51101, -1.74861, -0.23217
1.77109, -0.28057, 2.48904, -1.73438, -0.21531
1.77041, -0.28413, 2.48577, -1.72740, -0.23618
1.77748, -0.27590, 2.50505, -1.73360, -0.29076
1.78552, -0.25769, 2.53960, -1.73541, -0.40131
1.79556, -0.23028, 2.58941, -1.74545, -0.53182
1.80044, -0.20386, 2.63441, -1.74829, -0.66106
1.80158, -0.18392, 2.66588, -1.74687, -0.75427
1.79681, -0.17538, 2.67551, -1.72948, -0.82019
1.78269, -0.17934, 2.66216, -1.68480, -0.88881
1.77144, -0.18379, 2.64738, -1.64882, -0.92623
1.76596, -0.18607, 2.63529, -1.62872, -0.92486
1.76536, -0.18602, 2.62670, -1.62224, -0.89530
1.77656, -0.17843, 2.63223, -1.64931, -0.81857
1.78645, -0.17393, 2.63413, -1.67383, -0.74361
1.79706, -0.17044, 2.63608, -1.70204, -0.66275
1.80687, -0.16779, 2.63880, -1.72876, -0.59371
1.81251, -0.16874, 2.63557, -1.74349, -0.54114
1.81433, -0.17709, 2.61959, -1.74887, -0.47605
1.81040, -0.18800, 2.59841, -1.73685, -0.44395
1.80346, -0.19757, 2.57853, -1.71456, -0.44370
1.80176, -0.20516, 2.56422, -1.71124, -0.40875
1.81027, -0.21029, 2.56034, -1.74426, -0.30997
1.80792, -0.23057, 2.53006, -1.75375, -0.19761
1.80032, -0.25195, 2.49698, -1.74788, -0.12026
1.79824, -0.25899, 2.48742, -1.74262, -0.11331
1.79623, -0.25592, 2.49040, -1.72126, -0.18634
1.79542, -0.24450, 2.50677, -1.69701, -0.30576
1.80166, -0.22318, 2.54386, -1.69478, -0.42727
1.80864, -0.19622, 2.59059, -1.69913, -0.55778
1.82042, -0.16361, 2.64666, -1.72567, -0.65207
1.83086, -0.13502, 2.69277, -1.75323, -0.70953
1.82230, -0.12748, 2.69947, -1.72397, -0.79972
1.80219, -0.13612, 2.67696, -1.66101, -0.88934
1.78097, -0.15070, 2.64225, -1.59635, -0.94025
1.77315, -0.15496, 2.62445, -1.57069, -0.93168
1.78350, -0.14612, 2.62952, -1.59567, -0.85466
1.79754, -0.13947, 2.63202, -1.63251, -0.74267
1.80726, -0.14102, 2.62327, -1.65965, -0.63152
1.81647, -0.14571, 2.61302, -1.68851, -0.51891
1.82888, -0.15378, 2.60294, -1.73271, -0.37289
1.83134, -0.17692, 2.57042, -1.75461, -0.22695
1.82485, -0.20177, 2.53324, -1.74832, -0.14497
1.81931, -0.21392, 2.51410, -1.73052, -0.14797
1.81456, -0.21587, 2.50910, -1.70214, -0.22115
1.81045, -0.21060, 2.51596, -1.67082, -0.33633
1.80654, -0.20023, 2.53279, -1.64193, -0.47257
1.80670, -0.18228, 2.56561, -1.62901, -0.61192
1.82078, -0.15330, 2.61926, -1.66253, -0.68436
1.83439, -0.12562, 2.66758, -1.69845, -0.73167
1.83032, -0.11497, 2.68305, -1.68356, -0.81436
1.81710, -0.11809, 2.67276, -1.64204, -0.88652
1.80072, -0.12988, 2.64458, -1.59112, -0.92318
1.78824, -0.13927, 2.61942, -1.55279, -0.93103
1.79061, -0.13580, 2.61714, -1.55621, -0.89462
1.79974, -0.13109, 2.61597, -1.57864, -0.80950
1.81010, -0.13040, 2.60930, -1.60707, -0.69676
1.82347, -0.13309, 2.60134, -1.64844, -0.55412
1.83556, -0.14336, 2.58681, -1.69228, -0.39594
1.84734, -0.15842, 2.57202, -1.74150, -0.23328
1.84331, -0.19143, 2.52700, -1.75354, -0.08415
1.83344, -0.22313, 2.48275, -1.74797, 0.01461
1.83141, -0.23721, 2.46689, -1.74614, 0.03775
1.83595, -0.23724, 2.47257, -1.74462, -0.00253
1.84321, -0.22553, 2.49434, -1.73627, -0.10627
1.85178, -0.20413, 2.53094, -1.72821, -0.24878
1.86441, -0.17370, 2.58428, -1.73877, -0.38713
1.87414, -0.13944, 2.64175, -1.74919, -0.53347
1.87620, -0.11175, 2.68470, -1.74737, -0.66152
1.86797, -0.09742, 2.70312, -1.71986, -0.78061
1.84746, -0.09998, 2.69186, -1.65823, -0.89847
1.82882, -0.10682, 2.67197, -1.60293, -0.96742
1.81823, -0.11008, 2.65606, -1.57002, -0.98183
1.81724, -0.10674, 2.65003, -1.56368, -0.95112
1.82248, -0.10085, 2.64755, -1.57473, -0.88449
1.82795, -0.09847, 2.63962, -1.58752, -0.80120
1.83594, -0.09788, 2.63067, -1.60980, -0.69538
1.84679, -0.10104, 2.61940, -1.64440, -0.55781
1.86166, -0.10742, 2.61055, -1.69684, -0.39150
1.87833, -0.12133, 2.59992, -1.76376, -0.19482
1.86766, -0.16218, 2.53974, -1.75643, -0.05160
1.85592, -0.19392, 2.49373, -1.74240, 0.03126
1.85327, -0.20752, 2.47776, -1.73762, 0.04835
1.85577, -0.20883, 2.47999, -1.73122, 0.00698
1.86244, -0.20105, 2.49685, -1.72824, -0.06752
1.87345, -0.18361, 2.53011, -1.73232, -0.17048
1.88448, -0.15736, 2.57604, -1.73554, -0.30914
1.89563, -0.12358, 2.63360, -1.74650, -0.45705
1.89973, -0.09194, 2.68442, -1.74731, -0.60534
1.89983, -0.06811, 2.71993, -1.74467, -0.70968
1.88936, -0.06024, 2.72688, -1.71117, -0.80797
1.86855, -0.06877, 2.70491, -1.64651, -0.89943
1.84680, -0.08458, 2.66769, -1.57950, -0.94333
1.83895, -0.08935, 2.64727, -1.55399, -0.92008
1.84633, -0.08399, 2.64358, -1.57214, -0.83047
1.85732, -0.08189, 2.63604, -1.60301, -0.70234
1.86866, -0.08465, 2.62558, -1.63869, -0.56496
1.88101, -0.09258, 2.61278, -1.68286, -0.40816
1.89691, -0.10803, 2.59866, -1.74828, -0.20380
1.89037, -0.14889, 2.54227, -1.75646, -0.03346
1.87912, -0.18450, 2.49318, -1.74847, 0.07110
1.87615, -0.20172, 2.47348, -1.74626, 0.10283
1.87928, -0.20548, 2.47363, -1.74357, 0.07432
1.88360, -0.19851, 2.48614, -1.72796, -0.02221
1.88963, -0.18271, 2.51228, -1.71290, -0.15358
1.90083, -0.15711, 2.55743, -1.71605, -0.28982
1.91343, -0.12418, 2.61454, -1.73028, -0.42810
1.92342, -0.08690, 2.67667, -1.74634, -0.57168
1.92522, -0.05558, 2.72545, -1.74780, -0.70744
1.92241, -0.03516, 2.75360, -1.73962, -0.80001
1.90825, -0.03256, 2.75094, -1.69537, -0.89488
1.88540, -0.04462, 2.72291, -1.62416, -0.98251
1.86976, -0.05417, 2.69621, -1.57400, -1.00926
1.86784, -0.05278, 2.68537, -1.56325, -0.97242
1.87371, -0.04751, 2.68009, -1.57487, -0.89361
1.88326, -0.04421, 2.67226, -1.59843, -0.78077
1.89469, -0.04403, 2.66343, -1.63051, -0.65346
1.90878, -0.04678, 2.65535, -1.67474, -0.50590
1.92824, -0.05363, 2.64999, -1.74258, -0.31603
1.92803, -0.08776, 2.60178, -1.75859, -0.14507
1.91814, -0.12475, 2.54869, -1.74925, -0.02921
1.91159, -0.14687, 2.51846, -1.73853, 0.01457
1.90893, -0.15787, 2.50476, -1.72727, 0.00790
1.91301, -0.16118, 2.50661, -1.73133, -0.00554
1.92292, -0.15669, 2.52314, -1.74663, -0.03354
1.92965, -0.14441, 2.54573, -1.73951, -0.13564
1.93331, -0.12582, 2.57573, -1.72182, -0.28264
1.93867, -0.09932, 2.62025, -1.71643, -0.43580
1.94662, -0.06576, 2.67705, -1.72934, -0.57205
1.95327, -0.03258, 2.73095, -1.74761, -0.67975
1.94934, -0.01424, 2.75699, -1.73614, -0.77875
1.93244, -0.01496, 2.75036, -1.68403, -0.88625
1.90884, -0.02869, 2.72079, -1.61143, -0.97517
1.89062, -0.04052, 2.69215, -1.55556, -1.01504
1.87697, -0.04797, 2.67037, -1.51438, -1.03419
1.87085, -0.04838, 2.65982, -1.49496, -1.02711
1.88020, -0.03628, 2.66823, -1.51822, -0.96022
1.88909, -0.02871, 2.66847, -1.54019, -0.87563
1.89647, -0.02730, 2.65862, -1.55931, -0.77235
1.90936, -0.02589, 2.65255, -1.59740, -0.63901
1.92482, -0.02881, 2.64504, -1.64772, -0.47888
1.94449, -0.03816, 2.63725, -1.71891, -0.27570
1.95185, -0.06859, 2.60184, -1.76179, -0.07799
1.94195, -0.10712, 2.54806, -1.75114, 0.03173
1.93718, -0.12651, 2.52253, -1.73884, 0.05348
1.93654, -0.13257, 2.51564, -1.72272, 0.01022
1.93891, -0.12857, 2.52369, -1.70530, -0.07925
1.94185, -0.11689, 2.54344, -1.68581, -0.20551
1.94642, -0.09803, 2.57640, -1.67434, -0.34586
1.95609, -0.07147, 2.62431, -1.68582, -0.46603
1.97058, -0.04113, 2.67804, -1.72048, -0.53751
1.97917, -0.01903, 2.71444, -1.74106, -0.59116
1.97247, -0.01436, 2.71853, -1.71405, -0.67317
1.95263, -0.02684, 2.69191, -1.64777, -0.76510
1.92961, -0.04615, 2.65174, -1.57589, -0.82487
1.91850, -0.05548, 2.62772, -1.54177, -0.82704
1.92233, -0.05270, 2.62489, -1.55105, -0.77597
1.93042, -0.05080, 2.62028, -1.57408, -0.68323
1.94190, -0.05277, 2.61171, -1.61100, -0.54697
1.95990, -0.05781, 2.60649, -1.67405, -0.36300
1.98021, -0.07234, 2.59886, -1.75518, -0.14020
1.97342, -0.10986, 2.54747, -1.75539, -0.00716
1.96720, -0.13422, 2.51460, -1.74560, 0.04464
1.96333, -0.14547, 2.49837, -1.72522, 0.01995
1.96154, -0.14823, 2.49388, -1.70095, -0.04876
1.96443, -0.14176, 2.50586, -1.68425, -0.14540
1.96831, -0.12767, 2.53039, -1.66772, -0.27604
1.97459, -0.10546, 2.57007, -1.66160, -0.42076
1.98425, -0.07635, 2.62227, -1.67350, -0.55075
1.99724, -0.04529, 2.67594, -1.70426, -0.62875
2.00298, -0.02297, 2.71145, -1.71690, -0.69741
1.98866, -0.02008, 2.71261, -1.66999, -0.82192
1.96652, -0.02897, 2.69322, -1.60289, -0.93398
1.94809, -0.03976, 2.66770, -1.54715, -0.98874
1.93189, -0.04988, 2.64189, -1.49884, -1.01858
1.91575, -0.05937, 2.61745, -1.45249, -1.04713
1.91003, -0.05992, 2.60723, -1.43459, -1.03938
1.91824, -0.05074, 2.61077, -1.45330, -0.97122
1.92737, -0.04571, 2.60506, -1.47568, -0.86618
1.94079, -0.04205, 2.59957, -1.51336, -0.72967
1.96296, -0.03769, 2.60246, -1.58083, -0.55163
1.99371, -0.03644, 2.61329, -1.68237, -0.32347
2.01824, -0.05081, 2.61104, -1.77511, -0.09747
2.00887, -0.08784, 2.55801, -1.75822, -0.00947
2.00608, -0.10617, 2.53463, -1.74841, 0.00987
2.00571, -0.11357, 2.52596, -1.73250, -0.02989
2.00613, -0.11184, 2.52930, -1.70880, -0.12370
2.00921, -0.10069, 2.54877, -1.68980, -0.24981
2.01466, -0.08364, 2.57974, -1.68306, -0.37321
2.02123, -0.06175, 2.61943, -1.68521, -0.49548
2.03199, -0.03538, 2.66647, -1.70773, -0.58032
2.03837, -0.01564, 2.69952, -1.72100, -0.64410
2.02416, -0.01591, 2.69607, -1.67251, -0.76251
1.99424, -0.03409, 2.66098, -1.58194, -0.89420
1.97124, -0.04747, 2.63354, -1.51612, -0.97686
1.96481, -0.04723, 2.62838, -1.49683, -0.99722
1.96220, -0.04670, 2.62018, -1.48691, -0.97658
1.96732, -0.04214, 2.61671, -1.49812, -0.91063
1.97924, -0.03632, 2.61520, -1.52937, -0.79981
1.99422, -0.03453, 2.60968, -1.57314, -0.65133
2.01609, -0.03431, 2.61032, -1.64267, -0.46687
2.04404, -0.03794, 2.61807, -1.73952, -0.24715
2.04527, -0.07219, 2.57447, -1.76293, -0.07798
2.03473, -0.10777, 2.52400, -1.74952, 0.01509
2.03231, -0.12514, 2.50355, -1.74579, 0.04409
2.03158, -0.13141, 2.49647, -1.73019, 0.00295
2.02985, -0.12886, 2.49886, -1.69906, -0.10441
2.03182, -0.11621, 2.51951, -1.67547, -0.24314
2.03803, -0.09440, 2.55825, -1.66801, -0.38926
2.04759, -0.06525, 2.61055, -1.67804, -0.52524
2.06538, -0.02871, 2.67484, -1.72250, -0.59963
2.07632, 0.00032, 2.72221, -1.75080, -0.66360
2.06716, 0.00839, 2.73120, -1.71793, -0.77418
2.04806, -0.00019, 2.71058, -1.65550, -0.87005
2.02578, -0.01789, 2.67183, -1.58477, -0.92605
2.01370, -0.02683, 2.64669, -1.54605, -0.93145
2.02101, -0.01922, 2.64960, -1.56274, -0.87111
2.03090, -0.01313, 2.65011, -1.58739, -0.78509
2.04043, -0.01190, 2.64362, -1.61309, -0.67988
2.05434, -0.01267, 2.63804, -1.65530, -0.54139
2.07173, -0.01851, 2.63158, -1.71450, -0.36581
2.08403, -0.03918, 2.60908, -1.76747, -0.17215
2.07291, -0.07486, 2.55480, -1.74785, -0.07840
2.06763, -0.09594, 2.52592, -1.73996, -0.02918
2.06975, -0.10583, 2.51778, -1.74646, -0.00511
2.07091, -0.10750, 2.51769, -1.73529, -0.05061
2.06929, -0.10253, 2.52358, -1.70575, -0.15985
2.06875, -0.08945, 2.54346, -1.67806, -0.30280
2.07599, -0.06702, 2.58351, -1.67988, -0.42461
2.08665, -0.04002, 2.63170, -1.69854, -0.52302
2.09499, -0.01549, 2.67334, -1.71632, -0.59998
2.09545, -0.00161, 2.69404, -1.71303, -0.66698
2.07686, -0.00702, 2.68014, -1.65299, -0.78150
2.04556, -0.02719, 2.63943, -1.56055, -0.89724
2.02782, -0.03820, 2.61226, -1.50995, -0.93233
2.02384, -0.03940, 2.60006, -1.49757, -0.90488
2.02983, -0.03513, 2.59628, -1.51332, -0.82627
2.04707, -0.02686, 2.60167, -1.56266, -0.69108
2.06783, -0.02399, 2.60374, -1.62767, -0.51523
2.09691, -0.02476, 2.61346, -1.72693, -0.28838
2.10559, -0.05012, 2.58587, -1.77023, -0.11235
2.09568, -0.08227, 2.53857, -1.75249, -0.03781
2.09385, -0.09668, 2.52098, -1.74619, -0.02184
2.09463, -0.10066, 2.51786, -1.73423, -0.06359
2.08919, -0.10056, 2.51450, -1.69419, -0.17550
2.08291, -0.09535, 2.51975, -1.65247, -0.31412
2.08152, -0.08225, 2.54244, -1.62882, -0.45462
2.08800, -0.06168, 2.58103, -1.63465, -0.56057
2.10672, -0.03366, 2.63322, -1.68241, -0.59145
2.11462, -0.01451, 2.66614, -1.69989, -0.64461
2.10193, -0.01367, 2.66440, -1.65727, -0.75266
2.08137, -0.02539, 2.63889, -1.59461, -0.83706
2.06548, -0.03527, 2.61563, -1.54769, -0.88131
2.05575, -0.04087, 2.59908, -1.51883, -0.89444
2.05327, -0.04237, 2.58811, -1.51031, -0.86577
2.06472, -0.03576, 2.59123, -1.54083, -0.77416
2.08158, -0.03140, 2.59265, -1.58990, -0.63294
2.10467, -0.03068, 2.59599, -1.66395, -0.44291
2.13292, -0.03396, 2.60665, -1.76205, -0.22857
2.12686, -0.06821, 2.55742, -1.75925, -0.10753
2.11943, -0.09481, 2.51977, -1.74902, -0.04041
2.11900, -0.10512, 2.50849, -1.74397, -0.03883
2.11774, -0.10623, 2.50702, -1.72118, -0.11207
2.11528, -0.10028, 2.51473, -1.68869, -0.23534
2.11750, -0.08501, 2.54116, -1.67107, -0.37247
2.12459, -0.06110, 2.58468, -1.67292, -0.50556
2.13820, -0.02913, 2.64243, -1.70162, -0.60556
2.15109, 0.00226, 2.69608, -1.73450, -0.67761
2.15049, 0.01958, 2.72242, -1.72894, -0.76780
2.13329, 0.01753, 2.71478, -1.67430, -0.88533
2.11206, 0.00592, 2.68935, -1.60893, -0.97205
2.09553, -0.00595, 2.66023, -1.55704, -1.00263
2.08718, -0.01065, 2.64238, -1.52932, -0.99882
2.08791, -0.00773, 2.63711, -1.52709, -0.96351
2.09639, -0.00177, 2.63539, -1.54629, -0.88025
2.10322, -0.00033, 2.62756, -1.56241, -0.79392
2.11047, -0.00121, 2.61768, -1.58221, -0.69658
2.12695, -0.00102, 2.61432, -1.63305, -0.54291
2.15119, -0.00368, 2.61710, -1.71500, -0.33848
2.16205, -0.02843, 2.59010, -1.76633, -0.14046
2.15142, -0.06540, 2.53637, -1.75252, -0.03666
2.14593, -0.08466, 2.51009, -1.73957, -0.01215
2.14494, -0.09068, 2.50331, -1.72420, -0.05204
2.14346, -0.08761, 2.50753, -1.69522, -0.15851
2.14312, -0.07692, 2.52487, -1.66828, -0.29520
2.14938, -0.05600, 2.56334, -1.66417, -0.43175
2.16302, -0.02713, 2.61691, -1.68966, -0.53040
2.17944, 0.00507, 2.67436, -1.72992, -0.59805
2.18810, 0.03087, 2.71721, -1.75049, -0.67153
2.18083, 0.03903, 2.72756, -1.72329, -0.77284
2.15963, 0.02920, 2.70650, -1.65516, -0.88656
2.13540, 0.01146, 2.66979, -1.58039, -0.96366
2.12323, 0.00283, 2.64631, -1.54154, -0.97644
2.12682, 0.00665, 2.64263, -1.54676, -0.92678
2.13648, 0.01121, 2.63918, -1.56937, -0.83173
2.14641, 0.01147, 2.63050, -1.59513, -0.71990
2.15960, 0.00982, 2.62291, -1.63421, -0.58415
2.17894, 0.00566, 2.61922, -1.69800, -0.40533
2.19618, -0.01021, 2.60606, -1.76487, -0.20398
2.18775, -0.04513, 2.55486, -1.75412, -0.09844
2.18325, -0.06401, 2.52910, -1.74374, -0.06801
2.17668, -0.07381, 2.51239, -1.71255, -0.11838
2.16833, -0.07631, 2.50443, -1.66781, -0.22863
2.16382, -0.07090, 2.51257, -1.63421, -0.35559
2.16385, -0.05945, 2.53431, -1.61778, -0.47504
2.16979, -0.04220, 2.56818, -1.62269, -0.57140
2.16977, -0.02863, 2.59361, -1.61450, -0.67428
2.16479, -0.02146, 2.60560, -1.59668, -0.75675
2.15629, -0.02237, 2.60054, -1.57115, -0.80220
2.14106, -0.03345, 2.57368, -1.52856, -0.82085
2.13487, -0.03993, 2.55323, -1.51297, -0.78138
2.14678, -0.03616, 2.55353, -1.54895, -0.66863
2.17210, -0.02947, 2.56670, -1.62789, -0.48988
2.20493, -0.02456, 2.59048, -1.73725, -0.27884
2.21102, -0.03908, 2.57593, -1.76224, -0.18544
2.20544, -0.05270, 2.55447, -1.74023, -0.19495
2.20077, -0.05905, 2.54381, -1.71450, -0.24631
2.19493, -0.06027, 2.54049, -1.68098, -0.33963
2.18705, -0.05736, 2.54405, -1.64166, -0.46704
2.17666, -0.05418, 2.54885, -1.60082, -0.59877
2.16996, -0.04929, 2.55810, -1.57648, -0.69559
2.16982, -0.04105, 2.57383, -1.57309, -0.75256
2.16094, -0.04145, 2.57198, -1.54731, -0.81377
2.14289, -0.05242, 2.54772, -1.49880, -0.86239
2.13871, -0.05494, 2.53750, -1.48821, -0.84621
2.15068, -0.04820, 2.54441, -1.52122, -0.76328
2.16357, -0.04676, 2.54245, -1.56063, -0.63880
2.18384, -0.04724, 2.54440, -1.62725, -0.46317
2.21493, -0.04819, 2.56142, -1.73470, -0.24111
2.21971, -0.06826, 2.54071, -1.76162, -0.12864
2.21576, -0.08470, 2.51828, -1.75008, -0.11181
2.21488, -0.08961, 2.51300, -1.73439, -0.15708
2.21356, -0.08568, 2.51961, -1.70771, -0.26500
2.21375, -0.07337, 2.54110, -1.68489, -0.40379
2.21867, -0.05183, 2.58084, -1.68091, -0.54317
2.23582, -0.02083, 2.63826, -1.72148, -0.61038
2.24942, 0.00274, 2.67906, -1.75576, -0.64077
2.23931, 0.00384, 2.67683, -1.71806, -0.73447
2.22059, -0.00575, 2.65488, -1.65769, -0.82637
2.19881, -0.02231, 2.61880, -1.59127, -0.88596
2.18588, -0.03248, 2.59284, -1.55207, -0.89692
2.19308, -0.02791, 2.59334, -1.56841, -0.83604
2.20877, -0.02087, 2.59939, -1.60986, -0.72661
2.22118, -0.02047, 2.59664, -1.64488, -0.61582
2.22826, -0.02659, 2.58478, -1.66724, -0.51740
2.23337, -0.03338, 2.57417, -1.68438, -0.44222
2.23890, -0.03904, 2.56721, -1.70301, -0.37651
2.24656, -0.04826, 2.55773, -1.73413, -0.27178
2.24764, -0.06776, 2.53224, -1.75320, -0.15451
2.24188, -0.08735, 2.50325, -1.74771, -0.09323
2.23880, -0.09450, 2.49214, -1.73408, -0.10736
2.23867, -0.09144, 2.49650, -1.71668, -0.17771
2.24094, -0.07915, 2.51623, -1.69946, -0.29226
2.24483, -0.06014, 2.54836, -1.68879, -0.42356
2.25645, -0.03303, 2.59706, -1.70751, -0.52292
2.26997, -0.00149, 2.65221, -1.73729, -0.60979
2.27638, 0.02296, 2.69152, -1.75054, -0.68892
2.27098, 0.03012, 2.69824, -1.72896, -0.75955
2.25474, 0.02133, 2.67570, -1.67473, -0.82688
2.23169, 0.00283, 2.63455, -1.60303, -0.88018
2.21845, -0.00728, 2.60753, -1.56234, -0.88803
2.22355, -0.00298, 2.60648, -1.57322, -0.83431
2.23369, 0.00101, 2.60511, -1.59942, -0.74000
2.24621, 0.00195, 2.60138, -1.63555, -0.61866
2.26061, -0.00123, 2.59588, -1.68183, -0.47400
2.27304, -0.00941, 2.58769, -1.72619, -0.33656
2.27962, -0.02222, 2.57340, -1.75376, -0.23141
2.27669, -0.03695, 2.55133, -1.74724, -0.19430
2.27372, -0.04592, 2.53725, -1.73422, -0.19847
2.27365, -0.05170, 2.52990, -1.72921, -0.20169
2.27653, -0.04951, 2.53587, -1.72521, -0.24277
2.27584, -0.04137, 2.54845, -1.70301, -0.35066
2.27301, -0.02855, 2.56879, -1.67617, -0.49124
2.27805, -0.00753, 2.60630, -1.67940, -0.59904
2.28424, 0.01260, 2.64106, -1.69118, -0.67145
2.27409, 0.01647, 2.64439, -1.65740, -0.76885
2.25171, 0.00555, 2.61973, -1.59138, -0.86387
2.23829, -0.00206, 2.59894, -1.55231, -0.89041
2.23942, -0.00023, 2.59377, -1.55341, -0.85184
2.24971, 0.00599, 2.59678, -1.58063, -0.76846
2.26336, 0.00980, 2.59759, -1.61977, -0.65119
2.27593, 0.00566, 2.58849, -1.66099, -0.50636
2.29295, -0.00347, 2.58048, -1.72380, -0.31940
2.29912, -0.02884, 2.55083, -1.76313, -0.14255
2.28911, -0.06000, 2.50514, -1.75133, -0.05480
2.28717, -0.07217, 2.49052, -1.74511, -0.04574
2.29118, -0.06947, 2.49892, -1.73830, -0.10691
2.29489, -0.05780, 2.51900, -1.72128, -0.22684
2.29955, -0.03897, 2.55142, -1.70910, -0.36638
2.30829, -0.01213, 2.59909, -1.71556, -0.49804
2.31897, 0.02112, 2.65694, -1.73574, -0.61929
2.32627, 0.04957, 2.70315, -1.75291, -0.70729
2.31812, 0.05842, 2.71295, -1.72467, -0.80455
2.29789, 0.05100, 2.69400, -1.66130, -0.90687
2.27606, 0.03675, 2.66143, -1.59443, -0.97107
2.25765, 0.02359, 2.62882, -1.53893, -0.99850
2.24880, 0.01811, 2.60799, -1.51095, -0.98306
2.25481, 0.02320, 2.60476, -1.52367, -0.91042
2.26584, 0.02742, 2.60031, -1.55177, -0.79711
2.27953, 0.02789, 2.59316, -1.59149, -0.65419
2.29967, 0.02930, 2.59623, -1.65408, -0.49488
2.32445, 0.03070, 2.60879, -1.73550, -0.32581
2.32760, 0.00810, 2.57905, -1.75732, -0.19388
2.31977, -0.01825, 2.53927, -1.74502, -0.12280
2.31350, -0.03219, 2.51738, -1.72496, -0.12547
2.30507, -0.04063, 2.50079, -1.68981, -0.18293
2.29796, -0.04206, 2.49568, -1.65303, -0.27850
2.28958, -0.03887, 2.49856, -1.61118, -0.40980
2.27939, -0.03308, 2.50755, -1.56836, -0.55965
2.28417, -0.01679, 2.53998, -1.57288, -0.64991
2.30040, 0.00511, 2.58210, -1.61331, -0.66905
2.30326, 0.01662, 2.60230, -1.61730, -0.71910
2.29187, 0.01490, 2.59632, -1.58274, -0.79074
2.28780, 0.01464, 2.59132, -1.56993, -0.80090
2.29188, 0.01748, 2.59074, -1.58033, -0.75821
2.29490, 0.01562, 2.58103, -1.58934, -0.69097
2.30008, 0.01198, 2.56977, -1.60725, -0.59811
2.30895, 0.00640, 2.55920, -1.64005, -0.47313
2.32260, -0.00334, 2.54976, -1.69498, -0.30171
2.33661, -0.02228, 2.53649, -1.76244, -0.09939
2.32672, -0.05442, 2.49087, -1.75480, -0.00220
2.32072, -0.07473, 2.46387, -1.74800, 0.04206
2.32077, -0.08403, 2.45503, -1.74614, 0.04500
2.32765, -0.07962, 2.46756, -1.74585, -0.01122
2.33828, -0.06403, 2.49687, -1.74510, -0.11620
2.35052, -0.03812, 2.54179, -1.74604, -0.25863
2.35983, -0.00813, 2.59153, -1.74613, -0.41162
2.36528, 0.02306, 2.64170, -1.74577, -0.56151
2.36771, 0.04914, 2.68141, -1.74660, -0.66999
2.35662, 0.05898, 2.69135, -1.71036, -0.78603
2.33101, 0.05155, 2.67127, -1.63465, -0.91548
2.30946, 0.04244, 2.64696, -1.57271, -0.98825
2.29210, 0.03486, 2.62425, -1.52332, -1.02814
2.28042, 0.03110, 2.60707, -1.48973, -1.03879
2.28413, 0.03868, 2.60780, -1.49675, -0.99065
2.29195, 0.04553, 2.60554, -1.51495, -0.90367
2.30334, 0.05010, 2.60039, -1.54545, -0.78113
2.32061, 0.05391, 2.59958, -1.59641, -0.62910
2.34110, 0.05292, 2.59880, -1.66290, -0.44872
2.36642, 0.04651, 2.60219, -1.75328, -0.23314
2.36026, 0.00868, 2.54832, -1.75609, -0.08495
2.35031, -0.02355, 2.50251, -1.74595, 0.00463
2.34829, -0.03670, 2.48696, -1.73969, 0.01381
2.35132, -0.03566, 2.49202, -1.72936, -0.04862
2.35434, -0.02604, 2.50811, -1.70970, -0.16517
2.36012, -0.00758, 2.54011, -1.69822, -0.30358
2.37192, 0.01950, 2.58928, -1.71129, -0.42409
2.38190, 0.04966, 2.64180, -1.72556, -0.54770
2.39154, 0.08050, 2.69333, -1.74753, -0.64164
2.39412, 0.09772, 2.71826, -1.75093, -0.70010
2.38164, 0.09765, 2.71233, -1.70782, -0.79041
2.35824, 0.08394, 2.68226, -1.63399, -0.88783
2.33626, 0.06856, 2.64799, -1.56726, -0.94784
2.32318, 0.06011, 2.62430, -1.52733, -0.96241
2.32515, 0.06246, 2.61739, -1.52892, -0.91168
2.33385, 0.06633, 2.61257, -1.55007, -0.81604
2.34617, 0.06770, 2.60584, -1.58458, -0.68597
2.36545, 0.06915, 2.60643, -1.64385, -0.52385
2.39023, 0.06752, 2.61248, -1.72683, -0.32864
2.39701, 0.04165, 2.58118, -1.76409, -0.15385
2.38719, 0.00785, 2.53163, -1.75153, -0.05752
2.38196, -0.01018, 2.50670, -1.73943, -0.03340
2.38071, -0.01785, 2.49769, -1.72758, -0.05607
2.38253, -0.01548, 2.50371, -1.71281, -0.13079
2.38678, -0.00256, 2.52660, -1.69774, -0.25406
2.39544, 0.02041, 2.56828, -1.69764, -0.39021
2.40797, 0.05179, 2.62476, -1.71626, -0.51655
2.41965, 0.08614, 2.68390, -1.74103, -0.62937
2.42439, 0.11040, 2.72192, -1.75057, -0.71286
2.41242, 0.11396, 2.72275, -1.70945, -0.81853
2.38942, 0.10298, 2.69835, -1.63732, -0.92853
2.36726, 0.08750, 2.66376, -1.56905, -0.98943
2.35549, 0.07985, 2.64041, -1.53134, -0.99515
2.36001, 0.08539, 2.63856, -1.53896, -0.94144
2.36946, 0.09088, 2.63577, -1.56068, -0.84844
2.38283, 0.09346, 2.62971, -1.59626, -0.71496
2.40180, 0.09407, 2.62713, -1.65308, -0.54819
2.42674, 0.09244, 2.63183, -1.73509, -0.35108
2.43056, 0.06576, 2.59592, -1.75849, -0.19811
2.42388, 0.03683, 2.55380, -1.74955, -0.11361
2.42003, 0.02207, 2.53318, -1.73657, -0.10426
2.41439, 0.01556, 2.52142, -1.70564, -0.16793
2.40970, 0.01631, 2.52117, -1.67252, -0.27029
2.41008, 0.02626, 2.53943, -1.65343, -0.38943
2.41418, 0.04432, 2.57364, -1.64777, -0.51802
2.42344, 0.06840, 2.61879, -1.66359, -0.61760
2.43630, 0.09210, 2.66105, -1.69563, -0.65916
2.43525, 0.10198, 2.67630, -1.68727, -0.72637
2.42353, 0.09988, 2.66928, -1.64855, -0.80516
2.40962, 0.09018, 2.64682, -1.60414, -0.84691
2.39699, 0.07879, 2.61934, -1.56482, -0.85433
2.39804, 0.07757, 2.60928, -1.56523, -0.80516
2.40771, 0.07983, 2.60620, -1.59143, -0.70945
2.41924, 0.07765, 2.59812, -1.62667, -0.58044
2.43447, 0.07139, 2.58989, -1.67903, -0.41522
2.45464, 0.06034, 2.58580, -1.75561, -0.21223
2.44852, 0.02737, 2.53921, -1.75521, -0.09212
2.44101, 0.00441, 2.50605, -1.74116, -0.04792
2.43842, -0.00564, 2.49300, -1.72799, -0.06148
2.43984, -0.00878, 2.49204, -1.72022, -0.09691
2.44390, -0.00371, 2.50394, -1.71142, -0.17282
2.45098, 0.01101, 2.53195, -1.70634, -0.28459
2.46201, 0.03443, 2.57582, -1.71515, -0.40375
2.47528, 0.06545, 2.63198, -1.73648, -0.52240
2.48359, 0.09499, 2.68221, -1.75067, -0.63709
2.48022, 0.11092, 2.70590, -1.73490, -0.74653
2.46719, 0.11154, 2.70182, -1.69161, -0.84176
2.44687, 0.09849, 2.67222, -1.62695, -0.91218
2.43406, 0.08923, 2.64738, -1.58528, -0.92846
2.43997, 0.09460, 2.64707, -1.59684, -0.87220
2.45116, 0.09935, 2.64568, -1.62402, -0.77288
2.46015, 0.09745, 2.63520, -1.64740, -0.66388
2.47216, 0.09469, 2.62792, -1.68331, -0.53948
2.48752, 0.09032, 2.62424, -1.73373, -0.39617
2.49265, 0.07706, 2.60644, -1.75335, -0.29948
2.48887, 0.06285, 2.58347, -1.74112, -0.27295
2.48280, 0.05239, 2.56477, -1.71758, -0.28909
2.47811, 0.04433, 2.55059, -1.69826, -0.30715
2.47558, 0.03914, 2.54216, -1.68472, -0.32727
2.46720, 0.03338, 2.52980, -1.65095, -0.38924
2.45650, 0.02693, 2.51552, -1.61247, -0.45644
2.44860, 0.02126, 2.50374, -1.58528, -0.49970
2.44075, 0.01430, 2.48934, -1.56093, -0.52561
2.43578, 0.00645, 2.47335, -1.54879, -0.51110
2.44403, 0.00249, 2.46921, -1.57874, -0.41908
2.46685, 0.00014, 2.47993, -1.65883, -0.24502
2.49239, -0.00821, 2.49359, -1.75816, -0.04155
2.48322, -0.03958, 2.45114, -1.75797, 0.06597
2.47473, -0.06148, 2.42051, -1.74735, 0.11199
2.47217, -0.06806, 2.41063, -1.72898, 0.07658
2.47485, -0.06169, 2.41965, -1.70673, -0.02379
2.48522, -0.04365, 2.45142, -1.69974, -0.14933
2.49859, -0.01693, 2.49864, -1.70183, -0.29334
2.51225, 0.01714, 2.55746, -1.71111, -0.44829
2.52450, 0.05634, 2.62313, -1.72719, -0.60022
2.53627, 0.09509, 2.68503, -1.75368, -0.70549
2.53619, 0.11532, 2.71099, -1.74819, -0.78266
2.52375, 0.11992, 2.70950, -1.70600, -0.87543
2.49993, 0.10879, 2.68040, -1.63117, -0.97038
2.48283, 0.09952, 2.65258, -1.57658, -1.00692
2.47860, 0.10093, 2.64251, -1.55861, -0.99481
2.48195, 0.10780, 2.64149, -1.56170, -0.95281
2.49010, 0.11522, 2.64070, -1.57832, -0.87576
2.49947, 0.11810, 2.63279, -1.59997, -0.76855
2.50616, 0.11605, 2.62011, -1.61694, -0.66974
2.51688, 0.11492, 2.61332, -1.64880, -0.55562
2.53225, 0.11001, 2.60647, -1.70051, -0.39648
2.54855, 0.09621, 2.59484, -1.76482, -0.20194
2.54073, 0.06432, 2.54692, -1.75574, -0.09858
2.53503, 0.04260, 2.51586, -1.74799, -0.04196
2.53304, 0.02835, 2.49787, -1.74614, -0.00892
2.53211, 0.02377, 2.49159, -1.73213, -0.04238
2.53128, 0.02791, 2.49596, -1.70624, -0.13723
2.53246, 0.04011, 2.51430, -1.68266, -0.26532
2.53618, 0.06031, 2.54807, -1.66876, -0.41080
2.54705, 0.08900, 2.59906, -1.68364, -0.52737
2.56822, 0.12601, 2.66452, -1.73747, -0.57960
2.57507, 0.14929, 2.70116, -1.75086, -0.65151
2.55878, 0.15076, 2.69799, -1.69554, -0.78680
2.53541, 0.14194, 2.67715, -1.62401, -0.90802
2.51414, 0.13010, 2.64923, -1.56061, -0.97882
2.50141, 0.12361, 2.62852, -1.52189, -0.99860
2.50622, 0.13150, 2.63172, -1.53112, -0.95838
2.51511, 0.13887, 2.63236, -1.55140, -0.87970
2.52363, 0.14029, 2.62276, -1.57243, -0.77163
2.53747, 0.14024, 2.61485, -1.61267, -0.62646
2.56009, 0.13917, 2.61492, -1.68568, -0.43158
2.58165, 0.12631, 2.60764, -1.76549, -0.21404
2.57305, 0.09091, 2.55519, -1.75319, -0.11001
2.56817, 0.07071, 2.52726, -1.74269, -0.07405
2.56476, 0.05890, 2.51099, -1.72707, -0.08602
2.56346, 0.05442, 2.50575, -1.70980, -0.13479
2.56486, 0.05906, 2.51525, -1.69211, -0.22776
2.56688, 0.07065, 2.53634, -1.67468, -0.35151
2.57705, 0.09203, 2.57766, -1.68537, -0.45821
2.59103, 0.12176, 2.63317, -1.71149, -0.56380
2.60472, 0.15527, 2.69239, -1.74383, -0.65896
2.60901, 0.17534, 2.72433, -1.75119, -0.73285
2.59930, 0.17710, 2.72317, -1.71545, -0.82062
2.57850, 0.16336, 2.69423, -1.64695, -0.90922
2.56392, 0.15143, 2.66615, -1.59805, -0.93987
2.56226, 0.14912, 2.65287, -1.58650, -0.90942
2.57004, 0.15202, 2.64812, -1.60232, -0.83089
2.58086, 0.15332, 2.64225, -1.62867, -0.72610
2.58955, 0.14876, 2.62918, -1.65191, -0.61532
2.59951, 0.14283, 2.61822, -1.68238, -0.49930
2.61267, 0.13478, 2.60949, -1.72771, -0.35721
2.61722, 0.11047, 2.57748, -1.75692, -0.19566
2.60914, 0.07974, 2.53242, -1.74962, -0.09520
2.60634, 0.06574, 2.51423, -1.74307, -0.07418
2.60718, 0.06299, 2.51298, -1.73388, -0.11093
2.60884, 0.06782, 2.52233, -1.71854, -0.19443
2.61269, 0.08203, 2.54740, -1.70541, -0.31675
2.61988, 0.10625, 2.59063, -1.70457, -0.45745
2.63281, 0.13875, 2.64853, -1.72979, -0.56749
2.64202, 0.16685, 2.69558, -1.75067, -0.65176
2.63863, 0.17809, 2.71043, -1.73521, -0.73222
2.62356, 0.17276, 2.69541, -1.68441, -0.81519
2.60046, 0.15517, 2.65739, -1.61159, -0.88300
2.58677, 0.14477, 2.63080, -1.56870, -0.89918
2.58301, 0.14434, 2.62264, -1.55488, -0.89351
2.57254, 0.13821, 2.60431, -1.52314, -0.90588
2.56700, 0.13513, 2.59018, -1.50562, -0.88984
2.57576, 0.14078, 2.59067, -1.52768, -0.81016
2.58975, 0.14506, 2.58992, -1.56699, -0.68451
2.60806, 0.14551, 2.58825, -1.62396, -0.51931
2.63266, 0.14152, 2.59090, -1.70840, -0.30891
2.64358, 0.11671, 2.56565, -1.76207, -0.11121
2.63372, 0.08161, 2.51558, -1.75126, -0.01131
2.62928, 0.06027, 2.48843, -1.74693, 0.03749
2.62892, 0.04743, 2.47502, -1.74595, 0.05425
2.63150, 0.04608, 2.47635, -1.73569, 0.00345
2.63503, 0.05366, 2.48913, -1.71738, -0.09965
2.64370, 0.06847, 2.51696, -1.71555, -0.20128
2.65813, 0.09281, 2.56282, -1.73139, -0.30794
2.67188, 0.12444, 2.61867, -1.74837, -0.43760
2.67681, 0.15454, 2.66784, -1.74768, -0.58843
2.67852, 0.17966, 2.70669, -1.74709, -0.70030
2.66943, 0.18933, 2.71745, -1.71644, -0.80476
2.65381, 0.18827, 2.70953, -1.66770, -0.89867
2.63764, 0.18089, 2.68923, -1.61689, -0.95573
2.62543, 0.17488, 2.67011, -1.57791, -0.98047
2.62148, 0.17470, 2.65941, -1.56210, -0.96442
2.62569, 0.17940, 2.65573, -1.56921, -0.90635
2.63356, 0.18340, 2.65092, -1.58730, -0.81845
2.64366, 0.18488, 2.64385, -1.61420, -0.70649
2.66002, 0.18619, 2.64168, -1.66324, -0.55963
2.67985, 0.18116, 2.63730, -1.72991, -0.37127
2.68530, 0.15244, 2.59895, -1.76242, -0.18474
2.67473, 0.11569, 2.54453, -1.74887, -0.07538
2.67041, 0.09613, 2.51899, -1.74305, -0.03248
2.66756, 0.08755, 2.50762, -1.72649, -0.05984
2.66436, 0.08849, 2.50773, -1.69585, -0.15699
2.66527, 0.09919, 2.52594, -1.67391, -0.28303
2.67073, 0.11892, 2.56198, -1.66784, -0.41741
2.68222, 0.14735, 2.61440, -1.68597, -0.53290
2.69428, 0.17663, 2.66603, -1.71313, -0.61707
2.69728, 0.19491, 2.69515, -1.71688, -0.69191
2.68245, 0.19415, 2.68979, -1.66807, -0.80238
2.66329, 0.18738, 2.67425, -1.61003, -0.90430
2.64838, 0.18117, 2.65846, -1.56560, -0.96391
2.63299, 0.17121, 2.63361, -1.51974, -0.99392
2.62292, 0.16589, 2.61619, -1.48955, -1.00211
2.62036, 0.16728, 2.61042, -1.48010, -0.98937
2.62643, 0.17389, 2.61172, -1.49362, -0.93328
2.63502, 0.17776, 2.60637, -1.51485, -0.83605
2.64920, 0.18020, 2.60065, -1.55526, -0.69303
2.67259, 0.18260, 2.60350, -1.62783, -0.50413
2.70184, 0.17996, 2.61177, -1.72743, -0.27700
2.70941, 0.15008, 2.57837, -1.77023, -0.08871
2.69689, 0.11032, 2.52106, -1.75337, 0.01463
2.69119, 0.08940, 2.49349, -1.74170, 0.04373
2.68733, 0.08100, 2.48099, -1.71679, -0.00564
2.68627, 0.08280, 2.48355, -1.68908, -0.10538
2.69193, 0.09655, 2.50890, -1.67597, -0.23233
2.70074, 0.11962, 2.55124, -1.67371, -0.37736
2.71081, 0.15035, 2.60653, -1.68218, -0.52790
2.72657, 0.18872, 2.67376, -1.71862, -0.63300
2.73828, 0.22178, 2.72769, -1.74963, -0.70761
2.73041, 0.23327, 2.74229, -1.72178, -0.81966
2.71013, 0.22640, 2.72503, -1.65682, -0.93126
2.68630, 0.20884, 2.68681, -1.58131, -0.99956
2.67141, 0.19738, 2.65583, -1.53299, -1.00749
2.67289, 0.19970, 2.64675, -1.53136, -0.95319
2.67915, 0.20275, 2.63849, -1.54391, -0.86621
2.68969, 0.20525, 2.63123, -1.57115, -0.74985
2.70573, 0.20626, 2.62626, -1.61829, -0.59737
2.72742, 0.20298, 2.62342, -1.68956, -0.40058
2.74750, 0.18731, 2.61227, -1.76602, -0.18221
2.73876, 0.14960, 2.55752, -1.75504, -0.06910
2.73423, 0.12853, 2.52928, -1.74582, -0.03020
2.73460, 0.12029, 2.52087, -1.73801, -0.04683
2.73326, 0.11700, 2.51672, -1.71662, -0.11042
2.73259, 0.11978, 2.52171, -1.69290, -0.20543
2.73068, 0.12774, 2.53463, -1.66405, -0.33474
2.72715, 0.13917, 2.55409, -1.63516, -0.47974
2.73028, 0.15925, 2.59170, -1.63147, -0.60918
2.74334, 0.18662, 2.64175, -1.66326, -0.67543
2.74982, 0.20675, 2.67601, -1.67860, -0.73561
2.73389, 0.20672, 2.67387, -1.62968, -0.85807
2.71178, 0.19708, 2.65407, -1.56601, -0.96115
2.69118, 0.18439, 2.62587, -1.50751, -1.01679
2.68164, 0.17973, 2.60900, -1.47942, -1.01818
2.68996, 0.18830, 2.61309, -1.49883, -0.95189
2.70164, 0.19483, 2.61250, -1.52826, -0.84630
2.71388, 0.19680, 2.60646, -1.56223, -0.72043
2.73107, 0.19709, 2.60324, -1.61487, -0.56342
2.75616, 0.19456, 2.60629, -1.69895, -0.35536
2.77345, 0.17434, 2.59035, -1.77056, -0.13967
2.76238, 0.13589, 2.53456, -1.75489, -0.03754
2.75782, 0.11481, 2.50742, -1.74739, 0.00123
2.75875, 0.10699, 2.50068, -1.74125, -0.01725
2.76024, 0.10963, 2.50655, -1.72171, -0.10651
2.76285, 0.12043, 2.52517, -1.70153, -0.23174
2.77043, 0.14127, 2.56316, -1.69805, -0.36701
2.78145, 0.17098, 2.61684, -1.71096, -0.50138
2.79776, 0.20846, 2.68276, -1.74954, -0.59851
2.80134, 0.22932, 2.71506, -1.75391, -0.68051
2.79035, 0.23200, 2.71444, -1.71440, -0.77904
2.76871, 0.21960, 2.68687, -1.64441, -0.87455
2.74835, 0.20333, 2.65005, -1.58028, -0.91829
2.74202, 0.19785, 2.63005, -1.55776, -0.89455
2.74985, 0.20136, 2.62539, -1.57589, -0.80778
2.75991, 0.20113, 2.61592, -1.60306, -0.68826
2.77421, 0.19769, 2.60642, -1.64776, -0.53170
