0.06201, -0.11160, 0.26558, -0.51881, 0.77544
0.07337, -0.27886, 0.59434, -1.29969, 0.99787
0.13160, -0.32859, 0.71672, -1.17972, -0.34715
0.15620, -0.18165, 0.45838, -0.46857, -0.97356
0.21362, 0.00223, 0.13776, 0.21845, -0.87371
0.29856, 0.18803, -0.20248, 0.76170, -0.24469
0.39710, 0.25971, -0.37991, 0.78112, 0.64606
0.45322, 0.15679, -0.21847, 0.17252, 1.46032
0.50579, -0.01858, 0.10945, -0.61532, 1.24214
0.62337, -0.16397, 0.42609, -0.94172, 0.09918
0.71662, -0.10839, 0.37429, -0.47659, -0.90514
0.78291, 0.06424, 0.06269, 0.26323, -0.92863
0.89057, 0.23235, -0.26762, 0.71541, -0.08958
0.98901, 0.21796, -0.28189, 0.41091, 0.89497
1.06386, 0.06406, 0.00201, -0.27654, 0.93091
1.18343, -0.08044, 0.31125, -0.63988, -0.05620
1.27707, -0.02968, 0.27181, -0.24966, -0.84667
1.35682, 0.11265, 0.01382, 0.27290, -0.54285
1.45769, 0.22779, -0.23877, 0.53583, 0.24945
1.53791, 0.21088, -0.24620, 0.31996, 0.72289
1.59926, 0.05668, 0.03831, -0.37878, 0.95213
1.68730, -0.12047, 0.38990, -0.95875, 0.35565
1.77448, -0.10380, 0.39449, -0.59956, -0.85127
1.83168, 0.06509, 0.08777, 0.17089, -1.05358
1.94326, 0.22990, -0.23852, 0.63208, -0.19989
2.04958, 0.24760, -0.33243, 0.47213, 0.83690
2.11968, 0.11272, -0.10472, -0.13023, 0.91585
2.23119, -0.04611, 0.21580, -0.55471, 0.01666
2.32736, -0.01615, 0.21516, -0.21100, -1.04047
2.39610, 0.15137, -0.08914, 0.52551, -1.01184
2.51565, 0.29570, -0.40401, 0.84551, 0.08314
2.60015, 0.22729, -0.33960, 0.34234, 1.19998
2.65425, 0.05735, -0.03957, -0.40329, 1.16131
2.76414, -0.10926, 0.29470, -0.81242, 0.12349
2.86675, -0.07962, 0.28097, -0.42554, -0.91664
2.94995, 0.07612, -0.00990, 0.24980, -0.84805
3.06543, 0.13423, -0.16004, 0.26074, 0.32218
3.14923, 0.01497, 0.02861, -0.29417, 0.70082
3.25498, -0.12353, 0.32309, -0.64805, -0.15612
3.34000, -0.10493, 0.35171, -0.41042, -0.85428
3.41374, 0.03478, 0.09419, 0.10325, -0.49948
3.51362, 0.12514, -0.11820, 0.27681, 0.36734
3.59194, 0.04864, -0.01361, -0.14392, 0.80502
3.68969, -0.11353, 0.31248, -0.67701, 0.22561
3.78168, -0.10295, 0.33694, -0.41708, -0.72086
3.84965, 0.05479, 0.04669, 0.23202, -0.68216
3.95824, 0.19611, -0.25975, 0.56280, 0.30744
4.04360, 0.13992, -0.21118, 0.18783, 0.81929
4.13614, -0.02594, 0.10066, -0.37696, 0.35194
4.24023, -0.07462, 0.24447, -0.34998, -0.69946
4.30945, 0.05500, 0.03560, 0.24208, -0.89436
4.41883, 0.20562, -0.27556, 0.62473, 0.05327
4.50952, 0.15923, -0.24604, 0.23626, 0.98274
4.57590, 0.00124, 0.03744, -0.44684, 0.97598
4.68437, -0.14508, 0.34535, -0.79124, -0.03870
4.77580, -0.10891, 0.33596, -0.42961, -0.95459
4.84163, 0.05589, 0.03955, 0.28942, -0.97866
4.95156, 0.21383, -0.27798, 0.69515, -0.04310
5.05641, 0.25060, -0.42950, 0.64385, 0.83769
5.11173, 0.15804, -0.30692, 0.16048, 1.20960
5.17962, -0.01380, 0.00269, -0.44798, 0.71277
5.29110, -0.12515, 0.25704, -0.59176, -0.49593
5.37384, -0.03808, 0.15536, -0.10165, -0.98859
5.47603, 0.12920, -0.16070, 0.46672, -0.44985
5.58709, 0.17424, -0.30316, 0.41519, 0.69024
5.64904, 0.03615, -0.08566, -0.23798, 1.03503
5.74752, -0.13647, 0.24751, -0.73040, 0.23569
5.84981, -0.15106, 0.32530, -0.52922, -0.83848
5.92425, -0.01156, 0.07750, 0.10341, -0.90619
6.04307, 0.12507, -0.21460, 0.44802, 0.07761
6.13244, 0.04860, -0.13078, -0.04071, 1.04313
6.20541, -0.12474, 0.19140, -0.75043, 0.85866
6.31669, -0.19981, 0.38244, -0.74816, -0.44753
6.39022, -0.07700, 0.20056, -0.11552, -1.00890
6.49223, 0.09557, -0.12293, 0.44040, -0.38150
6.60189, 0.11853, -0.21453, 0.28960, 0.76865
6.67403, -0.02968, 0.04111, -0.38967, 0.95714
6.78955, -0.19177, 0.38077, -0.81706, 0.01593
6.88196, -0.15705, 0.36702, -0.44699, -0.91775
6.95177, 0.00961, 0.06231, 0.24313, -0.81006
7.06709, 0.15035, -0.23614, 0.55197, 0.24355
7.15842, 0.07914, -0.15695, 0.09420, 0.90518
7.25319, -0.09762, 0.17426, -0.54953, 0.53160
7.36911, -0.19930, 0.42273, -0.71887, -0.47022
7.43448, -0.11046, 0.31424, -0.20844, -1.09196
7.49507, 0.07376, -0.01272, 0.50797, -0.87533
7.59743, 0.22291, -0.31521, 0.81981, 0.15158
7.68400, 0.16695, -0.25917, 0.35566, 1.13092
7.75963, -0.00327, 0.05491, -0.38334, 1.00346
7.88627, -0.14096, 0.35823, -0.70008, -0.08524
7.97480, -0.07133, 0.29771, -0.22471, -1.11804
8.03491, 0.10686, -0.01830, 0.52519, -1.02023
8.14583, 0.25294, -0.32077, 0.81703, 0.10192
8.23639, 0.19182, -0.26310, 0.33117, 1.18313
8.30863, 0.04361, 0.00318, -0.30995, 1.04545
8.42474, -0.09924, 0.30173, -0.68996, 0.17762
8.51909, -0.06170, 0.26804, -0.30785, -0.80635
8.58876, 0.11063, -0.05035, 0.43303, -0.84687
8.70280, 0.24699, -0.34747, 0.72407, 0.21186
8.78174, 0.16932, -0.26635, 0.20976, 1.21259
8.83929, -0.01104, 0.05849, -0.57168, 1.10895
8.95016, -0.17419, 0.39624, -0.95738, 0.05236
9.04110, -0.12613, 0.35792, -0.48783, -1.14962
9.09898, 0.04813, 0.04537, 0.31031, -1.21700
9.21384, 0.15233, -0.17189, 0.48722, -0.08088
9.30716, 0.05070, -0.02563, -0.12476, 1.01344
9.38376, -0.10399, 0.26980, -0.80652, 0.96462
9.49282, -0.18478, 0.48101, -0.87286, -0.27068
9.56205, -0.07438, 0.33022, -0.28924, -0.91958
9.64483, 0.10169, 0.01590, 0.30220, -0.48980
9.75111, 0.20859, -0.22408, 0.47559, 0.53426
9.82314, 0.11290, -0.09845, -0.05877, 1.09424
9.91547, -0.04253, 0.19948, -0.58471, 0.50127
10.02166, -0.07192, 0.31237, -0.46954, -0.62957
10.08964, 0.05636, 0.10581, 0.12154, -0.89314
10.19149, 0.20789, -0.19378, 0.53089, -0.06639
10.28756, 0.20879, -0.25485, 0.33420, 0.87009
10.35960, 0.10107, -0.07368, -0.12500, 0.81362
10.46163, -0.01578, 0.18676, -0.40204, -0.14683
10.54326, 0.04429, 0.13187, -0.01534, -0.83310
10.62357, 0.21548, -0.18865, 0.61891, -0.54559
10.72225, 0.24297, -0.27606, 0.46269, 0.63636
10.78674, 0.08975, -0.00777, -0.27048, 1.02777
10.89637, -0.07630, 0.33001, -0.75011, 0.17840
10.99382, -0.05918, 0.35827, -0.44014, -0.96268
11.05340, 0.10119, 0.07727, 0.26877, -1.03039
11.16538, 0.25659, -0.23576, 0.64249, -0.01660
11.26788, 0.23191, -0.23854, 0.32962, 0.82772
11.35446, 0.09217, 0.02106, -0.23914, 0.65637
11.46217, 0.02766, 0.19452, -0.28091, -0.50160
11.53639, 0.14890, 0.01257, 0.27291, -0.79323
11.64309, 0.29620, -0.29572, 0.63965, 0.14563
11.72732, 0.23992, -0.24531, 0.21794, 0.97271
11.79767, 0.06597, 0.07152, -0.49257, 0.83855
11.90874, -0.07388, 0.37138, -0.79535, -0.18073
11.98848, -0.00486, 0.29844, -0.30195, -1.15532
12.05249, 0.17249, -0.02201, 0.44615, -1.00518
12.16966, 0.31166, -0.31621, 0.73431, 0.09305
12.25983, 0.24136, -0.23974, 0.23211, 1.10359
12.33281, 0.06525, 0.08145, -0.51297, 0.96626
12.45283, -0.04706, 0.33640, -0.68876, -0.23669
12.54229, 0.04712, 0.21459, -0.16923, -0.80885
12.64547, 0.21287, -0.10139, 0.34816, -0.16273
12.75178, 0.23494, -0.18593, 0.25728, 0.58651
12.83144, 0.11012, 0.03752, -0.30652, 0.75095
12.93715, -0.04644, 0.36608, -0.74928, -0.04689
13.02101, -0.00404, 0.34746, -0.36137, -1.00941
13.07462, 0.17016, 0.03680, 0.39546, -1.03680
13.17983, 0.31525, -0.25390, 0.71358, -0.00454
13.27473, 0.27576, -0.23557, 0.32542, 1.04084
13.35266, 0.11490, 0.05767, -0.37047, 0.95086
13.47709, -0.00383, 0.32811, -0.60912, -0.18129
13.55993, 0.08392, 0.23394, -0.09032, -1.07883
13.62944, 0.26622, -0.09426, 0.61920, -0.81221
13.74055, 0.34584, -0.28150, 0.62223, 0.48968
13.82467, 0.25937, -0.16798, 0.16359, 0.86420
13.92068, 0.11391, 0.10804, -0.34935, 0.51390
14.02622, 0.01618, 0.33642, -0.54298, -0.41230
14.09059, 0.12154, 0.19453, 0.00451, -0.96612
14.17381, 0.30289, -0.13988, 0.58988, -0.40582
14.27840, 0.36650, -0.31122, 0.57088, 0.72676
14.34600, 0.24737, -0.13013, -0.02475, 1.06167
14.45215, 0.07994, 0.19457, -0.54119, 0.31825
14.56008, 0.07871, 0.23816, -0.32104, -0.67317
14.64296, 0.22164, -0.02452, 0.27946, -0.65715
14.74943, 0.27647, -0.17594, 0.26669, 0.54334
14.82306, 0.14178, 0.04017, -0.35845, 0.86380
14.93323, -0.01701, 0.37126, -0.78313, -0.01432
15.01673, 0.02229, 0.36022, -0.39005, -1.16098
15.05900, 0.19330, 0.05880, 0.39093, -1.24117
15.16299, 0.32010, -0.19394, 0.64313, -0.15308
15.26076, 0.24383, -0.09061, 0.09709, 0.97162
15.34971, 0.07763, 0.22802, -0.61451, 0.84124
15.46140, 0.05674, 0.32678, -0.43405, -0.59552
15.51895, 0.22158, 0.05592, 0.32834, -1.03444
15.62047, 0.38471, -0.26358, 0.75136, -0.13994
15.71737, 0.36438, -0.27217, 0.40896, 0.98448
15.78587, 0.21396, -0.00137, -0.28373, 1.07677
15.90346, 0.06191, 0.31705, -0.69451, 0.13138
15.99741, 0.11270, 0.27961, -0.25314, -1.06707
16.05339, 0.28894, -0.03612, 0.53229, -1.11363
16.16230, 0.40225, -0.27300, 0.71971, -0.01774
16.25000, 0.31673, -0.15578, 0.14929, 1.08873
16.32790, 0.15240, 0.15155, -0.55142, 0.93730
16.44786, 0.06259, 0.37783, -0.66141, -0.27911
16.52124, 0.17018, 0.24085, -0.08260, -1.02063
16.60190, 0.34423, -0.07265, 0.50267, -0.51724
16.71057, 0.43027, -0.28930, 0.56829, 0.64815
16.77433, 0.34044, -0.18779, 0.06248, 1.27060
16.84290, 0.16802, 0.12807, -0.62473, 0.93636
16.95534, 0.02823, 0.43433, -0.91081, -0.16875
17.03754, 0.08544, 0.38898, -0.46602, -1.08402
17.10782, 0.25071, 0.09031, 0.19643, -0.83545
17.22456, 0.39904, -0.21499, 0.54911, 0.11948
17.31987, 0.36115, -0.19412, 0.19789, 0.97589
17.40262, 0.20119, 0.10248, -0.45677, 0.78576
17.52309, 0.09961, 0.35337, -0.60860, -0.41760
17.60015, 0.19286, 0.25147, -0.11975, -0.94358
17.68750, 0.36906, -0.06618, 0.44701, -0.40766
17.79311, 0.43269, -0.23448, 0.43027, 0.76076
17.85561, 0.30329, -0.03514, -0.23031, 1.20230
17.95514, 0.13423, 0.29812, -0.77753, 0.46812
18.05771, 0.14631, 0.30697, -0.47390, -0.51667
18.13444, 0.30465, 0.00825, 0.20539, -0.62251
18.23902, 0.43651, -0.26567, 0.55576, 0.08317
18.32048, 0.40093, -0.23567, 0.23312, 0.82386
18.38456, 0.24255, 0.05752, -0.44248, 0.83377
18.48555, 0.09598, 0.36277, -0.81065, -0.02780
18.56689, 0.14164, 0.31845, -0.39992, -0.93035
18.63087, 0.31442, 0.00049, 0.34382, -0.92259
18.74228, 0.45782, -0.29724, 0.68121, 0.05859
18.83126, 0.40594, -0.25876, 0.26305, 1.06832
18.89864, 0.24358, 0.03298, -0.43071, 0.98818
19.01441, 0.08717, 0.36267, -0.80970, -0.03369
19.10742, 0.12073, 0.35830, -0.44491, -1.02185
19.17649, 0.28216, 0.06739, 0.23878, -0.92288
19.29482, 0.43263, -0.24531, 0.59375, 0.10873
19.39044, 0.39599, -0.24241, 0.24504, 1.06294
19.46179, 0.23307, 0.04914, -0.45208, 0.97817
19.57312, 0.07795, 0.36606, -0.86044, 0.14554
19.66282, 0.11065, 0.34043, -0.47390, -0.88305
19.72978, 0.28178, 0.02431, 0.27566, -0.92388
19.84530, 0.43066, -0.28120, 0.65438, -0.02930
19.93681, 0.39774, -0.27865, 0.29465, 1.09651
19.98766, 0.23161, 0.01591, -0.47186, 1.20223
20.09220, 0.07248, 0.33831, -0.88368, 0.23381
20.19036, 0.09628, 0.34014, -0.52062, -0.89284
20.26026, 0.25745, 0.04657, 0.20836, -1.00070
20.37894, 0.41472, -0.27606, 0.63038, -0.06668
20.47802, 0.37256, -0.24884, 0.24199, 0.93690
20.55446, 0.20493, 0.05693, -0.45036, 0.82382
20.67401, 0.07715, 0.34670, -0.68978, -0.33259
20.75458, 0.15467, 0.27428, -0.21025, -1.10847
20.83293, 0.33045, -0.04111, 0.43959, -0.70976
20.95104, 0.46750, -0.34278, 0.71672, 0.33094
21.03329, 0.44409, -0.38366, 0.44957, 1.18969
21.08893, 0.30066, -0.14190, -0.16158, 1.06560
21.19714, 0.14013, 0.17266, -0.56920, 0.10747
21.30078, 0.14820, 0.21265, -0.29805, -0.96082
21.37674, 0.29019, -0.03955, 0.33885, -0.97528
21.49631, 0.43110, -0.34506, 0.69331, 0.00703
21.58804, 0.39293, -0.34013, 0.34265, 0.99771
21.64811, 0.23304, -0.06012, -0.33471, 0.97164
21.75415, 0.06754, 0.27014, -0.74413, 0.01326
21.85084, 0.09717, 0.25547, -0.37156, -0.96504
21.93087, 0.26011, -0.04878, 0.34137, -0.90958
22.05367, 0.41105, -0.36986, 0.74671, -0.03696
22.14477, 0.36817, -0.33402, 0.35696, 0.86224
22.21011, 0.19635, -0.02050, -0.36008, 0.82496
22.32062, 0.03964, 0.30619, -0.72490, -0.19701
22.41164, 0.08089, 0.28437, -0.34987, -0.94838
22.48601, 0.24770, -0.01915, 0.35474, -0.89058
22.59758, 0.40708, -0.34536, 0.77634, -0.01360
22.68726, 0.36154, -0.30765, 0.35391, 1.01751
22.75385, 0.18725, 0.01004, -0.39683, 0.97116
22.87237, 0.03195, 0.33563, -0.76096, -0.07442
22.96787, 0.07983, 0.29530, -0.35119, -0.89997
23.04711, 0.24834, -0.01419, 0.33569, -0.76949
23.16167, 0.39272, -0.31765, 0.68272, 0.14965
23.25015, 0.33929, -0.26041, 0.27420, 0.84986
23.33635, 0.17419, 0.05009, -0.33527, 0.50440
23.44401, 0.12385, 0.19331, -0.30082, -0.63342
23.52137, 0.25101, -0.01266, 0.27398, -0.81034
23.63425, 0.39400, -0.31701, 0.63809, 0.09615
23.71863, 0.34175, -0.27356, 0.23455, 0.98554
23.78637, 0.16646, 0.04507, -0.47315, 0.81979
23.90018, 0.04281, 0.31757, -0.68788, -0.30795
23.98157, 0.12848, 0.21554, -0.16206, -1.06885
24.06661, 0.30414, -0.10722, 0.49455, -0.68318
24.18577, 0.41736, -0.37292, 0.69057, 0.39672
24.26455, 0.37504, -0.37591, 0.37924, 1.11115
24.33232, 0.22905, -0.12294, -0.16598, 0.75971
24.44005, 0.08589, 0.17380, -0.49548, -0.19804
24.53033, 0.13725, 0.12307, -0.09775, -0.94528
24.61830, 0.30706, -0.20005, 0.58713, -0.71351
24.73939, 0.42601, -0.48940, 0.82232, 0.36815
24.80026, 0.33810, -0.40105, 0.29089, 1.32746
24.83648, 0.15384, -0.07802, -0.49025, 1.16691
24.93336, -0.02443, 0.26546, -0.90294, 0.11538
25.03304, 0.00378, 0.25060, -0.47159, -1.13332
25.10247, 0.17096, -0.05644, 0.34111, -1.29291
25.22652, 0.32479, -0.38477, 0.80138, -0.34630
25.33377, 0.30821, -0.42270, 0.50948, 0.79354
25.39177, 0.15861, -0.16723, -0.15685, 0.99165
25.48766, -0.01141, 0.15547, -0.61325, 0.14913
25.58965, -0.02646, 0.23003, -0.41288, -0.90048
25.67063, 0.10806, -0.01132, 0.20048, -0.91159
25.79520, 0.24369, -0.31145, 0.55835, 0.04235
25.88409, 0.18103, -0.25398, 0.13339, 0.91157
25.95481, 0.01776, 0.03958, -0.48231, 0.65964
26.06086, -0.07050, 0.25597, -0.54707, -0.57771
26.13147, 0.03719, 0.11380, 0.03189, -1.13881
26.22781, 0.21091, -0.21704, 0.63052, -0.54861
26.33516, 0.21240, -0.26211, 0.36661, 0.72409
26.40260, 0.05598, 0.01349, -0.35652, 1.00188
26.51592, -0.10310, 0.34515, -0.77195, 0.03753
26.61161, -0.08113, 0.36684, -0.45580, -0.99143
26.67206, 0.07198, 0.09800, 0.22541, -1.05164
26.77712, 0.23875, -0.22738, 0.67892, -0.18981
26.88188, 0.26141, -0.32544, 0.52235, 0.83786
26.95496, 0.13148, -0.10248, -0.07502, 0.93158
27.07009, -0.02445, 0.21646, -0.50964, 0.04921
27.17138, 0.00503, 0.20747, -0.19889, -0.74724
27.24763, 0.17203, -0.10007, 0.51405, -0.80322
27.35447, 0.31656, -0.40728, 0.85976, 0.12500
27.43674, 0.28214, -0.40932, 0.51155, 1.09150
27.49081, 0.12483, -0.13253, -0.18060, 1.08697
27.59522, -0.04655, 0.19660, -0.64854, 0.21682
27.69898, -0.02781, 0.20315, -0.29779, -0.98284
27.77202, 0.13643, -0.09752, 0.46501, -1.08494
27.89592, 0.27376, -0.40279, 0.79148, -0.00744
27.98540, 0.21048, -0.35009, 0.33085, 1.03372
28.04743, 0.03137, -0.03283, -0.40694, 0.93138
28.15960, -0.12333, 0.28239, -0.73795, -0.14099
28.25176, -0.06237, 0.21977, -0.25631, -1.15322
28.32809, 0.11169, -0.10121, 0.50280, -1.02911
28.45327, 0.24134, -0.39204, 0.77427, 0.09541
28.53707, 0.15860, -0.30263, 0.23463, 1.16766
28.59887, -0.00220, -0.02006, -0.42825, 1.00644
28.70993, -0.14980, 0.28834, -0.74294, -0.08790
28.80697, -0.12301, 0.28984, -0.41897, -0.86420
28.89551, 0.02400, 0.01040, 0.16084, -0.58144
29.00833, 0.11150, -0.20986, 0.31459, 0.44479
29.08554, 0.01442, -0.08241, -0.14937, 0.78004
29.18307, -0.14297, 0.22712, -0.58991, 0.03049
29.27317, -0.12292, 0.23604, -0.29229, -0.92418
29.34324, 0.03098, -0.04489, 0.37979, -0.92404
29.45772, 0.14649, -0.30556, 0.60226, 0.19812
29.53909, 0.05500, -0.19785, 0.07291, 0.98780
29.62352, -0.11926, 0.12202, -0.53941, 0.53768
29.73589, -0.21053, 0.35354, -0.63749, -0.59771
29.80558, -0.11248, 0.23097, -0.12110, -1.03021
29.90067, 0.05064, -0.07236, 0.38275, -0.34065
30.00964, 0.10937, -0.24335, 0.39802, 0.67509
30.07705, -0.00199, -0.08078, -0.16485, 1.07068
30.17112, -0.17977, 0.26198, -0.74341, 0.41539
30.27671, -0.20427, 0.36168, -0.56961, -0.77127
30.34219, -0.05908, 0.11443, 0.10889, -1.01407
30.45324, 0.09681, -0.19518, 0.53079, -0.11785
30.55475, 0.05501, -0.16003, 0.14531, 0.85637
30.63995, -0.10998, 0.14933, -0.53618, 0.73965
30.75184, -0.15677, 0.28892, -0.45781, -0.56838
30.82366, -0.01202, 0.05659, 0.20900, -0.90382
30.93377, 0.15322, -0.27259, 0.66616, -0.08877
31.02952, 0.12534, -0.25886, 0.31855, 0.88714
31.09461, -0.04372, 0.05209, -0.45955, 1.06132
31.19985, -0.18807, 0.34835, -0.83687, 0.18368
31.28995, -0.14078, 0.30102, -0.39949, -0.89706
31.36101, 0.03008, -0.01328, 0.32979, -0.87385
31.47455, 0.19339, -0.34402, 0.79206, -0.15002
31.56735, 0.19189, -0.38279, 0.54405, 0.85661
31.62820, 0.03310, -0.09493, -0.17341, 0.98326
31.74222, -0.12759, 0.22995, -0.59248, 0.03176
31.84352, -0.09911, 0.22826, -0.26158, -0.91522
31.92650, 0.05953, -0.06324, 0.39074, -0.76907
32.04461, 0.14448, -0.27850, 0.47376, 0.47844
32.11614, 0.03947, -0.14952, -0.07458, 1.09724
32.19871, -0.13721, 0.17644, -0.68653, 0.60471
32.30677, -0.21094, 0.36933, -0.68210, -0.66453
32.37860, -0.09004, 0.19251, -0.09388, -0.97120
32.48765, 0.07268, -0.12056, 0.39731, -0.25333
32.59721, 0.12406, -0.27601, 0.39351, 0.71943
32.66010, 0.00936, -0.10481, -0.17518, 1.08870
32.74533, -0.16889, 0.23196, -0.76775, 0.52018
32.84491, -0.17768, 0.28419, -0.49502, -0.81598
32.90891, -0.00995, -0.01371, 0.30603, -1.13853
33.02711, 0.15013, -0.34510, 0.75841, -0.21823
33.13114, 0.13771, -0.37828, 0.49025, 0.74917
33.18970, -0.01961, -0.09842, -0.24460, 1.05827
33.28083, -0.20318, 0.25198, -0.80685, 0.34584
33.38182, -0.20570, 0.30313, -0.50697, -0.97748
33.44306, -0.04110, 0.01329, 0.27992, -1.20931
33.55825, 0.10868, -0.29207, 0.69906, -0.30566
33.66021, 0.07724, -0.28188, 0.33900, 0.80895
33.72913, -0.08601, 0.01182, -0.37912, 0.92957
33.83972, -0.19134, 0.24220, -0.54714, -0.20379
33.92916, -0.10369, 0.12828, -0.06420, -0.76050
34.02838, 0.06211, -0.18723, 0.49355, -0.31965
34.12668, 0.08240, -0.26051, 0.35493, 0.66573
34.19699, -0.04676, -0.03096, -0.21384, 0.76768
34.30270, -0.17657, 0.25473, -0.52672, -0.18636
34.38053, -0.10831, 0.18464, -0.07364, -1.02876
34.44621, 0.07056, -0.14509, 0.66323, -0.87392
34.55510, 0.18956, -0.41200, 0.85896, 0.25349
34.62914, 0.10987, -0.32318, 0.33788, 1.18968
34.69384, -0.06104, -0.01751, -0.36142, 0.96594
34.81111, -0.21628, 0.30528, -0.72141, -0.08509
34.91006, -0.19111, 0.31247, -0.41357, -0.84723
34.99226, -0.03793, 0.02863, 0.20577, -0.67967
35.10281, 0.05027, -0.17729, 0.32942, 0.41755
35.17789, -0.06184, -0.01607, -0.25557, 1.00986
35.27252, -0.23543, 0.32378, -0.83478, 0.42109
35.36932, -0.23512, 0.36045, -0.56026, -0.71685
35.43628, -0.07687, 0.07161, 0.15235, -0.89620
35.55051, 0.07384, -0.23993, 0.54746, 0.02188
35.64401, 0.02422, -0.19819, 0.14708, 0.95257
35.72050, -0.14748, 0.11853, -0.55690, 0.80935
35.83895, -0.27205, 0.40773, -0.77854, -0.36100
35.91326, -0.18461, 0.31544, -0.25338, -1.14414
35.98676, -0.00815, 0.00246, 0.39867, -0.75003
36.10312, 0.11238, -0.26754, 0.59053, 0.42692
36.19193, 0.03718, -0.18856, 0.16312, 0.84894
36.28880, -0.13261, 0.12429, -0.43487, 0.50592
36.40049, -0.24100, 0.38076, -0.63635, -0.51532
36.46483, -0.15063, 0.28062, -0.14065, -1.07700
36.54313, 0.02304, -0.03125, 0.43522, -0.53382
36.65156, 0.10308, -0.23017, 0.47439, 0.65394
36.72648, -0.00852, -0.07026, -0.09544, 1.03010
36.83744, -0.17166, 0.25451, -0.59311, 0.24867
36.93862, -0.14377, 0.25413, -0.24958, -0.89580
37.00470, 0.02397, -0.04716, 0.48546, -0.96779
37.11616, 0.18503, -0.38144, 0.88327, -0.00990
37.20990, 0.17873, -0.43013, 0.62029, 0.97610
37.26002, 0.02565, -0.15996, -0.11770, 1.24299
37.34879, -0.15309, 0.17420, -0.70115, 0.57715
37.45994, -0.20286, 0.31449, -0.60133, -0.66499
37.53885, -0.07143, 0.09802, 0.02712, -0.91861
37.65897, 0.08338, -0.21996, 0.46958, -0.05544
37.75779, 0.05470, -0.22830, 0.16015, 0.96390
37.82618, -0.09364, 0.03378, -0.45954, 0.89395
37.93441, -0.24218, 0.34614, -0.81035, -0.04772
38.01952, -0.20082, 0.31343, -0.40177, -1.06163
38.08325, -0.02763, -0.00335, 0.36402, -1.04948
38.20274, 0.13118, -0.33330, 0.76133, -0.03907
38.30871, 0.14713, -0.44051, 0.62061, 0.86026
38.36619, 0.01976, -0.23260, 0.00468, 1.12613
38.45154, -0.16484, 0.10637, -0.58945, 0.48750
38.56373, -0.24105, 0.30316, -0.59688, -0.71148
38.63351, -0.12477, 0.13649, 0.01053, -1.15334
38.73551, 0.04784, -0.19235, 0.58047, -0.48519
38.85035, 0.08840, -0.33326, 0.48646, 0.74394
38.91806, -0.04795, -0.12109, -0.13984, 0.97459
39.02735, -0.20760, 0.19367, -0.55461, 0.04573
39.12991, -0.20963, 0.26149, -0.35210, -0.91049
39.20852, -0.06995, 0.01758, 0.23704, -0.81959
39.32224, 0.05266, -0.24047, 0.52579, 0.05031
39.40841, -0.00820, -0.16878, 0.09232, 0.94105
39.47907, -0.18187, 0.15501, -0.63942, 0.86337
39.58582, -0.24275, 0.30628, -0.60456, -0.37346
39.66604, -0.10575, 0.07713, 0.04078, -0.75544
39.77911, 0.03341, -0.21660, 0.41231, 0.12545
39.86823, -0.00362, -0.21087, 0.12310, 0.82851
39.94817, -0.16248, 0.08052, -0.44099, 0.46102
40.05089, -0.22156, 0.24764, -0.41808, -0.73950
40.12036, -0.09708, 0.05732, 0.16407, -0.94969
40.23319, 0.04426, -0.23651, 0.52269, 0.00878
40.33178, 0.02532, -0.26303, 0.29209, 0.70446
40.41075, -0.12044, -0.00117, -0.26568, 0.54318
40.51386, -0.24864, 0.28476, -0.55317, -0.43362
40.58590, -0.16295, 0.19059, -0.08304, -0.86838
40.67696, 0.00694, -0.12706, 0.45504, -0.28301
40.78000, 0.07133, -0.31195, 0.48555, 0.75394
40.84252, -0.03509, -0.16368, -0.02993, 1.00777
40.93879, -0.19725, 0.14535, -0.50537, 0.26054
41.04367, -0.23875, 0.27596, -0.45387, -0.67159
41.11269, -0.11965, 0.08217, 0.13320, -1.00235
41.20921, 0.05126, -0.24840, 0.68278, -0.37336
41.31126, 0.06567, -0.32279, 0.48707, 0.74979
41.35918, -0.08888, -0.05694, -0.29814, 1.42727
41.42812, -0.25607, 0.26541, -0.92486, 0.84692
41.53461, -0.30652, 0.40778, -0.81053, -0.45578
41.60923, -0.18079, 0.19646, -0.18539, -0.86405
41.71694, -0.03970, -0.08897, 0.23747, -0.11995
41.81453, -0.06616, -0.08566, -0.01789, 0.65036
41.90039, -0.22297, 0.21299, -0.61286, 0.45244
41.99432, -0.23115, 0.27783, -0.37401, -0.88707
42.04120, -0.06511, -0.00929, 0.41768, -1.20404
42.14192, 0.10720, -0.35354, 0.91670, -0.35565
42.23615, 0.08141, -0.34812, 0.51125, 0.98834
42.28046, -0.09608, -0.03394, -0.35042, 1.39076
42.37534, -0.27170, 0.31178, -0.91054, 0.56267
42.48072, -0.26343, 0.34134, -0.55660, -0.84888
42.54368, -0.09295, 0.04084, 0.24615, -1.15411
42.66067, 0.07595, -0.29908, 0.72694, -0.24282
42.76951, 0.08255, -0.37992, 0.50892, 0.90003
42.81814, -0.06930, -0.12706, -0.23291, 1.31215
42.89678, -0.25266, 0.21777, -0.85605, 0.66375
43.00667, -0.34325, 0.44357, -0.89240, -0.58385
43.07736, -0.24495, 0.31051, -0.33684, -1.09611
43.17273, -0.07653, -0.00250, 0.25400, -0.57764
43.28998, -0.00987, -0.17418, 0.28442, 0.55885
43.36027, -0.12630, -0.00196, -0.32280, 1.15949
43.44970, -0.29771, 0.33530, -0.91104, 0.53686
43.55124, -0.31496, 0.41873, -0.68285, -0.75302
43.61287, -0.16236, 0.15452, 0.02955, -1.03036
43.72081, 0.00139, -0.16009, 0.51281, -0.29061
43.82595, -0.01066, -0.16701, 0.22452, 0.74595
43.90676, -0.16756, 0.12680, -0.48106, 0.86554
44.02562, -0.28743, 0.40698, -0.72832, -0.23691
44.10583, -0.21107, 0.33307, -0.27421, -0.90719
44.18554, -0.04771, 0.04101, 0.26652, -0.42679
44.28785, 0.05646, -0.19731, 0.45028, 0.50753
44.36322, 0.01078, -0.16857, 0.14190, 0.94513
44.44554, -0.14510, 0.12187, -0.43729, 0.61561
44.54937, -0.20573, 0.28113, -0.44536, -0.51618
44.62007, -0.07717, 0.07873, 0.14459, -0.81299
44.72620, 0.07409, -0.23009, 0.54075, 0.07054
44.80644, 0.02640, -0.20912, 0.12437, 1.28051
44.83731, -0.14536, 0.10134, -0.69426, 1.35636
44.92743, -0.32043, 0.45781, -1.18889, 0.41530
45.01889, -0.32452, 0.51669, -0.87215, -0.95377
45.06984, -0.17584, 0.25664, -0.15642, -1.22098
45.16929, -0.01036, -0.05215, 0.40313, -0.65412
45.28629, 0.09838, -0.29024, 0.60080, 0.29747
45.36504, 0.02226, -0.20029, 0.11418, 1.15859
45.43371, -0.14885, 0.11440, -0.59646, 0.94853
45.54936, -0.29044, 0.42519, -0.89303, -0.14529
45.64131, -0.27341, 0.46518, -0.63446, -0.91778
45.71151, -0.13888, 0.21991, -0.08202, -0.73540
45.81074, 0.02149, -0.09029, 0.40984, -0.19258
45.90910, 0.09861, -0.27754, 0.50155, 0.66274
45.97086, -0.00672, -0.12035, -0.05540, 1.09899
46.06092, -0.17962, 0.20984, -0.64157, 0.51523
46.16526, -0.19002, 0.27282, -0.41260, -0.73244
46.23347, -0.03294, -0.00326, 0.31136, -0.98385
46.34785, 0.11923, -0.31934, 0.70707, -0.04923
46.44076, 0.07291, -0.28349, 0.29907, 0.96011
46.51023, -0.09979, 0.03034, -0.43005, 0.90180
46.62757, -0.24082, 0.33461, -0.72541, -0.20365
46.71491, -0.17288, 0.26941, -0.25597, -1.05632
46.78830, 0.00078, -0.04304, 0.44736, -0.87014
46.90272, 0.13252, -0.32547, 0.71333, 0.19144
46.98722, 0.06981, -0.27118, 0.26512, 1.12628
47.05081, -0.10237, 0.03755, -0.47717, 1.05191
47.16101, -0.27234, 0.38417, -0.91970, 0.10400
47.25262, -0.23926, 0.37593, -0.50842, -1.12598
47.30055, -0.06376, 0.06438, 0.31645, -1.30215
47.40321, 0.11030, -0.27407, 0.82969, -0.44439
47.51069, 0.11404, -0.32605, 0.54710, 0.81750
47.57977, -0.04686, -0.04030, -0.21431, 1.08837
47.69760, -0.20991, 0.28964, -0.67787, 0.19848
47.80900, -0.23566, 0.41025, -0.57172, -0.75911
47.87699, -0.11228, 0.21008, -0.01112, -0.89606
47.97691, 0.04922, -0.10043, 0.43200, -0.07127
48.08193, 0.11644, -0.28268, 0.52636, 0.56096
48.15948, 0.04962, -0.18006, 0.15828, 0.75943
48.24382, -0.12240, 0.14496, -0.48354, 0.54338
48.35004, -0.23337, 0.40557, -0.69506, -0.46733
48.41233, -0.14739, 0.31259, -0.20875, -1.08188
48.48672, 0.02457, 0.00471, 0.37378, -0.56937
48.59588, 0.13495, -0.25160, 0.54073, 0.54532
48.67027, 0.04852, -0.15216, 0.05019, 1.07582
48.76201, -0.12603, 0.17474, -0.56877, 0.58425
48.87381, -0.17410, 0.32000, -0.49708, -0.65999
48.94348, -0.03968, 0.10896, 0.12450, -0.93204
49.05157, 0.12274, -0.21090, 0.57219, -0.10359
49.15510, 0.15638, -0.33758, 0.49629, 0.81104
49.20777, 0.02954, -0.13621, -0.14889, 1.28268
49.28152, -0.14060, 0.18401, -0.75107, 0.70425
49.38875, -0.19211, 0.32232, -0.66162, -0.49714
49.46803, -0.07454, 0.12514, -0.07822, -0.83555
49.57683, 0.07786, -0.17978, 0.40296, -0.19922
49.67043, 0.05788, -0.19214, 0.11232, 0.93233
49.72280, -0.10963, 0.11011, -0.65350, 1.08170
49.82406, -0.27160, 0.44690, -1.05660, 0.11657
49.91575, -0.28330, 0.53339, -0.84580, -0.92239
49.95346, -0.14370, 0.29240, -0.12631, -1.41611
50.01794, 0.03772, -0.03842, 0.56142, -0.91678
50.13415, 0.15263, -0.29151, 0.70229, 0.33403
50.22075, 0.06246, -0.17978, 0.15289, 1.08863
50.31547, -0.11004, 0.14195, -0.49117, 0.66132
50.43335, -0.16466, 0.30157, -0.45389, -0.59648
50.50476, -0.03166, 0.09952, 0.16778, -0.93956
50.61145, 0.13323, -0.22454, 0.61395, -0.07153
50.71153, 0.11265, -0.22972, 0.30184, 0.87256
50.79175, -0.04819, 0.06831, -0.39194, 0.84546
50.91275, -0.18363, 0.37011, -0.69968, -0.20548
50.99601, -0.12149, 0.32558, -0.27446, -1.06959
51.06136, 0.05296, 0.01739, 0.41135, -0.84399
51.17275, 0.21131, -0.30927, 0.76203, 0.19570
51.26175, 0.16044, -0.26432, 0.32500, 1.09318
51.33647, -0.01261, 0.05405, -0.41779, 0.96609
51.45801, -0.16293, 0.37389, -0.78590, -0.02698
51.54670, -0.10400, 0.31930, -0.31882, -1.10640
51.60429, 0.07627, -0.00458, 0.47387, -1.10157
51.70529, 0.25819, -0.35994, 1.00058, -0.35495
51.79696, 0.25210, -0.38658, 0.64787, 1.02516
51.84253, 0.08525, -0.09623, -0.16108, 1.37145
51.95018, -0.07452, 0.21951, -0.63967, 0.47449
52.06674, -0.10143, 0.33373, -0.50215, -0.67963
52.12856, 0.03742, 0.11040, 0.18818, -1.18353
52.21372, 0.21666, -0.22855, 0.79413, -0.57192
52.32152, 0.26452, -0.36419, 0.68867, 0.62277
52.39000, 0.13240, -0.14412, 0.01649, 1.08486
52.49493, -0.04161, 0.19072, -0.55028, 0.40959
52.60821, -0.07313, 0.30758, -0.43528, -0.72272
52.68005, 0.06401, 0.08193, 0.18288, -0.89695
52.79152, 0.22236, -0.23933, 0.59300, 0.04059
52.88899, 0.19134, -0.23375, 0.26120, 0.91385
52.97098, 0.02983, 0.06363, -0.39463, 0.74461
53.08966, -0.07984, 0.32393, -0.57949, -0.41701
53.16965, 0.01729, 0.20853, -0.07798, -0.88820
53.26614, 0.17932, -0.09179, 0.40629, -0.22680
53.36759, 0.20997, -0.20236, 0.30548, 0.80203
53.43524, 0.07655, 0.02050, -0.32922, 1.03412
53.54285, -0.09033, 0.36022, -0.81835, 0.21298
53.63620, -0.05584, 0.34029, -0.42413, -0.90266
53.69959, 0.11346, 0.03369, 0.31682, -0.96768
53.81210, 0.27581, -0.29592, 0.73104, -0.03180
53.90511, 0.23675, -0.27478, 0.32152, 1.11983
53.96474, 0.06821, 0.02877, -0.44494, 1.15584
54.08174, -0.09370, 0.36643, -0.85421, 0.11637
54.17991, -0.05454, 0.34499, -0.44322, -0.97390
54.24225, 0.11634, 0.03751, 0.33275, -1.10473
54.35136, 0.28742, -0.30249, 0.80003, -0.19152
54.45314, 0.26851, -0.31725, 0.45392, 0.97163
54.51524, 0.10227, -0.01979, -0.32838, 1.18024
54.62557, -0.07165, 0.32821, -0.83462, 0.29824
54.72984, -0.06122, 0.36249, -0.51734, -0.91815
54.79317, 0.10297, 0.07212, 0.23535, -1.08528
54.90640, 0.27510, -0.26760, 0.71478, -0.20566
55.01529, 0.29582, -0.36421, 0.55490, 0.80501
55.07939, 0.15607, -0.12488, -0.12259, 1.10556
55.17976, -0.00475, 0.18425, -0.59735, 0.32192
55.28628, -0.01018, 0.24407, -0.37772, -0.76245
55.36739, 0.13401, -0.01337, 0.25253, -0.80052
55.48707, 0.27517, -0.31990, 0.60924, 0.13950
55.57024, 0.21095, -0.25973, 0.16230, 1.07735
55.63105, 0.03140, 0.06468, -0.58606, 0.95523
55.74260, -0.10061, 0.34940, -0.81398, -0.21997
55.82932, -0.02834, 0.27044, -0.31836, -1.04488
55.91438, 0.14481, -0.04677, 0.35811, -0.75227
56.03669, 0.26829, -0.32361, 0.61029, 0.29463
56.12765, 0.24439, -0.35925, 0.38967, 0.87084
56.18498, 0.09860, -0.11442, -0.24144, 1.00212
56.26200, -0.08539, 0.22877, -0.83037, 0.42493
56.36159, -0.13804, 0.37279, -0.73951, -0.71729
56.43074, -0.01899, 0.17376, -0.12866, -1.04743
56.53848, 0.14434, -0.14428, 0.41432, -0.42175
56.65053, 0.17324, -0.24002, 0.32785, 0.52125
56.73022, 0.03383, 0.00722, -0.27997, 0.67482
56.83695, -0.09650, 0.28538, -0.58629, -0.21802
56.91472, -0.02516, 0.20309, -0.12158, -0.99783
56.98601, 0.15202, -0.12314, 0.58399, -0.79088
57.09798, 0.26891, -0.39284, 0.76982, 0.38654
57.16599, 0.17120, -0.28131, 0.19596, 1.29095
57.22759, -0.01170, 0.04619, -0.54525, 0.99746
57.34352, -0.11748, 0.27943, -0.66137, -0.27198
57.43877, -0.02684, 0.15597, -0.16688, -0.73029
57.54952, 0.12531, -0.14948, 0.31301, -0.08155
57.64975, 0.15576, -0.26953, 0.27705, 0.74013
57.71125, 0.03319, -0.07213, -0.26889, 0.89981
57.80540, -0.13412, 0.25831, -0.72160, 0.05707
57.89804, -0.10601, 0.24837, -0.35459, -0.97829
57.97220, 0.05106, -0.04164, 0.34131, -0.96468
58.09600, 0.20005, -0.36759, 0.71843, 0.06495
58.18577, 0.14346, -0.32450, 0.28341, 1.03124
58.25095, -0.03579, -0.00385, -0.44464, 0.87718
58.36580, -0.18629, 0.31295, -0.74993, -0.24642
58.45810, -0.12649, 0.25375, -0.30611, -0.96146
58.55166, 0.03867, -0.05438, 0.31390, -0.59572
58.67063, 0.13314, -0.29126, 0.46027, 0.52038
58.74468, 0.02949, -0.16126, -0.05093, 0.92110
58.83308, -0.15348, 0.17412, -0.64963, 0.44781
58.93326, -0.18991, 0.28273, -0.50202, -0.81580
58.99663, -0.03563, 0.01990, 0.24089, -1.12350
59.11457, 0.11845, -0.29850, 0.66310, -0.17197
59.21648, 0.09988, -0.33735, 0.36996, 0.97753
59.26620, -0.06258, -0.06039, -0.38219, 1.19852
59.35619, -0.24624, 0.29171, -0.93272, 0.42436
59.45555, -0.24951, 0.34028, -0.61061, -0.97437
59.51407, -0.08897, 0.06037, 0.16651, -1.26449
59.62776, 0.06511, -0.24870, 0.62932, -0.41903
59.73295, 0.04386, -0.26720, 0.28903, 0.91871
59.78790, -0.12603, 0.03020, -0.49697, 1.13959
59.89588, -0.27338, 0.33457, -0.83775, 0.09242
59.99115, -0.22802, 0.29773, -0.41282, -0.93263
60.06763, -0.06146, -0.00831, 0.29890, -0.87818
60.18693, 0.05663, -0.26911, 0.53482, 0.20836
60.27053, -0.03447, -0.15963, 0.00264, 1.03196
60.35078, -0.21386, 0.17225, -0.67293, 0.68427
60.46164, -0.27378, 0.34007, -0.60661, -0.68378
60.52862, -0.14294, 0.14548, 0.03356, -1.08429
60.63599, -0.01777, -0.10390, 0.34048, -0.12579
60.73530, -0.05733, -0.08268, 0.02256, 0.70741
60.82988, -0.20852, 0.20873, -0.52568, 0.35691
60.92740, -0.20567, 0.23938, -0.29469, -0.63717
61.00081, -0.06507, -0.01882, 0.29799, -0.67050
61.10241, 0.01871, -0.21866, 0.41875, 0.34552
61.17625, -0.05318, -0.13841, 0.01552, 0.87753
61.24712, -0.21934, 0.16588, -0.63735, 0.77473
61.34275, -0.34237, 0.43162, -0.89588, -0.16917
61.41182, -0.27418, 0.36308, -0.41675, -1.17068
61.46399, -0.11165, 0.07535, 0.28279, -1.09819
61.57153, 0.05174, -0.24995, 0.69813, -0.11290
61.67714, 0.05827, -0.31791, 0.49486, 0.80659
61.75645, -0.06170, -0.10272, -0.03781, 0.79103
61.86575, -0.20242, 0.19380, -0.42979, -0.03477
61.95660, -0.16010, 0.16116, -0.08624, -0.79503
62.03808, 0.00554, -0.15001, 0.54554, -0.55304
62.14703, 0.10809, -0.39834, 0.71311, 0.46312
62.21188, 0.02761, -0.30803, 0.23589, 1.10405
62.27297, -0.15255, 0.01318, -0.47065, 0.88084
62.37663, -0.31701, 0.34475, -0.86456, -0.06022
62.46848, -0.31683, 0.40313, -0.62540, -0.99080
62.54022, -0.18303, 0.15695, -0.02969, -0.89848
62.65851, -0.05015, -0.13484, 0.31560, 0.08680
62.75592, -0.11899, -0.06073, -0.10069, 0.74553
62.85471, -0.28390, 0.25967, -0.65338, 0.25833
62.95101, -0.27074, 0.27043, -0.36383, -0.73026
63.02142, -0.11238, -0.02213, 0.33697, -0.85306
63.13009, -0.01175, -0.24827, 0.50402, 0.24630
63.21166, -0.11220, -0.11238, -0.03274, 0.86178
63.31040, -0.28255, 0.21536, -0.57679, 0.25471
63.41199, -0.29792, 0.29478, -0.40763, -0.78496
63.48342, -0.16177, 0.05722, 0.18776, -0.83404
63.59584, -0.01672, -0.25144, 0.55106, 0.13702
63.68714, -0.06833, -0.20735, 0.16956, 0.81887
63.77111, -0.24218, 0.11372, -0.48747, 0.58579
63.88101, -0.34939, 0.36120, -0.67003, -0.42776
63.95343, -0.27288, 0.27643, -0.22080, -0.98695
64.02915, -0.10119, -0.03219, 0.40543, -0.67221
64.13793, 0.02679, -0.31286, 0.65397, 0.39691
64.22104, -0.04702, -0.23271, 0.22019, 0.84923
64.29831, -0.22583, 0.08647, -0.50538, 0.91830
64.39104, -0.39813, 0.42909, -1.05611, 0.32169
64.47903, -0.39187, 0.47073, -0.72338, -1.03089
64.52220, -0.23246, 0.19643, 0.02928, -1.27286
64.61851, -0.06788, -0.10813, 0.54713, -0.60491
64.73202, 0.02126, -0.32594, 0.63047, 0.54348
64.80346, -0.06735, -0.22415, 0.13193, 1.12474
64.89022, -0.23716, 0.08809, -0.45765, 0.59180
65.00317, -0.28930, 0.24111, -0.39132, -0.71327
65.07574, -0.15429, 0.03017, 0.24110, -0.97407
65.19172, 0.00371, -0.29509, 0.66008, -0.03255
65.29510, 0.01006, -0.37493, 0.49295, 0.81610
65.35511, -0.13065, -0.13390, -0.16668, 1.06504
65.44436, -0.31440, 0.21264, -0.74167, 0.39005
65.55091, -0.35703, 0.33850, -0.62892, -0.71219
65.62961, -0.23163, 0.11949, -0.03232, -0.86539
65.74315, -0.06863, -0.20406, 0.49370, -0.28302
65.84695, -0.03832, -0.32139, 0.38804, 0.86052
65.88911, -0.19065, -0.07297, -0.35319, 1.25830
65.97312, -0.37293, 0.27644, -0.91473, 0.48346
66.07410, -0.38004, 0.32923, -0.61186, -0.87692
66.14122, -0.22326, 0.05152, 0.14031, -1.14686
66.26340, -0.07595, -0.25525, 0.55232, -0.19628
66.36187, -0.13256, -0.21215, 0.10355, 1.04815
66.41736, -0.30017, 0.08793, -0.64769, 1.11465
66.52484, -0.43338, 0.37395, -0.90127, -0.02958
66.61210, -0.36290, 0.29179, -0.37567, -1.07052
66.68723, -0.19244, -0.01966, 0.33814, -0.91293
66.81112, -0.05320, -0.32447, 0.65210, 0.16677
66.90223, -0.10563, -0.29564, 0.26446, 1.00132
66.97413, -0.27596, 0.00714, -0.40765, 0.80100
67.08745, -0.41130, 0.29743, -0.67134, -0.29951
67.17543, -0.35349, 0.25188, -0.26988, -0.94763
67.26466, -0.20160, -0.02750, 0.27118, -0.52287
67.37352, -0.12321, -0.23135, 0.36388, 0.56888
67.44370, -0.21462, -0.11948, -0.09327, 0.93539
67.53745, -0.37190, 0.18382, -0.55426, 0.21031
67.63572, -0.37904, 0.23872, -0.36400, -0.70957
67.71739, -0.23699, -0.02510, 0.23421, -0.65613
67.82372, -0.18723, -0.16976, 0.21007, 0.56001
67.89286, -0.32774, 0.05854, -0.43798, 0.88886
68.00024, -0.45979, 0.34288, -0.72573, -0.14286
68.07743, -0.37400, 0.24255, -0.17434, -1.18817
68.13988, -0.19176, -0.08866, 0.59472, -1.02204
68.25687, -0.03268, -0.42906, 0.94740, 0.09231
68.35191, -0.05011, -0.46080, 0.65609, 0.92722
68.40566, -0.20330, -0.18612, -0.07374, 1.17279
68.48867, -0.38983, 0.15875, -0.70458, 0.59534
68.60008, -0.45120, 0.32941, -0.62721, -0.76697
68.67242, -0.31913, 0.12845, 0.01396, -1.05725
68.78742, -0.15198, -0.19631, 0.52751, -0.32600
68.89572, -0.13913, -0.28131, 0.33188, 0.91250
68.95391, -0.28002, -0.04922, -0.31543, 1.07871
69.06018, -0.44013, 0.27335, -0.72955, 0.13590
69.15623, -0.39925, 0.23846, -0.30249, -1.00976
69.22672, -0.23518, -0.06235, 0.43367, -1.04221
69.34646, -0.11040, -0.33982, 0.69660, 0.05751
69.43698, -0.18173, -0.26141, 0.23177, 0.83553
69.52385, -0.35482, 0.05748, -0.37919, 0.44220
69.63353, -0.44300, 0.28638, -0.48061, -0.69967
69.70248, -0.34466, 0.16501, 0.00183, -0.96832
69.80109, -0.17583, -0.15464, 0.51393, -0.28813
69.90402, -0.15940, -0.22698, 0.33631, 0.78455
69.97885, -0.30753, 0.03756, -0.33174, 0.89817
70.09902, -0.44681, 0.34501, -0.66192, -0.15494
70.18626, -0.38293, 0.29120, -0.23195, -0.93855
70.26291, -0.21181, -0.01568, 0.39474, -0.61351
70.37317, -0.10550, -0.26583, 0.54033, 0.56424
70.44175, -0.20770, -0.14107, -0.02327, 1.20725
70.52567, -0.38737, 0.19490, -0.68292, 0.71114
70.63983, -0.44048, 0.35549, -0.59231, -0.69735
70.70118, -0.29997, 0.14459, 0.09538, -1.16061
70.79869, -0.12354, -0.18611, 0.64827, -0.46715
70.90746, -0.09826, -0.28034, 0.46361, 0.79544
70.96767, -0.25426, -0.01518, -0.30962, 1.24071
71.05842, -0.41963, 0.30604, -0.88529, 0.67108
71.15808, -0.43800, 0.38305, -0.66461, -0.64339
71.22122, -0.28366, 0.11703, 0.05947, -1.00488
71.33211, -0.13194, -0.18475, 0.48292, -0.16189
71.43037, -0.15864, -0.19051, 0.15702, 0.97151
71.49848, -0.28324, 0.02689, -0.37996, 0.93343
71.60884, -0.40004, 0.29941, -0.61231, -0.20064
71.69137, -0.33539, 0.24881, -0.19261, -0.93810
71.76531, -0.15756, -0.07050, 0.48624, -0.71365
71.87498, -0.02157, -0.36456, 0.76589, 0.30009
71.94944, -0.09400, -0.28913, 0.27311, 1.21387
72.01306, -0.25992, 0.00892, -0.41389, 0.99492
72.13094, -0.40736, 0.32480, -0.73533, -0.12950
72.22273, -0.34794, 0.27216, -0.28047, -1.03199
72.28461, -0.17111, -0.04642, 0.51453, -1.10938
72.38212, -0.00325, -0.38104, 1.00278, -0.32275
72.48338, 0.04960, -0.54904, 0.94317, 0.74640
72.52355, -0.06516, -0.37760, 0.30476, 1.52298
72.55676, -0.24670, -0.05091, -0.49738, 1.30857
72.65204, -0.42706, 0.29898, -0.96937, 0.32643
72.75602, -0.44749, 0.39220, -0.72684, -0.95347
72.82123, -0.30435, 0.14642, -0.02398, -1.19141
72.93890, -0.14165, -0.17468, 0.48165, -0.37893
73.05160, -0.15479, -0.20295, 0.19162, 0.84111
73.12051, -0.32133, 0.09402, -0.56439, 1.01414
73.23395, -0.45138, 0.37709, -0.82517, -0.09120
73.32100, -0.38849, 0.31952, -0.36600, -1.03425
73.38702, -0.22362, 0.02581, 0.33210, -0.97013
73.49638, -0.07432, -0.27757, 0.69222, 0.00105
73.58891, -0.12248, -0.24104, 0.26907, 1.06151
73.66050, -0.28890, 0.06181, -0.45024, 0.98726
73.78323, -0.44030, 0.39127, -0.80458, -0.10221
73.87520, -0.39570, 0.37429, -0.41509, -1.03517
73.94307, -0.22880, 0.07711, 0.26803, -0.88202
74.05789, -0.08598, -0.21783, 0.57085, 0.19091
74.15016, -0.15680, -0.14024, 0.08329, 1.08960
74.22343, -0.32596, 0.17324, -0.66886, 1.04633
74.33121, -0.44070, 0.42669, -0.91038, 0.06659
74.41031, -0.36830, 0.33734, -0.39566, -0.97568
74.47544, -0.19189, 0.01691, 0.33039, -0.86333
74.58999, -0.09711, -0.19785, 0.43718, 0.35967
74.67020, -0.20314, -0.05432, -0.14754, 1.11255
74.76079, -0.36661, 0.26037, -0.73957, 0.61415
74.86393, -0.37303, 0.31983, -0.48370, -0.72467
74.92224, -0.20612, 0.03090, 0.30466, -1.11252
75.02927, -0.03617, -0.30733, 0.78510, -0.23768
75.12992, -0.05240, -0.32879, 0.45647, 0.93822
75.18820, -0.21130, -0.04841, -0.29308, 1.18434
75.29257, -0.38320, 0.29109, -0.79636, 0.33242
75.39701, -0.37371, 0.31323, -0.48739, -0.76864
75.47539, -0.21598, 0.02123, 0.20812, -0.83139
75.59599, -0.07326, -0.28513, 0.56904, 0.11780
75.68249, -0.13631, -0.22769, 0.12363, 1.09680
75.75118, -0.27122, 0.01116, -0.41178, 0.87659
75.85629, -0.39428, 0.28053, -0.67667, -0.06923
75.94177, -0.35378, 0.23986, -0.31238, -0.78674
76.01212, -0.18119, -0.08192, 0.44267, -0.88931
76.11722, -0.01016, -0.43177, 0.94120, -0.13649
76.20447, -0.02398, -0.44437, 0.63991, 0.72993
76.26234, -0.18587, -0.14270, -0.08149, 0.88415
76.35959, -0.35946, 0.18661, -0.60329, 0.24725
76.45953, -0.37441, 0.24578, -0.41767, -0.71997
76.53405, -0.23374, -0.01290, 0.24532, -0.92905
76.64717, -0.09205, -0.31306, 0.63264, -0.05483
76.73340, -0.15613, -0.24626, 0.16648, 1.00097
76.78733, -0.33578, 0.07959, -0.63468, 1.09175
76.88795, -0.48557, 0.38810, -0.98045, 0.08758
76.97637, -0.43692, 0.33828, -0.51516, -1.00196
77.04843, -0.29381, 0.07431, 0.10741, -0.92111
77.16293, -0.16217, -0.20974, 0.45493, -0.02323
77.25526, -0.20505, -0.18013, 0.10378, 0.85344
77.33103, -0.36638, 0.11765, -0.53894, 0.69996
77.44037, -0.44368, 0.32060, -0.57272, -0.57204
77.50410, -0.32054, 0.15073, 0.05989, -1.15530
77.59241, -0.13927, -0.18645, 0.67287, -0.57236
77.70457, -0.06513, -0.37683, 0.69329, 0.55594
77.77167, -0.17229, -0.22318, 0.11299, 1.12557
77.85826, -0.34655, 0.09833, -0.49278, 0.59783
77.97221, -0.41496, 0.27393, -0.50238, -0.55341
78.05193, -0.29846, 0.09608, 0.06235, -0.86880
78.16294, -0.15315, -0.19995, 0.45485, 0.01195
78.25675, -0.18961, -0.19349, 0.13096, 0.93180
78.32873, -0.34844, 0.09312, -0.52943, 0.85549
78.43935, -0.48118, 0.38383, -0.80411, -0.19334
78.51755, -0.41085, 0.31175, -0.31403, -1.14639
78.57955, -0.23525, -0.00328, 0.42292, -1.00263
78.69381, -0.08657, -0.31152, 0.75227, 0.05851
78.78701, -0.10288, -0.36450, 0.46670, 1.15579
78.84353, -0.24573, -0.12755, -0.16384, 1.11387
78.95355, -0.40104, 0.17739, -0.56466, 0.17776
79.05718, -0.36805, 0.15679, -0.18768, -0.92601
79.13745, -0.20618, -0.14458, 0.53463, -0.94839
79.26162, -0.07665, -0.44560, 0.81374, 0.17358
79.34160, -0.14022, -0.40905, 0.37379, 1.19159
79.39481, -0.30522, -0.12616, -0.29535, 1.00767
79.49836, -0.46928, 0.18912, -0.68396, 0.07099
79.60036, -0.47232, 0.22662, -0.44180, -0.81426
79.68993, -0.35808, 0.00238, 0.06874, -0.68763
79.80607, -0.24452, -0.27436, 0.39075, 0.16269
79.88414, -0.30000, -0.23286, 0.05034, 0.79018
79.95028, -0.46795, 0.07158, -0.53915, 0.47360
80.04549, -0.52626, 0.22848, -0.48237, -0.77267
80.11576, -0.40793, 0.04495, 0.09541, -1.00809
80.23379, -0.26409, -0.26023, 0.50217, -0.09641
80.33119, -0.30319, -0.24446, 0.17371, 0.75383
80.40861, -0.47250, 0.06464, -0.45835, 0.52308
80.51550, -0.57005, 0.30152, -0.57750, -0.61152
80.58954, -0.47469, 0.18099, -0.09103, -0.93166
80.69396, -0.32874, -0.10632, 0.32363, -0.11310
80.79329, -0.35197, -0.11300, 0.06100, 0.72837
80.88071, -0.50758, 0.17981, -0.54575, 0.54933
80.98604, -0.55917, 0.33846, -0.49603, -0.71543
81.04666, -0.42481, 0.13507, 0.12324, -0.98787
81.14601, -0.25545, -0.18638, 0.61470, -0.28009
81.24933, -0.19912, -0.34506, 0.59042, 0.74695
81.31011, -0.32006, -0.15791, -0.02235, 1.13224
81.40209, -0.49480, 0.16973, -0.60475, 0.54087
81.50924, -0.51654, 0.26067, -0.40363, -0.82195
81.57147, -0.35839, -0.00736, 0.34795, -1.12150
81.68596, -0.19889, -0.33590, 0.77458, -0.15797
81.78798, -0.20916, -0.38247, 0.50304, 0.91273
81.85484, -0.36054, -0.11800, -0.15362, 0.92849
81.96867, -0.51887, 0.20174, -0.55019, -0.05479
82.06879, -0.48252, 0.18560, -0.19383, -0.94922
82.15684, -0.32051, -0.11612, 0.45997, -0.72904
82.27615, -0.24461, -0.32087, 0.50664, 0.54024
82.33905, -0.36553, -0.16054, -0.11489, 1.20145
82.41888, -0.54675, 0.17481, -0.72998, 0.60269
82.52816, -0.58727, 0.30422, -0.56451, -0.82415
82.59249, -0.44179, 0.07051, 0.14972, -1.18940
82.70559, -0.28248, -0.24692, 0.62050, -0.33068
82.81373, -0.29253, -0.27958, 0.35053, 0.75604
82.88967, -0.45292, 0.00822, -0.33587, 0.80991
83.00716, -0.59969, 0.32412, -0.67474, -0.23063
83.09536, -0.53760, 0.26570, -0.24274, -0.92318
83.17935, -0.36175, -0.05501, 0.40856, -0.60996
83.29287, -0.26359, -0.28938, 0.53374, 0.55120
83.36985, -0.36530, -0.15896, 0.02115, 0.92616
83.47312, -0.53252, 0.16051, -0.48509, 0.22780
83.57625, -0.52071, 0.16749, -0.21238, -0.69400
83.64293, -0.35969, -0.13242, 0.58097, -1.14597
83.73427, -0.20363, -0.45505, 1.08492, -0.43298
83.82287, -0.22333, -0.46657, 0.71278, 0.86126
83.87502, -0.39120, -0.16778, -0.05478, 1.09487
83.98299, -0.56606, 0.16563, -0.56364, 0.29369
84.09338, -0.58032, 0.23555, -0.36502, -0.79801
84.17086, -0.43270, -0.02732, 0.31676, -0.95662
84.29143, -0.27405, -0.36282, 0.74539, -0.01663
84.38519, -0.30648, -0.36828, 0.39346, 1.05172
84.44090, -0.47615, -0.06998, -0.34697, 1.06472
84.54448, -0.64950, 0.26484, -0.80605, 0.20797
84.64489, -0.65477, 0.31763, -0.54449, -0.92115
84.71770, -0.50708, 0.05073, 0.14298, -1.02034
84.84129, -0.35764, -0.26305, 0.55480, -0.09432
84.94006, -0.40674, -0.22480, 0.15360, 0.92684
85.01352, -0.56461, 0.06050, -0.49134, 0.81943
85.12515, -0.67314, 0.30785, -0.66055, -0.29615
85.20666, -0.58784, 0.20138, -0.15305, -0.95229
85.30023, -0.41407, -0.12359, 0.45088, -0.46161
85.41448, -0.33652, -0.33832, 0.51757, 0.68861
85.46943, -0.44807, -0.19623, -0.06283, 1.25633
85.54216, -0.62906, 0.13583, -0.69126, 0.67902
85.65203, -0.67213, 0.26112, -0.53312, -0.73315
85.72654, -0.52926, 0.02525, 0.16658, -1.08251
85.84876, -0.37426, -0.29696, 0.61385, -0.17549
85.95819, -0.36915, -0.37655, 0.45019, 0.73194
86.02561, -0.50453, -0.14738, -0.13467, 0.83010
86.12408, -0.66629, 0.16891, -0.55656, -0.03533
86.22090, -0.62949, 0.14273, -0.18198, -0.89061
86.30558, -0.47436, -0.14965, 0.48448, -0.81437
86.42232, -0.37681, -0.39214, 0.64544, 0.33750
86.49191, -0.47634, -0.27799, 0.11287, 1.02267
86.56036, -0.66215, 0.04970, -0.55376, 0.69536
86.66463, -0.78984, 0.32452, -0.75913, -0.42899
86.74157, -0.70363, 0.22047, -0.22315, -1.13755
86.82995, -0.53246, -0.09549, 0.42608, -0.73815
86.95005, -0.45258, -0.30160, 0.49254, 0.48956
87.03099, -0.55185, -0.17659, 0.02631, 0.77839
87.11947, -0.72016, 0.12939, -0.54530, 0.50312
87.21787, -0.85786, 0.42385, -0.86654, -0.32604
87.28265, -0.79162, 0.35724, -0.39012, -1.23571
87.33840, -0.62404, 0.05654, 0.31216, -1.03742
87.45054, -0.46932, -0.25552, 0.68547, -0.05785
87.55063, -0.49950, -0.23770, 0.33299, 0.81802
87.63604, -0.64869, 0.04400, -0.28507, 0.68040
87.75164, -0.77809, 0.33178, -0.61123, -0.17477
87.83073, -0.73527, 0.31141, -0.26163, -1.06191
87.88630, -0.56445, 0.00569, 0.45094, -0.95659
87.99600, -0.41422, -0.30565, 0.76736, 0.12887
88.08522, -0.46107, -0.28125, 0.35143, 1.17752
88.15302, -0.62722, 0.01699, -0.37537, 1.07812
88.27611, -0.76298, 0.30922, -0.67135, -0.03946
88.37398, -0.69652, 0.23756, -0.22388, -0.78393
88.44085, -0.53305, -0.05320, 0.51438, -1.09395
88.51915, -0.35835, -0.39729, 1.12220, -0.55312
88.61249, -0.34041, -0.47795, 0.84745, 0.87711
88.66103, -0.50033, -0.20488, 0.06684, 1.29733
88.76254, -0.67643, 0.12418, -0.51929, 0.62388
88.88235, -0.73087, 0.27025, -0.47248, -0.54483
88.96331, -0.61390, 0.08591, 0.09337, -0.87264
89.06747, -0.44914, -0.23452, 0.60922, -0.27898
89.16725, -0.42655, -0.31121, 0.47881, 0.61070
89.22864, -0.56807, -0.05618, -0.22022, 1.05103
89.31953, -0.73904, 0.27689, -0.77926, 0.43194
89.42024, -0.76181, 0.36466, -0.60623, -0.67669
89.48848, -0.66394, 0.20016, -0.13510, -0.86915
89.57695, -0.52290, -0.07929, 0.33511, -0.39326
89.67360, -0.44730, -0.27121, 0.42631, 0.61359
89.73276, -0.56533, -0.09843, -0.15296, 1.00955
89.82944, -0.73432, 0.23030, -0.64745, 0.22669
89.93253, -0.75823, 0.32984, -0.51311, -0.74498
