0.00483, 1.24910, -0.00022, -0.00395, -0.00839, 0.00809
0.01105, 1.24821, -0.01152, -0.02195, -0.01985, 0.01277
0.02104, 1.24683, -0.02964, -0.05223, -0.03215, 0.02057
0.03445, 1.24510, -0.05391, -0.09456, -0.04117, 0.03857
0.05117, 1.24318, -0.08412, -0.14886, -0.04573, 0.06734
0.07144, 1.24136, -0.12085, -0.21502, -0.05083, 0.10418
0.09510, 1.23992, -0.16394, -0.29284, -0.05576, 0.14579
0.12144, 1.23910, -0.21217, -0.38197, -0.05233, 0.19326
0.15020, 1.23915, -0.26534, -0.48148, -0.04289, 0.24904
0.17986, 1.24006, -0.32091, -0.58689, -0.02661, 0.31525
0.20836, 1.24133, -0.37514, -0.69240, 0.00113, 0.39182
0.23673, 1.24332, -0.43035, -0.79814, 0.02280, 0.47770
0.26563, 1.24643, -0.48819, -0.90519, 0.03041, 0.57032
0.29293, 1.24989, -0.54457, -1.00762, 0.03092, 0.66709
0.31709, 1.25274, -0.59611, -1.10021, 0.02818, 0.76286
0.33803, 1.25454, -0.64228, -1.18255, 0.02432, 0.83395
0.35587, 1.25498, -0.68289, -1.25466, 0.02018, 0.86084
0.37188, 1.25456, -0.72055, -1.31982, 0.00990, 0.86478
0.38778, 1.25436, -0.75935, -1.38461, -0.00946, 0.85828
0.40373, 1.25450, -0.79970, -1.45181, -0.02929, 0.84782
0.41915, 1.25460, -0.84031, -1.51991, -0.04593, 0.83675
0.43403, 1.25466, -0.88124, -1.58853, -0.06150, 0.82660
0.45040, 1.25801, -0.92614, -1.66043, -0.07507, 0.81797
0.46804, 1.26532, -0.97314, -1.73204, -0.08795, 0.81097
0.48404, 1.27244, -1.01392, -1.79492, -0.10224, 0.80537
0.49713, 1.27679, -1.04364, -1.84656, -0.11403, 0.80087
0.50779, 1.27829, -1.06380, -1.88716, -0.12815, 0.79567
0.51754, 1.27911, -1.08043, -1.92065, -0.15104, 0.78365
0.52705, 1.28021, -1.09562, -1.95034, -0.18109, 0.76209
0.53646, 1.28156, -1.10937, -1.97842, -0.21239, 0.73191
0.54583, 1.28297, -1.12150, -2.00711, -0.23835, 0.69308
0.55504, 1.28410, -1.13122, -2.03554, -0.25846, 0.64613
0.56498, 1.28642, -1.14214, -2.06733, -0.27460, 0.59022
0.57511, 1.28887, -1.15185, -2.09871, -0.28666, 0.52701
0.58469, 1.29002, -1.15691, -2.12436, -0.29713, 0.45822
0.59473, 1.29170, -1.16173, -2.14789, -0.30894, 0.38158
0.60528, 1.29407, -1.16658, -2.16757, -0.32440, 0.29633
0.61621, 1.29692, -1.17095, -2.18045, -0.34728, 0.20409
0.62773, 1.30051, -1.17586, -2.18901, -0.37263, 0.10340
0.63972, 1.30438, -1.18078, -2.19509, -0.39374, -0.00633
0.65180, 1.30760, -1.18413, -2.19836, -0.40807, -0.12344
0.66431, 1.31114, -1.18848, -2.19984, -0.42281, -0.24685
0.67750, 1.31564, -1.19567, -2.20169, -0.43807, -0.37811
0.69068, 1.31956, -1.20246, -2.20194, -0.44760, -0.51944
0.70405, 1.32338, -1.21034, -2.20246, -0.45852, -0.67078
0.71777, 1.32760, -1.22057, -2.20477, -0.47563, -0.82661
0.73101, 1.33009, -1.22839, -2.20531, -0.49247, -0.91044
0.74451, 1.33225, -1.23724, -2.21112, -0.50305, -0.93477
0.75899, 1.33585, -1.25124, -2.22844, -0.50603, -0.92958
0.77409, 1.34026, -1.26880, -2.25479, -0.49888, -0.91097
0.78978, 1.34573, -1.29040, -2.29062, -0.48205, -0.88509
0.80606, 1.35274, -1.31712, -2.33717, -0.45653, -0.85906
0.82265, 1.36135, -1.34880, -2.39195, -0.42929, -0.83666
0.83888, 1.37011, -1.38205, -2.44873, -0.40255, -0.81776
0.85451, 1.37809, -1.41472, -2.50485, -0.37330, -0.80490
0.86955, 1.38551, -1.44742, -2.56062, -0.34842, -0.79737
0.88306, 1.38463, -1.46537, -2.61143, -0.33274, -0.79308
0.89520, 1.37498, -1.46663, -2.64649, -0.32823, -0.79070
0.90638, 1.35963, -1.45614, -2.65950, -0.33643, -0.78941
0.91666, 1.33926, -1.43632, -2.66126, -0.35274, -0.78866
0.92542, 1.31197, -1.40420, -2.65778, -0.37462, -0.78417
0.93329, 1.28282, -1.36938, -2.65231, -0.39564, -0.77255
0.94047, 1.25308, -1.33442, -2.64656, -0.41690, -0.76244
0.94713, 1.22343, -1.30072, -2.64127, -0.44307, -0.75429
0.95142, 1.18946, -1.25716, -2.63678, -0.46585, -0.74232
0.94990, 1.14672, -1.18975, -2.63315, -0.49016, -0.73473
0.94384, 1.10148, -1.11275, -2.63020, -0.52134, -0.73746
0.93673, 1.06742, -1.04919, -2.62160, -0.55168, -0.73989
0.93223, 1.05107, -1.01252, -2.61287, -0.57312, -0.73732
0.93026, 1.04494, -0.99444, -2.61555, -0.58381, -0.72992
0.92901, 1.04264, -0.98338, -2.62204, -0.58675, -0.71297
0.92717, 1.04052, -0.97194, -2.62483, -0.58328, -0.68657
0.92491, 1.03812, -0.95992, -2.62433, -0.57926, -0.64909
0.92279, 1.03596, -0.94922, -2.62240, -0.58295, -0.59980
0.92115, 1.03440, -0.94099, -2.62136, -0.59395, -0.54099
0.91975, 1.03305, -0.93417, -2.62078, -0.60522, -0.47281
0.91852, 1.03181, -0.92830, -2.62050, -0.61194, -0.39445
0.91769, 1.03102, -0.92426, -2.62029, -0.62047, -0.30586
0.91742, 1.03099, -0.92282, -2.62005, -0.63679, -0.20596
0.91748, 1.03134, -0.92289, -2.61983, -0.65051, -0.09479
0.91785, 1.03211, -0.92442, -2.61965, -0.65996, 0.02772
0.91877, 1.03366, -0.92846, -2.61947, -0.67331, 0.16163
0.92010, 1.03580, -0.93440, -2.61946, -0.68370, 0.30684
0.92194, 1.03871, -0.94270, -2.61970, -0.69360, 0.46327
0.92442, 1.04270, -0.95416, -2.62004, -0.71038, 0.63071
0.92731, 1.04741, -0.96776, -2.62034, -0.72489, 0.80600
0.93050, 1.05274, -0.98304, -2.62061, -0.73215, 0.90794
0.93385, 1.05853, -0.99952, -2.62068, -0.72991, 0.94084
0.93725, 1.06467, -1.01683, -2.62046, -0.71520, 0.93877
0.94074, 1.07124, -1.03518, -2.62026, -0.68817, 0.92088
0.94412, 1.07798, -1.05373, -2.62014, -0.64997, 0.89795
0.94561, 1.08164, -1.06292, -2.61874, -0.60152, 0.87167
0.94477, 1.08062, -1.05976, -2.61296, -0.54211, 0.83827
0.94294, 1.07673, -1.04938, -2.60838, -0.48014, 0.79529
0.94179, 1.07312, -1.03881, -2.60738, -0.42755, 0.74125
0.94084, 1.06815, -1.02477, -2.60532, -0.38750, 0.67626
0.94133, 1.06382, -1.01245, -2.60724, -0.36003, 0.59989
0.94448, 1.06194, -1.00673, -2.61698, -0.34503, 0.51195
0.94924, 1.06093, -1.00326, -2.62658, -0.34248, 0.41238
0.95447, 1.05907, -0.99746, -2.63030, -0.34862, 0.30154
0.96015, 1.05643, -0.99005, -2.63087, -0.35983, 0.17960
0.96617, 1.05360, -0.98327, -2.62993, -0.37873, 0.04671
0.97281, 1.05210, -0.98009, -2.62845, -0.40843, -0.09689
0.98019, 1.05372, -0.98299, -2.62655, -0.44811, -0.24571
0.98791, 1.05538, -0.98743, -2.62459, -0.49489, -0.39165
0.99572, 1.05662, -0.99240, -2.62309, -0.54218, -0.53532
1.00355, 1.05939, -1.00021, -2.62198, -0.58462, -0.68060
1.01148, 1.06351, -1.01085, -2.62087, -0.62748, -0.82454
1.01918, 1.06685, -1.02109, -2.61986, -0.67557, -0.90107
1.02654, 1.07069, -1.03232, -2.61939, -0.71940, -0.92287
1.03314, 1.07484, -1.04328, -2.61670, -0.75325, -0.91762
1.03736, 1.07536, -1.04635, -2.61044, -0.77763, -0.90013
1.03917, 1.07503, -1.04587, -2.60788, -0.78929, -0.87342
1.04093, 1.07636, -1.04875, -2.61134, -0.78934, -0.83629
1.04265, 1.07848, -1.05377, -2.61753, -0.78955, -0.78826
1.04357, 1.07943, -1.05661, -2.62231, -0.79896, -0.73094
1.04372, 1.07924, -1.05651, -2.62393, -0.80745, -0.66428
1.04362, 1.07885, -1.05560, -2.62392, -0.81388, -0.58703
1.04332, 1.07827, -1.05400, -2.62271, -0.82425, -0.49956
1.04271, 1.07718, -1.05094, -2.61965, -0.83788, -0.40201
1.04185, 1.07570, -1.04674, -2.61538, -0.85058, -0.29440
1.04110, 1.07437, -1.04302, -2.61175, -0.86028, -0.17736
1.04058, 1.07342, -1.04037, -2.60931, -0.86619, -0.05177
1.04012, 1.07261, -1.03813, -2.60719, -0.87024, 0.08231
1.03981, 1.07206, -1.03659, -2.60572, -0.87819, 0.22650
1.04026, 1.07283, -1.03869, -2.60800, -0.88571, 0.38250
1.04137, 1.07478, -1.04402, -2.61340, -0.89436, 0.54796
1.04289, 1.07753, -1.05146, -2.62090, -0.90099, 0.72232
1.04384, 1.07927, -1.05619, -2.62551, -0.90323, 0.87280
1.04415, 1.07985, -1.05780, -2.62689, -0.90776, 0.93429
1.04409, 1.07974, -1.05752, -2.62652, -0.90854, 0.94616
1.04389, 1.07933, -1.05645, -2.62557, -0.89731, 0.93443
1.04369, 1.07889, -1.05530, -2.62463, -0.87398, 0.91338
1.04349, 1.07847, -1.05422, -2.62379, -0.83973, 0.89034
1.04330, 1.07807, -1.05315, -2.62292, -0.79517, 0.86878
1.04311, 1.07769, -1.05214, -2.62205, -0.74283, 0.84950
1.04296, 1.07741, -1.05139, -2.62127, -0.69175, 0.83101
1.04284, 1.07719, -1.05079, -2.62064, -0.63913, 0.80675
1.04262, 1.07681, -1.04973, -2.61947, -0.58565, 0.77133
1.04218, 1.07599, -1.04746, -2.61781, -0.53241, 0.73194
1.04130, 1.07403, -1.04181, -2.61644, -0.48061, 0.69360
1.04047, 1.07133, -1.03444, -2.61746, -0.43464, 0.65438
1.03990, 1.06866, -1.02668, -2.62034, -0.39454, 0.61124
1.03940, 1.06490, -1.01646, -2.62148, -0.36499, 0.56228
1.03951, 1.06156, -1.00659, -2.62177, -0.34529, 0.50595
1.04053, 1.05829, -0.99706, -2.62184, -0.33388, 0.43945
1.04268, 1.05531, -0.98861, -2.62177, -0.33090, 0.36343
1.04585, 1.05242, -0.98086, -2.62164, -0.33405, 0.27746
1.04979, 1.05015, -0.97418, -2.62150, -0.33857, 0.18121
1.05435, 1.04833, -0.96918, -2.62138, -0.34884, 0.07526
1.05965, 1.04807, -0.96825, -2.62130, -0.37027, -0.03872
1.06562, 1.04879, -0.97057, -2.62110, -0.40314, -0.15791
1.07201, 1.05065, -0.97592, -2.62077, -0.44252, -0.27791
1.07840, 1.05303, -0.98275, -2.61892, -0.48597, -0.39230
1.08494, 1.05613, -0.99162, -2.61627, -0.53518, -0.49661
1.09215, 1.06079, -1.00479, -2.61675, -0.58940, -0.58854
1.09992, 1.06701, -1.02213, -2.61988, -0.64980, -0.66738
1.10714, 1.07311, -1.03920, -2.62079, -0.70850, -0.73361
1.11346, 1.07877, -1.05496, -2.62009, -0.75939, -0.78715
1.11648, 1.08109, -1.06173, -2.61925, -0.80047, -0.81775
1.11743, 1.08145, -1.06284, -2.61882, -0.83056, -0.82775
1.11753, 1.08095, -1.06151, -2.61863, -0.85005, -0.82679
1.11729, 1.08017, -1.05934, -2.61856, -0.85626, -0.81551
1.11701, 1.07942, -1.05728, -2.61873, -0.85154, -0.79266
1.11678, 1.07886, -1.05568, -2.61897, -0.84724, -0.75894
1.11656, 1.07840, -1.05435, -2.61903, -0.85027, -0.71485
1.11635, 1.07798, -1.05314, -2.61888, -0.85736, -0.66045
1.11616, 1.07759, -1.05203, -2.61867, -0.86305, -0.59594
1.11599, 1.07728, -1.05112, -2.61843, -0.86963, -0.52136
1.11550, 1.07641, -1.04867, -2.61636, -0.87840, -0.43647
1.11485, 1.07523, -1.04539, -2.61338, -0.88535, -0.34164
1.11428, 1.07422, -1.04256, -2.61084, -0.89180, -0.23716
1.11363, 1.07307, -1.03938, -2.60782, -0.90033, -0.12293
1.11287, 1.07174, -1.03567, -2.60425, -0.90659, 0.00109
1.11209, 1.07039, -1.03191, -2.60059, -0.91098, 0.13551
1.11147, 1.06932, -1.02892, -2.59769, -0.91892, 0.28085
1.11175, 1.06975, -1.03010, -2.59939, -0.92527, 0.43623
1.11298, 1.07184, -1.03584, -2.60571, -0.92812, 0.60148
1.11468, 1.07484, -1.04401, -2.61384, -0.93387, 0.77758
1.11605, 1.07723, -1.05067, -2.62046, -0.94301, 0.90415
1.11665, 1.07829, -1.05366, -2.62330, -0.94877, 0.94853
1.11682, 1.07855, -1.05443, -2.62401, -0.94453, 0.95116
1.11678, 1.07845, -1.05419, -2.62382, -0.92731, 0.93474
1.11670, 1.07825, -1.05368, -2.62344, -0.89783, 0.91143
1.11660, 1.07802, -1.05307, -2.62298, -0.85648, 0.88740
1.11598, 1.07692, -1.05001, -2.61983, -0.80376, 0.86220
1.11521, 1.07552, -1.04610, -2.61589, -0.74062, 0.83530
1.11431, 1.07401, -1.04179, -2.61130, -0.67321, 0.80249
1.11300, 1.07177, -1.03557, -2.60488, -0.60939, 0.75826
1.11167, 1.06948, -1.02925, -2.59849, -0.55254, 0.70290
1.11031, 1.06603, -1.01938, -2.59167, -0.50249, 0.63662
1.10908, 1.06083, -1.00499, -2.58529, -0.45820, 0.55997
1.10942, 1.05669, -0.99264, -2.58347, -0.42327, 0.47233
1.11283, 1.05531, -0.98794, -2.59159, -0.40094, 0.37313
1.11947, 1.05705, -0.99228, -2.61157, -0.39099, 0.26326
1.12739, 1.05966, -0.99987, -2.63382, -0.39333, 0.15116
1.13379, 1.05971, -1.00158, -2.64272, -0.40813, 0.04073
1.13984, 1.06092, -1.00459, -2.64415, -0.43521, -0.07182
1.14565, 1.06213, -1.00777, -2.64033, -0.47321, -0.18317
1.15124, 1.06276, -1.01059, -2.63455, -0.51318, -0.28735
1.15690, 1.06549, -1.01705, -2.62874, -0.55005, -0.38463
1.16250, 1.06770, -1.02360, -2.62290, -0.58706, -0.47383
1.16820, 1.07042, -1.03190, -2.61640, -0.62911, -0.55287
1.17371, 1.07470, -1.04271, -2.60737, -0.67723, -0.62139
1.17495, 1.07295, -1.03941, -2.59661, -0.72041, -0.67710
1.17461, 1.07032, -1.03315, -2.59020, -0.75132, -0.72729
1.17523, 1.07033, -1.03328, -2.59329, -0.76918, -0.77331
1.17679, 1.07249, -1.03895, -2.60417, -0.77813, -0.80448
1.17884, 1.07587, -1.04784, -2.61829, -0.78095, -0.81637
1.18032, 1.07846, -1.05465, -2.62751, -0.78081, -0.81793
1.18122, 1.08017, -1.05917, -2.63066, -0.77682, -0.81047
1.18154, 1.08085, -1.06095, -2.63092, -0.76903, -0.79300
1.18148, 1.08084, -1.06082, -2.62993, -0.76575, -0.76616
1.18123, 1.08045, -1.05970, -2.62840, -0.76512, -0.72836
1.18093, 1.07993, -1.05823, -2.62676, -0.76783, -0.67994
1.18062, 1.07940, -1.05675, -2.62526, -0.77402, -0.62262
1.18034, 1.07890, -1.05537, -2.62391, -0.78389, -0.55639
1.17976, 1.07793, -1.05259, -2.62088, -0.80073, -0.48011
1.17909, 1.07677, -1.04932, -2.61759, -0.81349, -0.39385
1.17895, 1.07642, -1.04846, -2.61732, -0.81446, -0.29793
1.17917, 1.07675, -1.04943, -2.61865, -0.81432, -0.19220
1.17925, 1.07690, -1.04984, -2.61909, -0.82112, -0.07870
1.17921, 1.07681, -1.04964, -2.61889, -0.82726, 0.04270
1.17919, 1.07678, -1.04956, -2.61881, -0.83346, 0.17514
1.17921, 1.07683, -1.04970, -2.61890, -0.84454, 0.31939
1.17924, 1.07689, -1.04987, -2.61907, -0.85515, 0.47453
1.17927, 1.07694, -1.05002, -2.61923, -0.86401, 0.64042
1.17930, 1.07700, -1.05020, -2.61939, -0.87412, 0.81418
1.17933, 1.07705, -1.05034, -2.61951, -0.88636, 0.91449
1.17934, 1.07704, -1.05033, -2.61958, -0.89301, 0.94596
1.17932, 1.07696, -1.05013, -2.61957, -0.88676, 0.94308
1.17931, 1.07689, -1.04997, -2.61964, -0.86804, 0.92506
1.17934, 1.07690, -1.05002, -2.61989, -0.83813, 0.90219
1.17939, 1.07697, -1.05021, -2.62017, -0.80298, 0.87956
1.17944, 1.07705, -1.05043, -2.62038, -0.76607, 0.85877
1.17946, 1.07708, -1.05052, -2.62044, -0.72601, 0.84105
1.17936, 1.07692, -1.05005, -2.61991, -0.68182, 0.82433
1.17867, 1.07582, -1.04683, -2.61608, -0.63831, 0.80033
1.17807, 1.07478, -1.04394, -2.61398, -0.59257, 0.77575
1.17816, 1.07485, -1.04425, -2.61551, -0.54656, 0.75073
1.17769, 1.07378, -1.04134, -2.61484, -0.50159, 0.71723
1.17675, 1.07153, -1.03491, -2.61486, -0.45548, 0.68155
1.17609, 1.06932, -1.02892, -2.61901, -0.41461, 0.65006
1.17507, 1.06662, -1.02152, -2.62233, -0.38043, 0.62393
1.17368, 1.06353, -1.01288, -2.62365, -0.35378, 0.60348
1.17181, 1.05993, -1.00277, -2.62397, -0.32798, 0.59298
1.16965, 1.05621, -0.99211, -2.62378, -0.30488, 0.59363
1.16763, 1.05296, -0.98266, -2.62339, -0.29023, 0.60527
1.16542, 1.04970, -0.97331, -2.62298, -0.28007, 0.62701
1.16295, 1.04642, -0.96383, -2.62266, -0.27170, 0.65831
1.16057, 1.04355, -0.95539, -2.62243, -0.26948, 0.69766
1.15894, 1.04149, -0.94959, -2.62225, -0.27373, 0.74613
1.15826, 1.04060, -0.94710, -2.62205, -0.28062, 0.80314
1.15817, 1.04051, -0.94691, -2.62180, -0.28538, 0.83456
1.15839, 1.04086, -0.94797, -2.62153, -0.28023, 0.84364
1.15884, 1.04158, -0.95010, -2.62135, -0.26352, 0.84149
1.15953, 1.04265, -0.95327, -2.62126, -0.23530, 0.83127
1.16021, 1.04376, -0.95652, -2.62114, -0.19524, 0.81220
1.15991, 1.04333, -0.95521, -2.62090, -0.15279, 0.78442
1.15898, 1.04178, -0.95066, -2.62068, -0.11761, 0.75391
1.15729, 1.03898, -0.94245, -2.62062, -0.08257, 0.72142
1.15518, 1.03540, -0.93131, -2.61977, -0.04992, 0.68096
1.15372, 1.03201, -0.92015, -2.61857, -0.02953, 0.63328
1.15310, 1.02859, -0.90894, -2.61824, -0.01723, 0.57680
1.15306, 1.02479, -0.89669, -2.61751, -0.00983, 0.51104
1.15289, 1.01982, -0.88084, -2.61204, -0.00707, 0.43618
1.15177, 1.01283, -0.85873, -2.59967, -0.00347, 0.35057
1.15068, 1.00511, -0.83391, -2.58394, -0.00067, 0.25458
1.15082, 0.99798, -0.81042, -2.56879, 0.00099, 0.14832
1.15271, 0.99185, -0.79019, -2.55803, 0.00247, 0.03155
1.15552, 0.98596, -0.77109, -2.54704, -0.00141, -0.09616
1.15868, 0.98003, -0.75290, -2.53405, -0.01411, -0.23352
1.16281, 0.97537, -0.73878, -2.52255, -0.03659, -0.37677
1.16780, 0.97410, -0.73139, -2.51340, -0.06864, -0.52613
1.17491, 0.97408, -0.73020, -2.51087, -0.10901, -0.67738
1.18438, 0.97539, -0.73579, -2.51736, -0.15423, -0.82585
1.19488, 0.97707, -0.74493, -2.53150, -0.19901, -0.90563
1.20564, 0.98197, -0.76025, -2.55407, -0.23907, -0.92869
1.21756, 0.98819, -0.78056, -2.58552, -0.27615, -0.92347
1.23051, 0.99502, -0.80462, -2.62389, -0.31169, -0.90610
1.23987, 0.99931, -0.81977, -2.64745, -0.34561, -0.88525
1.24513, 1.00151, -0.82570, -2.65503, -0.37476, -0.85966
1.24796, 1.00067, -0.82420, -2.65470, -0.39291, -0.82352
1.24905, 0.99938, -0.82002, -2.65095, -0.40193, -0.77566
1.24965, 0.99853, -0.81648, -2.64610, -0.41248, -0.71791
1.25007, 0.99708, -0.81270, -2.64118, -0.42203, -0.65031
1.25014, 0.99606, -0.80983, -2.63676, -0.42962, -0.57324
1.25055, 0.99604, -0.80970, -2.63311, -0.44433, -0.48836
1.25137, 0.99679, -0.81206, -2.63013, -0.46469, -0.39416
1.25258, 0.99814, -0.81638, -2.62777, -0.48492, -0.28912
1.25410, 0.99992, -0.82217, -2.62593, -0.49950, -0.17288
1.25622, 1.00247, -0.83041, -2.62457, -0.51535, -0.04555
1.25896, 1.00585, -0.84126, -2.62362, -0.53360, 0.09239
1.26217, 1.00989, -0.85417, -2.62296, -0.54951, 0.23928
1.26596, 1.01481, -0.86971, -2.62253, -0.56721, 0.39528
1.27040, 1.02076, -0.88824, -2.62223, -0.58993, 0.56170
1.27534, 1.02768, -0.90946, -2.62185, -0.61540, 0.73881
1.28081, 1.03569, -0.93362, -2.62153, -0.64441, 0.89161
1.28586, 1.04364, -0.95702, -2.61556, -0.67081, 0.95226
1.28969, 1.05047, -0.97639, -2.59947, -0.68452, 0.96171
1.29375, 1.05799, -0.99751, -2.58474, -0.68559, 0.94687
1.29863, 1.06707, -1.02275, -2.58071, -0.67405, 0.92266
1.30262, 1.07500, -1.04331, -2.58695, -0.64981, 0.89564
1.30653, 1.08249, -1.06267, -2.60200, -0.61421, 0.87002
1.30993, 1.08817, -1.07849, -2.62173, -0.56750, 0.84417
1.31087, 1.08815, -1.08078, -2.63335, -0.51741, 0.81042
1.31055, 1.08593, -1.07603, -2.63691, -0.47610, 0.77354
1.30945, 1.08282, -1.06774, -2.63658, -0.44099, 0.74454
1.30763, 1.07876, -1.05657, -2.63469, -0.40845, 0.72781
1.30553, 1.07459, -1.04492, -2.63232, -0.38265, 0.72269
1.30335, 1.07065, -1.03363, -2.63004, -0.36251, 0.72868
1.30104, 1.06701, -1.02283, -2.62810, -0.34540, 0.74603
1.29858, 1.06354, -1.01242, -2.62653, -0.33309, 0.77364
1.29596, 1.05974, -1.00236, -2.62532, -0.32920, 0.80145
1.29437, 1.05731, -0.99574, -2.62437, -0.32584, 0.81310
1.29302, 1.05517, -0.98970, -2.62360, -0.31236, 0.81557
1.29161, 1.05293, -0.98325, -2.62302, -0.28973, 0.81354
1.29025, 1.05079, -0.97703, -2.62255, -0.26518, 0.80967
1.28902, 1.04887, -0.97141, -2.62220, -0.24188, 0.80542
1.28792, 1.04715, -0.96639, -2.62195, -0.22084, 0.80151
1.28665, 1.04533, -0.96094, -2.62175, -0.19673, 0.79815
1.28518, 1.04336, -0.95488, -2.62161, -0.17013, 0.79537
1.28362, 1.04126, -0.94872, -2.62144, -0.14632, 0.79317
1.28207, 1.03918, -0.94275, -2.62128, -0.12467, 0.79139
1.28050, 1.03717, -0.93670, -2.62120, -0.10108, 0.79000
1.27873, 1.03495, -0.93022, -2.62118, -0.07775, 0.78903
1.27712, 1.03301, -0.92434, -2.62119, -0.05591, 0.78831
1.27504, 1.03055, -0.91704, -2.62122, -0.02907, 0.78554
1.27313, 1.02825, -0.91008, -2.62117, -0.00475, 0.77875
1.27150, 1.02613, -0.90401, -2.62112, 0.01230, 0.77502
1.27066, 1.02501, -0.90078, -2.62117, 0.01915, 0.77645
1.27030, 1.02447, -0.89913, -2.62121, 0.02054, 0.77337
1.27019, 1.02419, -0.89812, -2.62118, 0.01935, 0.76558
1.27017, 1.02403, -0.89750, -2.62104, 0.01707, 0.75950
1.27021, 1.02401, -0.89745, -2.62091, 0.01456, 0.75875
1.27033, 1.02418, -0.89797, -2.62069, 0.01226, 0.76422
1.27054, 1.02451, -0.89902, -2.62044, 0.01030, 0.77230
1.27086, 1.02503, -0.90065, -2.62037, 0.00872, 0.78206
1.27127, 1.02570, -0.90269, -2.62041, 0.00748, 0.79242
1.27168, 1.02634, -0.90466, -2.62035, 0.00650, 0.79673
1.27207, 1.02692, -0.90643, -2.62025, 0.00574, 0.79748
1.27243, 1.02743, -0.90800, -2.62026, 0.00520, 0.79653
1.27272, 1.02780, -0.90910, -2.62025, 0.00481, 0.79140
1.27297, 1.02802, -0.90955, -2.62017, 0.00453, 0.78036
1.27307, 1.02799, -0.90931, -2.62014, 0.00432, 0.77048
1.27298, 1.02766, -0.90846, -2.62018, 0.00415, 0.76348
1.27288, 1.02732, -0.90737, -2.62028, 0.00402, 0.75289
1.27268, 1.02682, -0.90585, -2.62037, 0.00395, 0.74439
1.27239, 1.02626, -0.90432, -2.62040, 0.00391, 0.74233
1.27216, 1.02588, -0.90325, -2.62044, 0.00389, 0.74409
1.27201, 1.02565, -0.90263, -2.62054, 0.00387, 0.74724
1.27194, 1.02555, -0.90236, -2.62059, 0.00385, 0.75129
1.27193, 1.02561, -0.90252, -2.62061, 0.00384, 0.75751
1.27199, 1.02579, -0.90307, -2.62059, 0.00383, 0.76706
1.27209, 1.02608, -0.90392, -2.62043, 0.00383, 0.77831
1.27225, 1.02646, -0.90502, -2.62013, 0.00383, 0.78726
1.27246, 1.02684, -0.90619, -2.61984, 0.00384, 0.79182
1.27269, 1.02721, -0.90730, -2.61971, 0.00384, 0.79270
1.27293, 1.02756, -0.90838, -2.61977, 0.00385, 0.79239
1.27315, 1.02787, -0.90934, -2.61991, 0.00386, 0.79168
1.27333, 1.02811, -0.91009, -2.62007, 0.00386, 0.78994
1.27345, 1.02826, -0.91054, -2.62022, 0.00387, 0.78712
1.27352, 1.02830, -0.91063, -2.62036, 0.00381, 0.78152
1.27355, 1.02820, -0.91026, -2.62052, 0.00370, 0.77210
1.27355, 1.02802, -0.90947, -2.62068, 0.00364, 0.76017
1.27355, 1.02751, -0.90781, -2.62075, 0.00364, 0.74329
1.27356, 1.02664, -0.90519, -2.62081, 0.00366, 0.72254
1.27358, 1.02557, -0.90194, -2.62085, 0.00367, 0.70074
1.27361, 1.02430, -0.89811, -2.62085, 0.00370, 0.67710
1.27372, 1.02285, -0.89367, -2.62082, 0.00370, 0.64993
1.27391, 1.02120, -0.88859, -2.62065, 0.00368, 0.61900
1.27426, 1.01936, -0.88293, -2.62044, 0.00369, 0.58335
1.27494, 1.01744, -0.87688, -2.62038, 0.00368, 0.53964
1.27605, 1.01524, -0.87019, -2.62043, 0.00353, 0.48765
1.27777, 1.01321, -0.86359, -2.62053, 0.00322, 0.42628
1.28020, 1.01089, -0.85647, -2.62044, 0.00260, 0.35359
1.28387, 1.00940, -0.85095, -2.62019, -0.00147, 0.26967
1.28900, 1.00870, -0.84731, -2.61998, -0.00988, 0.17448
1.29547, 1.00839, -0.84527, -2.61978, -0.02507, 0.06831
1.30290, 1.00848, -0.84571, -2.61952, -0.05132, -0.04884
1.31100, 1.00874, -0.84821, -2.61897, -0.08691, -0.17491
1.31954, 1.00972, -0.85318, -2.61844, -0.12791, -0.30765
1.32854, 1.01389, -0.86382, -2.61840, -0.17459, -0.44228
1.33788, 1.01807, -0.87597, -2.61860, -0.22704, -0.57083
1.34708, 1.02161, -0.88799, -2.61880, -0.27881, -0.69142
1.35611, 1.02480, -0.90017, -2.61894, -0.33003, -0.80364
1.36491, 1.03086, -0.91664, -2.61900, -0.38399, -0.86553
1.37318, 1.03636, -0.93250, -2.61905, -0.43630, -0.88423
1.38092, 1.04072, -0.94695, -2.61903, -0.48441, -0.88171
1.38828, 1.04628, -0.96315, -2.61889, -0.52647, -0.87030
1.39459, 1.05126, -0.97753, -2.61618, -0.55785, -0.85213
1.39954, 1.05497, -0.98843, -2.60794, -0.58014, -0.82764
1.40288, 1.05762, -0.99554, -2.59058, -0.59889, -0.79817
1.40624, 1.06044, -1.00383, -2.57303, -0.61967, -0.76656
1.40696, 1.06080, -1.00386, -2.55576, -0.63776, -0.73358
1.40470, 1.05689, -0.99248, -2.53928, -0.64488, -0.69335
1.40337, 1.05372, -0.98507, -2.53552, -0.64405, -0.64314
1.40424, 1.05423, -0.98758, -2.54376, -0.64685, -0.58189
1.40654, 1.05755, -0.99703, -2.55732, -0.66096, -0.51170
1.40802, 1.05985, -1.00330, -2.56587, -0.67742, -0.43221
1.40906, 1.06155, -1.00782, -2.57225, -0.68954, -0.34137
1.41058, 1.06408, -1.01464, -2.58027, -0.70369, -0.24007
1.41169, 1.06599, -1.01976, -2.58600, -0.72265, -0.12820
1.41227, 1.06698, -1.02242, -2.58922, -0.73781, -0.00534
1.41326, 1.06865, -1.02699, -2.59435, -0.74868, 0.12850
1.41510, 1.07183, -1.03567, -2.60337, -0.76250, 0.27314
1.41747, 1.07582, -1.04688, -2.61549, -0.77254, 0.42819
1.41945, 1.07934, -1.05655, -2.62547, -0.77513, 0.59363
1.42024, 1.08080, -1.06053, -2.62933, -0.77680, 0.76979
1.42042, 1.08117, -1.06153, -2.63011, -0.78287, 0.89687
1.42031, 1.08098, -1.06101, -2.62951, -0.78948, 0.94225
1.42004, 1.08046, -1.05962, -2.62827, -0.78691, 0.94588
1.41972, 1.07982, -1.05789, -2.62682, -0.77250, 0.93033
1.41943, 1.07923, -1.05632, -2.62556, -0.74614, 0.90793
1.41920, 1.07876, -1.05505, -2.62453, -0.71341, 0.88493
1.41900, 1.07834, -1.05395, -2.62360, -0.67393, 0.86413
1.41879, 1.07794, -1.05285, -2.62268, -0.62360, 0.84149
1.41828, 1.07704, -1.05035, -2.62006, -0.56976, 0.81305
1.41753, 1.07576, -1.04670, -2.61728, -0.51317, 0.78764
1.41662, 1.07398, -1.04163, -2.61822, -0.45669, 0.76272
1.41574, 1.07143, -1.03459, -2.62004, -0.40919, 0.72720
1.41499, 1.06801, -1.02510, -2.62064, -0.37269, 0.68025
1.41472, 1.06427, -1.01451, -2.62069, -0.34687, 0.62371
1.41528, 1.06038, -1.00367, -2.62069, -0.33190, 0.55784
1.41699, 1.05735, -0.99429, -2.62080, -0.32421, 0.48060
1.41988, 1.05459, -0.98566, -2.62074, -0.32237, 0.39169
1.42388, 1.05197, -0.97767, -2.62060, -0.32569, 0.29136
1.42880, 1.04926, -0.97001, -2.62047, -0.33359, 0.17978
1.43429, 1.04659, -0.96364, -2.62029, -0.34835, 0.05738
1.44045, 1.04593, -0.96183, -2.62014, -0.37164, -0.07537
1.44738, 1.04738, -0.96485, -2.61994, -0.40598, -0.21333
1.45481, 1.04906, -0.96991, -2.61970, -0.44949, -0.35366
1.46229, 1.05044, -0.97556, -2.61952, -0.49362, -0.49217
1.46992, 1.05415, -0.98530, -2.61936, -0.53736, -0.62283
1.47767, 1.05778, -0.99610, -2.61919, -0.58606, -0.74511
1.48547, 1.06259, -1.00948, -2.61910, -0.63818, -0.84034
1.49286, 1.06736, -1.02308, -2.61905, -0.68919, -0.87841
1.49930, 1.07171, -1.03514, -2.61569, -0.73259, -0.88515
1.50347, 1.07354, -1.04033, -2.60483, -0.76471, -0.87669
1.50408, 1.07133, -1.03547, -2.59517, -0.78450, -0.85844
1.50481, 1.07106, -1.03490, -2.59447, -0.79278, -0.83004
1.50620, 1.07266, -1.03901, -2.60032, -0.79198, -0.79034
1.50776, 1.07504, -1.04523, -2.60842, -0.79212, -0.74149
1.50879, 1.07671, -1.04960, -2.61408, -0.79702, -0.68402
1.50887, 1.07689, -1.04986, -2.61499, -0.80694, -0.61886
1.50861, 1.07648, -1.04854, -2.61419, -0.81711, -0.54663
1.50865, 1.07652, -1.04865, -2.61514, -0.82657, -0.46647
1.50870, 1.07654, -1.04877, -2.61599, -0.83493, -0.37839
1.50866, 1.07642, -1.04849, -2.61625, -0.84188, -0.28064
1.50843, 1.07602, -1.04740, -2.61540, -0.85503, -0.17330
1.50796, 1.07517, -1.04507, -2.61326, -0.86604, -0.05769
1.50751, 1.07436, -1.04285, -2.61131, -0.87175, 0.06567
1.50733, 1.07401, -1.04191, -2.61064, -0.87709, 0.19731
1.50778, 1.07476, -1.04398, -2.61295, -0.88458, 0.33833
1.50893, 1.07680, -1.04955, -2.61877, -0.89046, 0.48892
1.50994, 1.07864, -1.05455, -2.62380, -0.89405, 0.64966
1.51034, 1.07940, -1.05663, -2.62568, -0.90213, 0.81839
1.51040, 1.07953, -1.05698, -2.62589, -0.91045, 0.91555
1.51023, 1.07920, -1.05611, -2.62504, -0.91166, 0.94549
1.50997, 1.07868, -1.05473, -2.62384, -0.90214, 0.94197
1.50976, 1.07823, -1.05354, -2.62290, -0.88057, 0.92377
1.50962, 1.07791, -1.05271, -2.62232, -0.84859, 0.90092
1.50951, 1.07767, -1.05209, -2.62188, -0.80854, 0.87849
1.50940, 1.07744, -1.05147, -2.62137, -0.76187, 0.85859
1.50921, 1.07708, -1.05049, -2.62043, -0.70874, 0.83690
1.50875, 1.07626, -1.04822, -2.61808, -0.65116, 0.80669
1.50835, 1.07556, -1.04628, -2.61601, -0.59538, 0.76557
1.50797, 1.07492, -1.04437, -2.61391, -0.54606, 0.71442
1.50759, 1.07318, -1.03914, -2.61206, -0.50037, 0.65445
1.50786, 1.07040, -1.03166, -2.61292, -0.46064, 0.58450
1.51029, 1.06960, -1.02892, -2.62026, -0.43319, 0.50355
1.51403, 1.06925, -1.02701, -2.62666, -0.41805, 0.41167
1.51858, 1.06841, -1.02384, -2.62890, -0.41484, 0.31001
1.52397, 1.06722, -1.02008, -2.62902, -0.42119, 0.19826
1.52999, 1.06585, -1.01680, -2.62822, -0.43621, 0.07556
1.53650, 1.06478, -1.01558, -2.62701, -0.46157, -0.05696
1.54374, 1.06650, -1.02008, -2.62561, -0.49685, -0.19739
1.55121, 1.06985, -1.02790, -2.62301, -0.53742, -0.33522
1.55817, 1.07189, -1.03388, -2.61744, -0.57781, -0.46494
1.56470, 1.07282, -1.03840, -2.60859, -0.62092, -0.59141
1.56872, 1.07250, -1.03886, -2.60107, -0.66216, -0.71036
1.57077, 1.07263, -1.03854, -2.59880, -0.69358, -0.81476
1.57264, 1.07376, -1.04057, -2.60262, -0.71623, -0.86792
1.57532, 1.07555, -1.04627, -2.61659, -0.72879, -0.88246
1.57764, 1.07762, -1.05243, -2.63020, -0.73266, -0.87807
1.57869, 1.07855, -1.05503, -2.63509, -0.73219, -0.86234
1.57932, 1.07934, -1.05713, -2.63562, -0.73172, -0.83533
1.58001, 1.08060, -1.06048, -2.63420, -0.73340, -0.79761
1.58065, 1.08201, -1.06416, -2.63207, -0.73822, -0.74985
1.58066, 1.08232, -1.06471, -2.62970, -0.75013, -0.69207
1.58033, 1.08187, -1.06330, -2.62744, -0.76124, -0.62365
1.57988, 1.08106, -1.06106, -2.62551, -0.77120, -0.54438
1.57944, 1.08022, -1.05880, -2.62393, -0.78437, -0.45567
1.57904, 1.07944, -1.05672, -2.62268, -0.79416, -0.35833
1.57871, 1.07875, -1.05490, -2.62165, -0.80021, -0.25177
1.57844, 1.07822, -1.05347, -2.62081, -0.80916, -0.13618
1.57811, 1.07760, -1.05177, -2.61951, -0.82150, -0.01170
1.57781, 1.07703, -1.05023, -2.61833, -0.83345, 0.12234
1.57771, 1.07683, -1.04970, -2.61813, -0.84455, 0.26707
1.57775, 1.07689, -1.04988, -2.61855, -0.85739, 0.42313
1.57781, 1.07698, -1.05013, -2.61894, -0.87223, 0.58841
1.57783, 1.07702, -1.05024, -2.61921, -0.88227, 0.76221
1.57786, 1.07705, -1.05035, -2.61940, -0.89167, 0.90340
1.57788, 1.07708, -1.05042, -2.61953, -0.90233, 0.95590
1.57788, 1.07705, -1.05035, -2.61962, -0.90463, 0.96135
1.57786, 1.07695, -1.05011, -2.61959, -0.89469, 0.94509
1.57785, 1.07689, -1.04997, -2.61967, -0.87288, 0.92080
1.57788, 1.07690, -1.05002, -2.61994, -0.83902, 0.89133
1.57792, 1.07695, -1.05017, -2.62018, -0.79941, 0.85752
1.57794, 1.07698, -1.05025, -2.62026, -0.75678, 0.82398
1.57792, 1.07693, -1.05011, -2.62011, -0.70798, 0.79635
1.57785, 1.07682, -1.04979, -2.61975, -0.65580, 0.76812
1.57754, 1.07628, -1.04829, -2.61808, -0.60286, 0.72829
1.57702, 1.07535, -1.04563, -2.61527, -0.55360, 0.67881
1.57664, 1.07373, -1.04062, -2.61289, -0.51025, 0.62088
1.57673, 1.07080, -1.03263, -2.61178, -0.47363, 0.55268
1.57849, 1.06875, -1.02702, -2.61533, -0.44743, 0.47322
1.58234, 1.06878, -1.02615, -2.62288, -0.43218, 0.38260
1.58695, 1.06823, -1.02385, -2.62637, -0.42820, 0.28111
1.59214, 1.06688, -1.01999, -2.62745, -0.43036, 0.16851
1.59773, 1.06514, -1.01614, -2.62732, -0.43892, 0.04519
1.60398, 1.06493, -1.01626, -2.62661, -0.45974, -0.08813
1.61038, 1.06613, -1.01909, -2.62203, -0.49154, -0.23075
1.61649, 1.06658, -1.02116, -2.61406, -0.52715, -0.37913
1.62269, 1.06839, -1.02593, -2.60594, -0.56008, -0.52732
1.62887, 1.07059, -1.03226, -2.59860, -0.59656, -0.66944
1.63220, 1.07127, -1.03412, -2.59463, -0.63534, -0.80055
1.63377, 1.07114, -1.03377, -2.59471, -0.67149, -0.88034
1.63560, 1.07232, -1.03708, -2.60251, -0.70225, -0.90549
1.63852, 1.07576, -1.04656, -2.62057, -0.72312, -0.90344
1.64054, 1.07834, -1.05366, -2.63380, -0.73450, -0.88870
1.64135, 1.07933, -1.05641, -2.63809, -0.73735, -0.86316
1.64186, 1.08013, -1.05865, -2.63803, -0.73923, -0.82566
1.64263, 1.08166, -1.06285, -2.63605, -0.74798, -0.77692
1.64331, 1.08317, -1.06695, -2.63332, -0.75484, -0.71718
1.64324, 1.08325, -1.06706, -2.63051, -0.75868, -0.64699
1.64279, 1.08253, -1.06510, -2.62795, -0.76808, -0.56828
1.64224, 1.08149, -1.06234, -2.62583, -0.77781, -0.48221
1.64173, 1.08050, -1.05970, -2.62414, -0.78611, -0.38839
1.64122, 1.07951, -1.05702, -2.62239, -0.79482, -0.28594
1.64075, 1.07861, -1.05457, -2.62076, -0.80495, -0.17481
1.64042, 1.07794, -1.05277, -2.61977, -0.80994, -0.05425
1.64021, 1.07749, -1.05157, -2.61922, -0.81109, 0.07659
1.64009, 1.07727, -1.05096, -2.61901, -0.81861, 0.21742
1.64007, 1.07722, -1.05081, -2.61909, -0.83268, 0.36771
1.64008, 1.07723, -1.05085, -2.61938, -0.84546, 0.52798
1.64010, 1.07726, -1.05093, -2.61968, -0.85459, 0.69922
1.64012, 1.07729, -1.05102, -2.61990, -0.86398, 0.86077
1.64013, 1.07729, -1.05101, -2.61999, -0.87307, 0.93334
1.63984, 1.07675, -1.04953, -2.61856, -0.87701, 0.95020
1.63953, 1.07615, -1.04787, -2.61709, -0.86959, 0.94021
1.63997, 1.07686, -1.04980, -2.62028, -0.84985, 0.91928
1.64032, 1.07743, -1.05136, -2.62250, -0.81922, 0.89575
1.64048, 1.07771, -1.05215, -2.62335, -0.78539, 0.87358
1.64054, 1.07781, -1.05243, -2.62343, -0.75074, 0.85441
1.64051, 1.07775, -1.05229, -2.62306, -0.71091, 0.83865
1.64031, 1.07740, -1.05133, -2.62186, -0.66609, 0.82480
1.63992, 1.07671, -1.04943, -2.61977, -0.61343, 0.80835
1.63962, 1.07617, -1.04795, -2.61817, -0.55581, 0.78373
1.63902, 1.07493, -1.04455, -2.61669, -0.50074, 0.75210
1.63781, 1.07233, -1.03738, -2.61606, -0.44859, 0.71901
1.63662, 1.06951, -1.02918, -2.61704, -0.40348, 0.68380
1.63544, 1.06603, -1.01966, -2.61915, -0.36556, 0.64853
1.63405, 1.06210, -1.00879, -2.62041, -0.33463, 0.61506
1.63275, 1.05842, -0.99805, -2.62102, -0.31000, 0.58268
1.63119, 1.05403, -0.98588, -2.62126, -0.28627, 0.55257
1.62961, 1.05010, -0.97430, -2.62127, -0.26455, 0.52489
1.62809, 1.04619, -0.96336, -2.62121, -0.24844, 0.50426
1.62628, 1.04254, -0.95287, -2.62121, -0.23155, 0.49468
1.62409, 1.03875, -0.94188, -2.62123, -0.21328, 0.49683
1.62201, 1.03541, -0.93208, -2.62127, -0.20181, 0.50981
1.62016, 1.03258, -0.92367, -2.62132, -0.19729, 0.53172
1.61865, 1.03037, -0.91704, -2.62139, -0.20119, 0.56388
1.61777, 1.02904, -0.91302, -2.62142, -0.20943, 0.60289
1.61744, 1.02851, -0.91141, -2.62143, -0.21853, 0.64825
1.61766, 1.02879, -0.91223, -2.62141, -0.22912, 0.70520
1.61831, 1.02971, -0.91497, -2.62139, -0.23680, 0.77419
1.61942, 1.03131, -0.91979, -2.62138, -0.24271, 0.83423
1.62049, 1.03296, -0.92466, -2.61855, -0.24347, 0.85694
1.62180, 1.03500, -0.93068, -2.61614, -0.23231, 0.85947
1.62418, 1.03852, -0.94106, -2.61986, -0.20922, 0.85214
1.62647, 1.04204, -0.95142, -2.62244, -0.17425, 0.83675
1.62723, 1.04373, -0.95599, -2.62330, -0.12910, 0.81742
1.62537, 1.04181, -0.95054, -2.62206, -0.07560, 0.79385
1.62241, 1.03805, -0.93935, -2.61961, -0.02462, 0.76026
1.61964, 1.03393, -0.92693, -2.61810, 0.01257, 0.72052
1.61839, 1.03088, -0.91714, -2.61844, 0.02918, 0.67599
1.61823, 1.02810, -0.90792, -2.61916, 0.03340, 0.62260
1.61826, 1.02447, -0.89594, -2.61695, 0.03189, 0.55850
1.61745, 1.01883, -0.87760, -2.60742, 0.02801, 0.48330
1.61553, 1.01111, -0.85239, -2.59007, 0.02348, 0.39897
1.61305, 1.00222, -0.82284, -2.56788, 0.01923, 0.30660
1.61173, 0.99399, -0.79474, -2.54779, 0.01556, 0.20571
1.61196, 0.98674, -0.76951, -2.53117, 0.01249, 0.09531
1.61252, 0.97935, -0.74375, -2.51300, 0.00987, -0.02238
1.61376, 0.97217, -0.71948, -2.49677, 0.00731, -0.14379
1.61715, 0.96637, -0.70154, -2.48828, -0.00091, -0.27168
1.62276, 0.96186, -0.68985, -2.48554, -0.02046, -0.40913
1.62961, 0.96154, -0.68685, -2.48781, -0.05189, -0.55685
1.63769, 0.96351, -0.68982, -2.49315, -0.09485, -0.71287
1.64663, 0.96557, -0.69535, -2.50126, -0.14207, -0.85679
1.65647, 0.96765, -0.70375, -2.51652, -0.18918, -0.92081
1.66783, 0.97028, -0.71682, -2.54166, -0.23420, -0.93499
1.68079, 0.97436, -0.73589, -2.57776, -0.27607, -0.92501
1.69377, 0.98234, -0.76172, -2.62161, -0.31730, -0.90525
1.70303, 0.98776, -0.77855, -2.65175, -0.35564, -0.88227
1.70736, 0.98813, -0.78073, -2.66166, -0.38649, -0.85376
1.70855, 0.98526, -0.77402, -2.66146, -0.40602, -0.81515
1.70713, 0.98166, -0.76301, -2.65696, -0.41361, -0.76504
1.70470, 0.97823, -0.75140, -2.65109, -0.41832, -0.70383
1.70212, 0.97525, -0.74080, -2.64525, -0.42206, -0.63267
1.69990, 0.97291, -0.73219, -2.64007, -0.42711, -0.55217
1.69841, 0.97143, -0.72654, -2.63577, -0.43893, -0.46486
1.69760, 0.97066, -0.72346, -2.63230, -0.45408, -0.36968
1.69752, 0.97063, -0.72305, -2.62959, -0.47370, -0.26388
1.69803, 0.97117, -0.72474, -2.62746, -0.49327, -0.14780
1.69887, 0.97203, -0.72766, -2.62580, -0.50536, -0.02086
1.70035, 0.97353, -0.73286, -2.62459, -0.51802, 0.11679
1.70251, 0.97571, -0.74053, -2.62374, -0.53331, 0.26515
1.70509, 0.97835, -0.74977, -2.62316, -0.54325, 0.42286
1.70831, 0.98169, -0.76139, -2.62276, -0.55429, 0.58496
1.71235, 0.98600, -0.77619, -2.62249, -0.57368, 0.75307
1.71689, 0.99097, -0.79305, -2.62230, -0.59171, 0.89103
1.72189, 0.99663, -0.81195, -2.62213, -0.60950, 0.94339
1.72726, 1.00298, -0.83277, -2.62184, -0.62681, 0.94994
1.73270, 1.00968, -0.85438, -2.62152, -0.63175, 0.93464
1.73823, 1.01684, -0.87696, -2.62132, -0.62449, 0.90714
1.74388, 1.02454, -0.90078, -2.62120, -0.60718, 0.87297
1.74965, 1.03282, -0.92588, -2.62115, -0.58018, 0.83736
1.75563, 1.04192, -0.95291, -2.62115, -0.54942, 0.80311
1.76178, 1.05189, -0.98191, -2.62110, -0.51532, 0.77631
1.76798, 1.06264, -1.01257, -2.62098, -0.47453, 0.76098
1.77273, 1.07223, -1.03886, -2.61860, -0.42965, 0.75692
1.77306, 1.07553, -1.04601, -2.60892, -0.37781, 0.75347
1.77030, 1.07310, -1.03831, -2.59921, -0.32423, 0.74442
1.76657, 1.06785, -1.02518, -2.59785, -0.27353, 0.73008
1.76388, 1.06350, -1.01378, -2.60346, -0.22935, 0.70635
1.76285, 1.06130, -1.00708, -2.61521, -0.19762, 0.67295
1.76261, 1.06000, -1.00197, -2.62689, -0.17813, 0.63734
1.76091, 1.05578, -0.98992, -2.63152, -0.16140, 0.60810
1.75742, 1.04862, -0.97125, -2.63239, -0.13867, 0.58811
1.75377, 1.04200, -0.95302, -2.63154, -0.11741, 0.57955
1.75041, 1.03640, -0.93687, -2.63004, -0.10213, 0.58204
1.74710, 1.03130, -0.92166, -2.62844, -0.08785, 0.59301
1.74399, 1.02675, -0.90780, -2.62700, -0.07731, 0.61071
1.74136, 1.02300, -0.89620, -2.62577, -0.07449, 0.63499
1.73923, 1.02004, -0.88689, -2.62473, -0.07855, 0.66754
1.73771, 1.01794, -0.88019, -2.62389, -0.08534, 0.71095
1.73668, 1.01653, -0.87563, -2.62310, -0.09119, 0.76466
1.73622, 1.01590, -0.87345, -2.62237, -0.09847, 0.81546
1.73615, 1.01579, -0.87296, -2.62178, -0.10171, 0.83651
1.73625, 1.01593, -0.87329, -2.62130, -0.09321, 0.84049
1.73655, 1.01634, -0.87446, -2.62103, -0.07222, 0.83428
1.73709, 1.01707, -0.87667, -2.62098, -0.04017, 0.81728
1.73791, 1.01818, -0.88006, -2.62093, 0.00071, 0.78898
1.73972, 1.02055, -0.88656, -2.62075, 0.02961, 0.75191
1.74249, 1.02341, -0.89343, -2.62063, 0.03968, 0.70779
1.74570, 1.02563, -0.89819, -2.62071, 0.04028, 0.65549
1.74910, 1.02682, -0.89992, -2.62084, 0.03655, 0.59391
1.75263, 1.02687, -0.89833, -2.62091, 0.03124, 0.52166
1.75641, 1.02591, -0.89358, -2.61918, 0.02171, 0.43860
1.76053, 1.02410, -0.88617, -2.61501, 0.00821, 0.34689
1.76564, 1.02220, -0.87878, -2.61251, -0.00336, 0.24625
1.77330, 1.02204, -0.87685, -2.61656, -0.01871, 0.13466
1.78301, 1.02314, -0.87887, -2.62252, -0.04587, 0.01205
1.79318, 1.02398, -0.88092, -2.62469, -0.08376, -0.12070
1.80330, 1.02422, -0.88285, -2.62501, -0.12459, -0.26264
1.81340, 1.02388, -0.88478, -2.62455, -0.16558, -0.41415
1.82367, 1.02318, -0.88733, -2.62381, -0.20806, -0.57569
1.83410, 1.02212, -0.89055, -2.62307, -0.25148, -0.74725
1.84432, 1.02468, -0.89895, -2.62239, -0.29357, -0.88730
1.85409, 1.02974, -0.91083, -2.62163, -0.33826, -0.94088
1.86339, 1.03370, -0.92149, -2.62102, -0.38159, -0.94810
1.87192, 1.03599, -0.92958, -2.62078, -0.41377, -0.93368
1.87999, 1.03703, -0.93615, -2.62074, -0.43878, -0.91105
1.88786, 1.04041, -0.94612, -2.62082, -0.45740, -0.88321
1.89510, 1.04500, -0.95734, -2.61965, -0.46778, -0.84612
1.90210, 1.04872, -0.96788, -2.61818, -0.47685, -0.79723
1.90950, 1.05255, -0.98026, -2.61824, -0.49140, -0.73782
1.91718, 1.05725, -0.99515, -2.61896, -0.50963, -0.67540
1.92522, 1.06520, -1.01579, -2.61941, -0.53344, -0.61315
1.93307, 1.07292, -1.03676, -2.61734, -0.56557, -0.55553
1.93947, 1.07848, -1.05318, -2.61148, -0.59921, -0.50527
1.94126, 1.07808, -1.05426, -2.60583, -0.62416, -0.45094
1.94190, 1.07763, -1.05381, -2.60509, -0.63775, -0.38579
1.94253, 1.07808, -1.05511, -2.60847, -0.64733, -0.31363
1.94272, 1.07813, -1.05501, -2.61098, -0.65923, -0.23408
1.94273, 1.07804, -1.05446, -2.61297, -0.67536, -0.14380
1.94311, 1.07867, -1.05587, -2.61678, -0.68945, -0.04292
1.94355, 1.07946, -1.05776, -2.62064, -0.70105, 0.06801
1.94363, 1.07959, -1.05793, -2.62234, -0.71038, 0.18895
1.94356, 1.07945, -1.05740, -2.62295, -0.71893, 0.32114
1.94341, 1.07919, -1.05656, -2.62299, -0.72928, 0.46164
1.94326, 1.07892, -1.05573, -2.62279, -0.74221, 0.61034
1.94313, 1.07869, -1.05502, -2.62254, -0.76049, 0.76988
1.94300, 1.07843, -1.05427, -2.62224, -0.77365, 0.88530
1.94288, 1.07818, -1.05357, -2.62197, -0.78021, 0.92667
1.94278, 1.07795, -1.05292, -2.62170, -0.77974, 0.93029
1.94268, 1.07772, -1.05230, -2.62145, -0.76728, 0.91652
1.94260, 1.07753, -1.05179, -2.62128, -0.74274, 0.89635
1.94255, 1.07739, -1.05142, -2.62118, -0.70673, 0.87148
1.94250, 1.07727, -1.05109, -2.62103, -0.66175, 0.83914
1.94230, 1.07691, -1.05007, -2.62008, -0.60879, 0.80352
1.94205, 1.07645, -1.04882, -2.61881, -0.55153, 0.76422
1.94180, 1.07562, -1.04597, -2.61736, -0.49934, 0.71626
1.94173, 1.07359, -1.03993, -2.61611, -0.45809, 0.66067
1.94273, 1.07147, -1.03413, -2.61852, -0.42842, 0.59638
1.94471, 1.06911, -1.02791, -2.62132, -0.41069, 0.52072
1.94777, 1.06708, -1.02207, -2.62262, -0.40476, 0.43406
1.95207, 1.06585, -1.01759, -2.62309, -0.40661, 0.33674
1.95731, 1.06443, -1.01310, -2.62297, -0.41479, 0.22871
1.96334, 1.06290, -1.00910, -2.62258, -0.43074, 0.10975
1.96985, 1.06151, -1.00680, -2.62213, -0.45471, -0.01980
1.97717, 1.06336, -1.01092, -2.62162, -0.48877, -0.15726
1.98481, 1.06602, -1.01750, -2.62106, -0.52726, -0.30111
1.99241, 1.06816, -1.02417, -2.61897, -0.56913, -0.45280
2.00001, 1.07016, -1.03149, -2.61616, -0.61220, -0.60964
2.00790, 1.07577, -1.04484, -2.61268, -0.65657, -0.76921
2.01198, 1.07620, -1.04660, -2.60531, -0.70467, -0.88153
2.01249, 1.07237, -1.03869, -2.60096, -0.74568, -0.92116
2.01421, 1.07281, -1.03984, -2.60783, -0.77570, -0.92413
2.01600, 1.07450, -1.04358, -2.61752, -0.79410, -0.91037
2.01672, 1.07490, -1.04415, -2.62272, -0.79939, -0.88709
2.01677, 1.07421, -1.04248, -2.62474, -0.79423, -0.85453
2.01687, 1.07403, -1.04207, -2.62507, -0.78915, -0.81280
2.01737, 1.07485, -1.04435, -2.62460, -0.79175, -0.76069
2.01828, 1.07658, -1.04913, -2.62385, -0.79787, -0.69854
2.01923, 1.07864, -1.05467, -2.62188, -0.80828, -0.62625
2.01940, 1.07926, -1.05615, -2.61956, -0.81796, -0.54374
2.01926, 1.07910, -1.05573, -2.61844, -0.82675, -0.45138
2.01898, 1.07860, -1.05442, -2.61761, -0.83688, -0.34914
2.01851, 1.07773, -1.05207, -2.61607, -0.84771, -0.23682
2.01797, 1.07671, -1.04927, -2.61420, -0.85820, -0.11537
2.01749, 1.07579, -1.04677, -2.61266, -0.86343, 0.01529
2.01704, 1.07494, -1.04446, -2.61110, -0.87017, 0.15670
2.01723, 1.07521, -1.04522, -2.61272, -0.87717, 0.30898
2.01803, 1.07661, -1.04902, -2.61731, -0.88396, 0.47146
2.01879, 1.07797, -1.05274, -2.62130, -0.89577, 0.64433
2.01910, 1.07855, -1.05432, -2.62296, -0.90917, 0.82471
2.01916, 1.07864, -1.05457, -2.62332, -0.91650, 0.92801
2.01902, 1.07835, -1.05380, -2.62268, -0.91806, 0.95934
2.01871, 1.07775, -1.05219, -2.62123, -0.91209, 0.95494
2.01846, 1.07724, -1.05084, -2.62015, -0.89379, 0.93492
2.01835, 1.07696, -1.05012, -2.61973, -0.86320, 0.91005
2.01830, 1.07683, -1.04981, -2.61966, -0.82162, 0.88569
2.01806, 1.07637, -1.04854, -2.61851, -0.76912, 0.86417
2.01794, 1.07613, -1.04789, -2.61793, -0.71025, 0.83853
2.01804, 1.07631, -1.04836, -2.61837, -0.65101, 0.80359
2.01780, 1.07592, -1.04723, -2.61699, -0.59606, 0.75981
2.01699, 1.07454, -1.04330, -2.61284, -0.54251, 0.70609
2.01599, 1.07174, -1.03512, -2.60796, -0.49210, 0.64395
2.01585, 1.06830, -1.02553, -2.60586, -0.45301, 0.57214
2.01787, 1.06632, -1.02002, -2.61113, -0.42544, 0.48910
2.02266, 1.06687, -1.02148, -2.62491, -0.41029, 0.39516
2.02783, 1.06641, -1.02030, -2.63195, -0.40777, 0.29308
2.03334, 1.06540, -1.01739, -2.63397, -0.41393, 0.18267
2.03917, 1.06470, -1.01512, -2.63349, -0.42649, 0.06226
2.04532, 1.06419, -1.01446, -2.63189, -0.44804, -0.06504
2.05214, 1.06614, -1.01898, -2.62985, -0.47961, -0.19808
2.05880, 1.06747, -1.02317, -2.62536, -0.51548, -0.33379
2.06522, 1.06934, -1.02832, -2.61828, -0.55116, -0.46699
2.07173, 1.07230, -1.03588, -2.61024, -0.59030, -0.59265
2.07645, 1.07273, -1.03858, -2.60164, -0.63452, -0.70987
2.07801, 1.07128, -1.03560, -2.59662, -0.67612, -0.81671
2.07926, 1.07142, -1.03559, -2.59757, -0.70838, -0.87125
2.08129, 1.07377, -1.04103, -2.60692, -0.73034, -0.88610
2.08373, 1.07667, -1.04900, -2.62241, -0.74102, -0.88138
2.08498, 1.07770, -1.05263, -2.63061, -0.74473, -0.86549
2.08574, 1.07860, -1.05535, -2.63303, -0.74612, -0.83892
2.08646, 1.07985, -1.05878, -2.63275, -0.74610, -0.80115
2.08706, 1.08116, -1.06218, -2.63126, -0.75039, -0.75305
2.08707, 1.08139, -1.06258, -2.62935, -0.75694, -0.69478
2.08680, 1.08100, -1.06137, -2.62739, -0.76408, -0.62711
2.08642, 1.08037, -1.05952, -2.62554, -0.77499, -0.55102
2.08603, 1.07966, -1.05754, -2.62396, -0.78511, -0.46646
2.08569, 1.07902, -1.05576, -2.62269, -0.79481, -0.37269
2.08539, 1.07846, -1.05421, -2.62159, -0.80787, -0.26870
2.08509, 1.07789, -1.05265, -2.62046, -0.81980, -0.15457
2.08484, 1.07741, -1.05134, -2.61957, -0.82734, -0.03066
2.08468, 1.07711, -1.05051, -2.61903, -0.83670, 0.10204
2.08461, 1.07695, -1.05009, -2.61883, -0.84638, 0.24397
2.08460, 1.07693, -1.05002, -2.61895, -0.85403, 0.39659
2.08463, 1.07699, -1.05020, -2.61920, -0.86443, 0.55809
2.08468, 1.07707, -1.05041, -2.61946, -0.87614, 0.72776
2.08471, 1.07713, -1.05057, -2.61968, -0.88518, 0.87446
2.08473, 1.07715, -1.05063, -2.61981, -0.89228, 0.93410
2.08427, 1.07631, -1.04830, -2.61741, -0.89342, 0.94512
2.08367, 1.07523, -1.04528, -2.61448, -0.88315, 0.93309
2.08423, 1.07611, -1.04765, -2.61893, -0.86121, 0.91203
2.08522, 1.07783, -1.05228, -2.62518, -0.82825, 0.88686
2.08597, 1.07921, -1.05608, -2.62751, -0.78673, 0.86005
2.08644, 1.08020, -1.05878, -2.62732, -0.74328, 0.83509
2.08634, 1.08014, -1.05857, -2.62581, -0.69632, 0.81596
2.08605, 1.07963, -1.05720, -2.62423, -0.63904, 0.79748
2.08571, 1.07900, -1.05549, -2.62266, -0.58226, 0.76906
2.08528, 1.07817, -1.05325, -2.62139, -0.53086, 0.73821
2.08438, 1.07632, -1.04823, -2.62054, -0.48466, 0.71324
2.08296, 1.07346, -1.04042, -2.62003, -0.44152, 0.69359
2.08105, 1.06983, -1.03035, -2.61972, -0.40060, 0.68032
2.07881, 1.06575, -1.01889, -2.61955, -0.36202, 0.67036
2.07632, 1.06147, -1.00680, -2.61945, -0.32770, 0.66438
2.07419, 1.05782, -0.99652, -2.61942, -0.30564, 0.66325
2.07225, 1.05459, -0.98732, -2.61954, -0.28748, 0.66586
2.07029, 1.05153, -0.97856, -2.61974, -0.27242, 0.67692
2.06873, 1.04914, -0.97175, -2.61998, -0.26647, 0.69431
2.06745, 1.04724, -0.96623, -2.62026, -0.26228, 0.71378
2.06585, 1.04510, -0.96003, -2.62053, -0.25310, 0.73754
2.06411, 1.04301, -0.95385, -2.62078, -0.24338, 0.76755
2.06302, 1.04162, -0.94998, -2.62098, -0.23716, 0.80116
2.06257, 1.04102, -0.94833, -2.62114, -0.22630, 0.81690
2.06243, 1.04081, -0.94779, -2.62123, -0.20357, 0.82069
2.06244, 1.04085, -0.94791, -2.62119, -0.17263, 0.81688
2.06171, 1.03989, -0.94503, -2.62104, -0.13654, 0.80444
2.06021, 1.03768, -0.93845, -2.62088, -0.09648, 0.78190
2.05822, 1.03454, -0.92914, -2.62071, -0.05823, 0.75061
2.05634, 1.03135, -0.91919, -2.62058, -0.02711, 0.71363
2.05481, 1.02796, -0.90896, -2.62054, -0.00514, 0.67609
2.05340, 1.02432, -0.89804, -2.61954, 0.00954, 0.63837
2.05275, 1.02117, -0.88803, -2.61831, 0.01544, 0.59433
2.05310, 1.01817, -0.87874, -2.61828, 0.01637, 0.54047
2.05425, 1.01506, -0.86938, -2.61861, 0.01502, 0.47664
2.05594, 1.01185, -0.85922, -2.61692, 0.01133, 0.40242
2.05733, 1.00778, -0.84544, -2.60892, 0.00705, 0.31760
2.05829, 1.00233, -0.82730, -2.59537, 0.00451, 0.22233
2.06098, 0.99771, -0.81193, -2.58555, 0.00134, 0.11628
2.06628, 0.99480, -0.80267, -2.58339, -0.00722, -0.00056
2.07347, 0.99311, -0.79880, -2.58600, -0.02612, -0.12842
2.08196, 0.99390, -0.80110, -2.59079, -0.05726, -0.26660
2.09136, 0.99551, -0.80675, -2.59655, -0.09710, -0.41424
2.10185, 0.99889, -0.81749, -2.60580, -0.14257, -0.56982
2.11389, 1.00427, -0.83445, -2.62068, -0.19424, -0.73274
2.12514, 1.00858, -0.84947, -2.63045, -0.25350, -0.87163
2.13436, 1.01283, -0.86186, -2.63371, -0.31493, -0.92747
2.14194, 1.01530, -0.87009, -2.63380, -0.36805, -0.93700
2.14876, 1.01789, -0.87806, -2.63252, -0.41828, -0.92475
2.15514, 1.02083, -0.88659, -2.63074, -0.46606, -0.90363
2.16073, 1.02249, -0.89299, -2.62894, -0.50215, -0.87728
2.16550, 1.02513, -0.90011, -2.62725, -0.52599, -0.84347
2.16959, 1.02663, -0.90545, -2.62581, -0.53858, -0.79856
2.17351, 1.02930, -0.91287, -2.62469, -0.54886, -0.74205
2.17770, 1.03245, -0.92223, -2.62381, -0.56529, -0.67448
2.18187, 1.03559, -0.93242, -2.62313, -0.58248, -0.59541
2.18592, 1.04004, -0.94497, -2.62256, -0.59817, -0.50473
2.18995, 1.04456, -0.95847, -2.62202, -0.61548, -0.40361
2.19385, 1.04954, -0.97325, -2.62153, -0.63120, -0.29257
2.19776, 1.05544, -0.99015, -2.62108, -0.64792, -0.17089
2.20181, 1.06222, -1.00938, -2.62067, -0.66831, -0.03778
2.20600, 1.06979, -1.03071, -2.62042, -0.68774, 0.10692
2.20999, 1.07762, -1.05234, -2.61795, -0.70567, 0.26291
2.21281, 1.08403, -1.06842, -2.61860, -0.72561, 0.42952
2.21459, 1.08859, -1.07876, -2.62175, -0.74422, 0.60680
2.21514, 1.09057, -1.08238, -2.62303, -0.75572, 0.79479
2.21500, 1.09067, -1.08176, -2.62334, -0.76020, 0.91925
2.21443, 1.08945, -1.07851, -2.62319, -0.76291, 0.96103
2.21348, 1.08696, -1.07298, -2.62279, -0.76224, 0.96111
2.21213, 1.08303, -1.06500, -2.62227, -0.75304, 0.94240
2.21060, 1.07844, -1.05596, -2.62179, -0.73434, 0.91729
2.20981, 1.07616, -1.05112, -2.62145, -0.70696, 0.89208
2.20950, 1.07535, -1.04909, -2.62127, -0.67100, 0.86953
2.20935, 1.07510, -1.04809, -2.62084, -0.62435, 0.84328
2.20906, 1.07476, -1.04664, -2.61922, -0.57278, 0.81552
2.20874, 1.07434, -1.04493, -2.61723, -0.52565, 0.78915
2.20827, 1.07335, -1.04132, -2.61449, -0.48778, 0.75881
2.20819, 1.07260, -1.03792, -2.61637, -0.44887, 0.72297
2.20863, 1.07179, -1.03442, -2.62280, -0.40817, 0.67745
2.20884, 1.06908, -1.02633, -2.62535, -0.37680, 0.62155
2.20952, 1.06556, -1.01632, -2.62590, -0.35649, 0.55512
2.21128, 1.06214, -1.00663, -2.62563, -0.34750, 0.47710
2.21398, 1.05856, -0.99673, -2.62499, -0.34151, 0.38749
2.21754, 1.05470, -0.98647, -2.62428, -0.33642, 0.28639
2.22221, 1.05106, -0.97726, -2.62362, -0.34024, 0.17402
2.22792, 1.05006, -0.97325, -2.62295, -0.35530, 0.05026
2.23390, 1.04908, -0.97052, -2.62229, -0.37306, -0.08372
2.24016, 1.04826, -0.96929, -2.62176, -0.39337, -0.22729
2.24708, 1.05044, -0.97379, -2.62008, -0.42380, -0.37976
2.25404, 1.05229, -0.97872, -2.61654, -0.46043, -0.53395
2.26089, 1.05348, -0.98345, -2.61200, -0.49803, -0.68950
2.26782, 1.05585, -0.99066, -2.60747, -0.53474, -0.83939
2.27421, 1.05908, -0.99893, -2.60085, -0.57444, -0.91087
2.27994, 1.06071, -1.00486, -2.59338, -0.61094, -0.92924
2.28573, 1.06440, -1.01442, -2.58837, -0.63760, -0.92168
2.28937, 1.06579, -1.01827, -2.58123, -0.65470, -0.90084
2.29000, 1.06356, -1.01381, -2.57701, -0.66025, -0.86826
2.29183, 1.06493, -1.01759, -2.58237, -0.66476, -0.82447
2.29410, 1.06796, -1.02549, -2.59137, -0.67398, -0.77178
2.29652, 1.07179, -1.03565, -2.60202, -0.68795, -0.71131
2.29802, 1.07420, -1.04225, -2.60920, -0.70144, -0.64127
2.29800, 1.07403, -1.04202, -2.60964, -0.71467, -0.56370
2.29800, 1.07400, -1.04197, -2.61008, -0.72748, -0.47839
2.29827, 1.07443, -1.04317, -2.61177, -0.73748, -0.38248
2.29821, 1.07433, -1.04289, -2.61166, -0.75041, -0.27641
2.29822, 1.07434, -1.04291, -2.61186, -0.76022, -0.16024
2.29850, 1.07483, -1.04423, -2.61332, -0.76995, -0.03360
2.29912, 1.07593, -1.04725, -2.61651, -0.77926, 0.10312
2.30018, 1.07785, -1.05244, -2.62176, -0.78880, 0.25028
2.30067, 1.07878, -1.05495, -2.62409, -0.80142, 0.40879
2.30082, 1.07909, -1.05579, -2.62477, -0.81546, 0.57853
2.30079, 1.07905, -1.05569, -2.62460, -0.82862, 0.75869
2.30066, 1.07880, -1.05503, -2.62400, -0.83533, 0.90521
2.30052, 1.07851, -1.05427, -2.62334, -0.83771, 0.95997
2.30038, 1.07820, -1.05347, -2.62270, -0.83430, 0.96600
2.30024, 1.07790, -1.05268, -2.62211, -0.82099, 0.94947
2.30015, 1.07768, -1.05211, -2.62175, -0.79735, 0.92438
2.30010, 1.07755, -1.05177, -2.62160, -0.76360, 0.89822
2.30005, 1.07742, -1.05144, -2.62143, -0.71984, 0.87119
2.29959, 1.07663, -1.04920, -2.61901, -0.67116, 0.84035
2.29906, 1.07571, -1.04660, -2.61636, -0.61614, 0.80449
2.29877, 1.07518, -1.04511, -2.61504, -0.55531, 0.76030
2.29839, 1.07400, -1.04139, -2.61285, -0.49995, 0.70502
2.29811, 1.07108, -1.03314, -2.61001, -0.45591, 0.63958
2.29908, 1.06820, -1.02529, -2.61127, -0.42395, 0.56383
2.30279, 1.06776, -1.02408, -2.62184, -0.40417, 0.47664
2.30743, 1.06705, -1.02214, -2.62919, -0.39613, 0.37927
2.31267, 1.06557, -1.01828, -2.63169, -0.39822, 0.27167
2.31873, 1.06468, -1.01504, -2.63169, -0.40904, 0.15299
2.32525, 1.06364, -1.01231, -2.63048, -0.42755, 0.02391
2.33227, 1.06358, -1.01253, -2.62873, -0.45502, -0.11509
2.33985, 1.06495, -1.01643, -2.62685, -0.49100, -0.26288
2.34790, 1.06744, -1.02352, -2.62509, -0.53365, -0.41931
2.35618, 1.07120, -1.03353, -2.62354, -0.57735, -0.57794
2.36462, 1.07545, -1.04544, -2.62232, -0.62378, -0.73246
2.37204, 1.07930, -1.05649, -2.62071, -0.67679, -0.85759
2.37529, 1.07988, -1.05836, -2.61928, -0.72553, -0.90785
2.37671, 1.07981, -1.05757, -2.61878, -0.76431, -0.91694
2.37669, 1.07793, -1.05283, -2.61731, -0.79202, -0.90632
2.37636, 1.07628, -1.04849, -2.61672, -0.80668, -0.88455
2.37635, 1.07560, -1.04666, -2.61970, -0.80797, -0.85204
2.37639, 1.07533, -1.04590, -2.62147, -0.80573, -0.81016
2.37677, 1.07592, -1.04747, -2.62200, -0.81036, -0.75959
2.37750, 1.07733, -1.05130, -2.62185, -0.81963, -0.69909
2.37793, 1.07828, -1.05379, -2.62138, -0.83375, -0.63043
2.37778, 1.07816, -1.05335, -2.61969, -0.85032, -0.55536
2.37736, 1.07746, -1.05136, -2.61754, -0.85980, -0.47369
2.37703, 1.07685, -1.04969, -2.61625, -0.86443, -0.38366
2.37664, 1.07614, -1.04772, -2.61470, -0.87130, -0.28478
2.37608, 1.07513, -1.04493, -2.61223, -0.88197, -0.17744
2.37532, 1.07378, -1.04122, -2.60881, -0.89204, -0.06050
2.37452, 1.07236, -1.03728, -2.60516, -0.89978, 0.06622
2.37373, 1.07097, -1.03344, -2.60156, -0.90877, 0.20251
2.37364, 1.07074, -1.03281, -2.60166, -0.91463, 0.34981
2.37453, 1.07222, -1.03689, -2.60657, -0.92036, 0.50831
2.37578, 1.07441, -1.04287, -2.61278, -0.92748, 0.67742
2.37714, 1.07683, -1.04948, -2.61928, -0.93448, 0.84203
2.37791, 1.07817, -1.05326, -2.62302, -0.93777, 0.92117
2.37771, 1.07780, -1.05226, -2.62176, -0.92980, 0.94228
2.37710, 1.07671, -1.04924, -2.61859, -0.91015, 0.93506
2.37699, 1.07644, -1.04853, -2.61829, -0.87921, 0.91596
2.37710, 1.07657, -1.04894, -2.61913, -0.83820, 0.89341
2.37716, 1.07664, -1.04916, -2.61952, -0.78985, 0.87170
2.37718, 1.07664, -1.04920, -2.61956, -0.73753, 0.84740
2.37683, 1.07603, -1.04752, -2.61772, -0.67906, 0.81561
2.37589, 1.07448, -1.04308, -2.61263, -0.62062, 0.77558
2.37473, 1.07252, -1.03766, -2.60692, -0.56907, 0.73069
2.37396, 1.07087, -1.03297, -2.60417, -0.51942, 0.68082
2.37337, 1.06795, -1.02495, -2.60255, -0.47492, 0.62148
2.37316, 1.06429, -1.01449, -2.59991, -0.44114, 0.55232
2.37478, 1.06171, -1.00704, -2.60223, -0.41857, 0.47235
2.37943, 1.06204, -1.00780, -2.61515, -0.40769, 0.38096
2.38573, 1.06351, -1.01222, -2.63148, -0.40831, 0.28448
2.39141, 1.06376, -1.01305, -2.63792, -0.41930, 0.18397
2.39661, 1.06381, -1.01320, -2.63887, -0.43386, 0.07381
2.40172, 1.06422, -1.01431, -2.63721, -0.45127, -0.04463
2.40668, 1.06480, -1.01598, -2.63090, -0.47828, -0.16856
2.41158, 1.06577, -1.01873, -2.62052, -0.51531, -0.29377
2.41667, 1.06755, -1.02372, -2.60974, -0.55647, -0.41161
2.42193, 1.07014, -1.03109, -2.59993, -0.60165, -0.51722
2.42448, 1.07053, -1.03275, -2.59304, -0.64786, -0.61039
2.42557, 1.07065, -1.03318, -2.59137, -0.68857, -0.69042
2.42675, 1.07186, -1.03644, -2.59534, -0.72446, -0.75726
2.42828, 1.07411, -1.04253, -2.60363, -0.75127, -0.80744
2.43036, 1.07760, -1.05191, -2.61613, -0.76906, -0.82891
2.43219, 1.08085, -1.06061, -2.62719, -0.78016, -0.83338
2.43281, 1.08195, -1.06354, -2.63127, -0.78351, -0.82626
2.43282, 1.08192, -1.06349, -2.63184, -0.78087, -0.80715
2.43257, 1.08145, -1.06222, -2.63084, -0.77946, -0.77628
2.43222, 1.08081, -1.06046, -2.62916, -0.78442, -0.73419
2.43184, 1.08012, -1.05859, -2.62727, -0.79655, -0.68135
2.43146, 1.07941, -1.05668, -2.62548, -0.80627, -0.61818
2.43113, 1.07879, -1.05502, -2.62397, -0.81293, -0.54483
2.43087, 1.07829, -1.05366, -2.62275, -0.81928, -0.46257
2.43060, 1.07778, -1.05229, -2.62143, -0.82613, -0.37277
2.43008, 1.07688, -1.04979, -2.61879, -0.83838, -0.27508
2.42948, 1.07581, -1.04684, -2.61576, -0.85156, -0.16799
2.42895, 1.07486, -1.04423, -2.61319, -0.86238, -0.05088
2.42840, 1.07388, -1.04152, -2.61054, -0.87115, 0.07645
2.42803, 1.07321, -1.03970, -2.60881, -0.87966, 0.21509
2.42854, 1.07404, -1.04197, -2.61208, -0.88229, 0.36457
2.43003, 1.07667, -1.04911, -2.62005, -0.88337, 0.52447
2.43116, 1.07883, -1.05494, -2.62472, -0.89178, 0.69512
2.43152, 1.07949, -1.05690, -2.62628, -0.89755, 0.86138
2.43155, 1.07954, -1.05712, -2.62627, -0.89961, 0.93960
2.43130, 1.07907, -1.05586, -2.62492, -0.89742, 0.95841
2.43097, 1.07843, -1.05413, -2.62330, -0.88336, 0.94849
2.43075, 1.07799, -1.05296, -2.62236, -0.85818, 0.92667
2.43063, 1.07770, -1.05220, -2.62185, -0.82212, 0.90174
2.43051, 1.07746, -1.05155, -2.62141, -0.77500, 0.87814
2.43012, 1.07674, -1.04957, -2.61946, -0.71979, 0.85381
2.42972, 1.07602, -1.04756, -2.61739, -0.66334, 0.82175
2.42996, 1.07646, -1.04875, -2.61857, -0.61050, 0.77829
2.42991, 1.07643, -1.04858, -2.61812, -0.56085, 0.72420
