0.04919, -0.01992, 0.09961, 0.20188, -0.21207, 0.09529, -0.10855, -0.17400, -0.18428
-0.00704, -0.07369, 0.15800, -0.15376, 0.12483, 0.29555, -0.64190, -0.46049, -0.38765
-0.04450, -0.16083, 0.18415, -0.50240, 0.46904, -0.23308, -0.95481, -0.62908, -0.53089
-0.01330, -0.22442, 0.03387, -0.41921, 0.58816, -0.45780, -0.08670, -0.07874, -0.49902
0.05670, -0.19416, -0.10231, 0.09262, 0.60653, -0.43777, 0.08744, 0.11187, -0.52143
0.12974, -0.11067, -0.06037, 0.55830, -0.03745, 0.15992, -0.20724, 0.03005, -0.18287
0.16794, -0.04141, 0.06131, 0.40886, -0.27668, 0.65535, -0.63575, 0.01155, 0.12658
0.18411, -0.01834, 0.14952, -0.22482, 0.19708, 0.01738, -0.72350, -0.18675, 0.16283
0.24588, -0.01731, 0.20711, -0.44908, 0.31947, -0.48623, -0.55848, -0.42779, -0.25337
0.34694, -0.00068, 0.33790, -0.05571, -0.34661, -0.40203, -0.54461, -0.51936, -0.53056
0.43801, -0.02637, 0.34794, -0.04672, -0.47035, -0.26933, -0.15785, -0.13637, -0.50238
0.50061, -0.08302, 0.13740, -0.48248, 0.36274, -0.39201, 0.26230, -0.05321, -0.38741
0.61361, -0.11185, -0.05871, 0.01258, 0.51463, -0.42335, 0.39251, 0.09926, -0.17850
0.72167, -0.10517, -0.09337, 0.63303, -0.08300, 0.12451, -0.03865, -0.03382, -0.19640
0.78486, -0.09702, 0.13151, 0.31571, -0.38139, 0.61944, -0.91593, -0.40945, -0.37128
0.87038, -0.10889, 0.25268, -0.19630, -0.30527, -0.09363, -0.92894, -0.67972, -0.53943
1.00757, -0.14365, 0.10435, -0.56394, 0.16194, -0.44863, 0.03885, -0.25749, -0.34623
1.18257, -0.14464, -0.08734, 0.04142, 0.31942, -0.41914, 0.11334, -0.19080, -0.52528
1.35269, -0.08944, -0.05133, 0.51053, -0.15197, -0.06278, -0.49904, -0.23392, -0.21090
1.49607, -0.05544, 0.08179, 0.23269, -0.32852, 0.30610, -0.97018, -0.36824, -0.13941
1.63306, -0.05507, 0.10694, -0.39324, 0.00521, -0.25864, -0.79529, -0.44282, -0.44572
1.83205, -0.06449, -0.00868, -0.57008, 0.25740, -0.46608, -0.15955, 0.11555, -0.16843
2.04701, -0.08097, -0.12623, -0.44744, 0.49258, -0.41926, -0.01052, 0.64501, 0.45683
2.26197, -0.08606, -0.20640, 0.18235, 0.39589, -0.41630, 0.02412, 0.30167, 0.32791
2.47062, -0.07233, -0.11546, 0.60279, -0.13872, 0.03463, -0.40685, -0.10896, -0.34053
2.64213, -0.06873, 0.11643, 0.18721, -0.39420, 0.76737, -1.04821, -0.51718, -0.52666
2.82160, -0.08803, 0.09406, -0.48801, 0.28091, -0.06050, -0.58023, -0.22207, -0.50812
3.09031, -0.11349, -0.03647, -0.52948, 0.54105, -0.47236, 0.24597, 0.23211, -0.38713
3.35669, -0.10271, -0.13697, 0.14782, 0.34379, -0.42015, 0.36517, 0.08942, -0.35689
3.58949, -0.07300, -0.09640, 0.64771, -0.23070, 0.10012, -0.34061, -0.13478, -0.27420
3.78604, -0.07538, 0.10184, 0.22157, -0.38369, 0.78339, -1.07538, -0.47412, -0.34046
4.00238, -0.09529, 0.03818, -0.45164, 0.29067, -0.08641, -0.50851, -0.16513, -0.54828
4.30176, -0.12702, -0.11040, -0.52181, 0.49934, -0.48340, 0.27285, 0.34302, -0.40999
4.59859, -0.10396, -0.17495, 0.07297, 0.42457, -0.44997, 0.36670, 0.16317, -0.34256
4.85993, -0.05288, -0.10365, 0.62978, -0.27393, 0.26015, -0.35790, 0.04310, -0.21827
5.07473, -0.06081, 0.09898, 0.25051, -0.43131, 0.78106, -1.09216, -0.36936, -0.29958
5.30475, -0.08235, 0.16834, -0.34024, -0.20995, -0.10471, -0.89447, -0.68363, -0.54723
5.60379, -0.12140, 0.02722, -0.55664, 0.13030, -0.46939, 0.12304, 0.00208, -0.11107
5.90484, -0.12683, -0.19427, -0.25839, 0.44754, -0.41942, 0.23379, 0.36001, -0.01616
6.18606, -0.07936, -0.19632, 0.33797, 0.37895, 0.06882, -0.14065, 0.15315, -0.07224
6.44526, -0.06425, -0.09226, 0.64532, -0.34329, 0.71929, -0.84020, 0.07926, -0.40104
6.69112, -0.06402, 0.06471, 0.26901, -0.29166, 0.74393, -1.02310, -0.41718, -0.52909
6.92150, -0.07897, 0.06924, -0.45128, 0.33937, -0.29079, -0.55559, -0.18908, -0.51432
7.24070, -0.09792, -0.02915, -0.52945, 0.49105, -0.45090, 0.22643, 0.23340, -0.27631
7.56250, -0.08606, -0.11515, 0.12445, 0.30549, -0.41924, 0.35504, 0.16679, -0.18666
7.84640, -0.06566, -0.08857, 0.64806, -0.24340, 0.16688, -0.27919, -0.06068, -0.08681
8.08454, -0.07763, 0.13168, 0.20633, -0.40325, 0.73851, -1.10474, -0.47883, -0.25775
8.34342, -0.10151, 0.17664, -0.38616, -0.15442, -0.09765, -0.84981, -0.58574, -0.56736
8.67262, -0.13868, 0.00391, -0.56846, 0.16554, -0.46740, 0.12802, -0.06432, -0.26344
9.01521, -0.11009, -0.15053, -0.00462, 0.41174, -0.45307, 0.28968, -0.06623, -0.29601
9.32124, -0.03725, -0.12517, 0.62401, -0.21547, 0.22884, -0.38778, -0.00866, 0.01068
9.56851, -0.03772, -0.02765, 0.18646, 0.02541, 0.73066, -0.99581, -0.18738, 0.05880
9.83336, -0.07385, -0.03746, -0.49534, 0.65928, -0.13797, -0.90653, -0.53887, -0.03318
10.17008, -0.07103, -0.04689, -0.10900, 0.42706, -0.49664, -0.55914, -0.67194, -0.06558
10.53022, -0.07606, -0.02335, 0.58097, -0.37017, 0.26876, -0.47879, -0.48645, -0.31222
10.84343, -0.07970, 0.05845, 0.30346, -0.28157, 0.79420, -0.30181, 0.09620, -0.53034
11.13312, -0.10782, 0.00761, -0.45123, 0.44604, -0.08188, 0.33093, 0.18422, -0.39878
11.44395, -0.08290, -0.05898, -0.25322, 0.32985, -0.48524, 0.46459, 0.11083, -0.22182
11.74882, -0.01671, -0.01542, 0.39337, -0.36794, 0.13515, -0.19083, -0.04472, -0.17378
12.01945, -0.00581, 0.15990, 0.26463, -0.42549, 0.66406, -1.05238, -0.41190, -0.33190
12.31339, 0.00059, 0.24326, -0.12115, -0.21432, -0.05490, -0.93009, -0.77548, -0.53772
12.61555, -0.01364, 0.14792, -0.59032, 0.24213, -0.44820, -0.25242, -0.10728, -0.04918
12.95570, -0.00218, -0.02049, -0.46186, 0.46835, -0.41689, -0.01737, 0.47731, 0.42080
13.30652, 0.01518, -0.13515, 0.22267, 0.33497, -0.41889, 0.18060, 0.21738, 0.22681
13.61601, 0.01198, -0.17412, 0.71352, -0.33373, 0.31971, -0.18735, -0.16094, -0.37767
13.86153, -0.02236, -0.08555, 0.35531, -0.20048, 0.82283, -1.02698, 0.03511, -0.47269
14.12985, -0.07909, -0.07198, -0.30877, 0.38247, -0.15101, -0.86864, -0.28803, -0.25974
14.46366, -0.12953, -0.07796, -0.19646, 0.36140, -0.49870, -0.49279, -0.61498, -0.17417
14.83132, -0.12188, 0.07907, 0.42608, -0.21234, 0.06103, -0.48768, -0.57945, -0.34978
15.16720, -0.13018, 0.20932, 0.30044, -0.39547, 0.74597, -0.13558, -0.03042, -0.52584
15.42507, -0.12628, 0.11213, -0.45140, 0.43110, -0.05282, 0.56961, -0.13938, -0.33940
15.71932, -0.08343, 0.01500, -0.23602, 0.39116, -0.47235, 0.47540, 0.15383, -0.01290
16.03482, -0.03812, -0.00297, 0.48660, -0.42991, 0.26826, 0.29423, -0.14488, -0.13131
16.26382, -0.03761, 0.03694, 0.26740, -0.32079, 0.76194, -0.35584, -0.32167, -0.27168
16.47605, -0.10060, 0.09078, -0.42211, 0.32733, -0.01719, -0.91405, -0.43559, -0.34047
16.76053, -0.15355, 0.06128, -0.49358, 0.45197, -0.52551, -0.79767, -0.40493, -0.36929
17.09961, -0.20477, -0.08544, -0.32106, 0.55830, -0.41102, 0.02652, 0.18710, -0.40665
17.42808, -0.17733, -0.16771, 0.42157, 0.68493, -0.41624, 0.48291, 0.24980, -0.31937
17.68937, -0.12539, -0.10880, 0.71226, -0.17391, 0.39003, 0.09416, 0.10294, 0.09490
17.87485, -0.10996, 0.11429, 0.33493, -0.38916, 0.82029, -0.74690, -0.37855, -0.05235
18.08873, -0.13007, 0.27038, -0.17784, -0.25494, -0.16386, -1.00128, -0.74820, -0.54581
18.35731, -0.16459, 0.15547, -0.58177, 0.15606, -0.48869, 0.03680, -0.14786, -0.35757
18.65845, -0.14194, -0.04661, 0.01645, 0.27385, -0.42152, 0.42147, -0.08269, -0.28834
18.92672, -0.07637, -0.10094, 0.62504, -0.17568, 0.09074, -0.13261, -0.04594, 0.15969
19.13551, -0.05701, -0.06801, 0.16673, 0.15700, 0.72653, -0.60514, 0.05992, 0.00808
19.35955, -0.08448, -0.06893, -0.49694, 0.64900, -0.00737, -0.58065, -0.22223, -0.17868
19.65167, -0.08381, -0.03423, -0.11792, 0.32277, -0.44615, -0.48912, -0.47138, -0.33748
19.97370, -0.08323, 0.02485, 0.55407, -0.38252, 0.03975, -0.55886, -0.50641, -0.51353
20.24699, -0.07392, 0.11148, 0.29898, -0.33685, 0.50969, -0.42521, -0.03678, -0.51375
20.50002, -0.09781, 0.03640, -0.46013, 0.46050, -0.14056, 0.20015, 0.09430, -0.39960
20.78211, -0.07834, -0.02771, -0.22871, 0.38691, -0.47370, 0.32329, 0.04018, -0.23840
21.06144, -0.03740, 0.00259, 0.46957, -0.43110, 0.25102, -0.27605, -0.07747, -0.23273
21.30520, -0.04523, 0.13954, 0.23202, -0.41716, 0.72328, -0.88494, -0.46725, -0.40654
21.54565, -0.06495, 0.21696, -0.27961, -0.22900, -0.07103, -0.94816, -0.56657, -0.52444
21.85114, -0.10420, 0.05818, -0.57882, 0.14641, -0.45321, 0.01156, 0.08815, -0.05849
22.16841, -0.10541, -0.18698, -0.32068, 0.42103, -0.41731, 0.17548, 0.50145, 0.19502
22.46390, -0.07038, -0.25601, 0.30978, 0.51455, -0.26126, -0.13462, 0.27136, 0.25720
22.74319, -0.05225, -0.17885, 0.71296, -0.23044, 0.53202, -0.81730, 0.21184, -0.22398
23.00171, -0.04722, -0.01933, 0.31755, -0.23444, 0.81042, -1.02792, -0.26674, -0.55249
23.24198, -0.06132, -0.01253, -0.46699, 0.42251, -0.25211, -0.62087, -0.14671, -0.36277
23.57476, -0.07592, -0.07143, -0.53206, 0.48723, -0.44469, 0.07940, 0.43894, 0.19100
23.91806, -0.07875, -0.05750, 0.11037, 0.18614, -0.41973, 0.34473, 0.33723, 0.20511
24.20707, -0.08873, 0.01888, 0.55596, -0.36535, 0.21593, -0.10272, -0.08395, -0.20025
24.43579, -0.13193, 0.26199, 0.10864, -0.38423, 0.74416, -1.06998, -0.53059, -0.53075
24.71898, -0.17512, 0.28871, -0.33281, -0.14182, -0.06558, -0.49571, -0.55260, -0.51466
25.01077, -0.21407, 0.09924, -0.57310, 0.04368, -0.44474, 0.52171, -0.47543, -0.57780
25.30284, -0.13248, -0.00012, -0.02687, 0.30921, -0.43566, 0.39871, -0.03583, -0.36363
25.55419, -0.04782, 0.02140, 0.65852, -0.28713, 0.35877, -0.35486, 0.08233, -0.20839
25.74189, -0.02080, 0.18560, 0.28901, -0.36242, 0.57077, -1.02245, -0.29955, -0.30794
25.94164, -0.01313, 0.25741, -0.32960, -0.25228, -0.25734, -0.91081, -0.73235, -0.54441
26.19130, -0.02196, 0.12449, -0.56389, -0.04338, -0.45366, -0.20518, -0.14358, -0.16136
26.46927, -0.03910, -0.05980, -0.46608, 0.40010, -0.41783, -0.08827, 0.66097, 0.44937
26.75601, -0.04524, -0.19366, 0.23320, 0.44558, -0.41723, 0.08387, 0.24201, 0.27550
27.01433, -0.05601, -0.19067, 0.71135, -0.11442, 0.22945, -0.30785, -0.19745, -0.36239
27.23065, -0.06320, 0.03126, 0.28801, -0.29630, 0.82216, -1.12877, -0.49750, -0.52468
27.45741, -0.07310, 0.09963, -0.32811, 0.07793, -0.07026, -0.86239, -0.55698, -0.48893
27.75788, -0.10090, 0.00795, -0.54159, 0.35532, -0.46834, 0.07538, 0.16873, -0.01753
28.05343, -0.10035, -0.15002, -0.40581, 0.48989, -0.41974, 0.15532, 0.56003, 0.23477
28.34795, -0.09149, -0.21283, 0.18974, 0.42300, -0.43613, 0.05699, 0.17749, 0.20311
28.63181, -0.07194, -0.12673, 0.60464, -0.12784, 0.21691, -0.52667, -0.00785, -0.13441
28.88580, -0.07050, 0.08778, 0.20968, -0.35621, 0.75457, -1.05265, -0.34923, -0.48632
29.14566, -0.09003, 0.08029, -0.44461, 0.20816, -0.14912, -0.58992, -0.16965, -0.52219
29.48656, -0.11591, -0.04933, -0.53034, 0.42022, -0.49538, 0.24178, 0.21318, -0.29831
29.82608, -0.09923, -0.15473, 0.09818, 0.31413, -0.43510, 0.39511, 0.10524, -0.24102
30.12023, -0.04976, -0.09825, 0.55343, -0.21242, 0.22657, -0.32650, -0.00889, -0.07186
30.37862, -0.05045, 0.09974, 0.21130, -0.43611, 0.79942, -1.04312, -0.42372, -0.17399
30.64781, -0.07108, 0.10382, -0.37441, 0.03147, -0.10719, -0.82653, -0.27932, -0.53377
30.99450, -0.10593, -0.05538, -0.55195, 0.36500, -0.47695, 0.02737, 0.31870, -0.03376
31.36065, -0.10888, -0.14086, 0.05727, 0.33841, -0.44097, 0.34888, 0.17509, 0.04344
31.68266, -0.07869, -0.06756, 0.62060, -0.25696, 0.18642, -0.17011, -0.12991, -0.10693
31.93722, -0.09503, 0.15538, 0.19541, -0.45376, 0.79472, -1.07448, -0.48939, -0.40693
32.22093, -0.12624, 0.22210, -0.37120, -0.14643, -0.06715, -0.87563, -0.72360, -0.52246
32.56681, -0.16528, 0.07492, -0.55590, 0.21100, -0.46392, 0.15787, -0.20344, -0.51373
32.91286, -0.13942, -0.07902, 0.00030, 0.40592, -0.33638, 0.31703, -0.10433, -0.45133
33.21070, -0.08465, -0.05118, 0.49253, -0.20515, 0.29002, -0.38860, -0.12394, -0.22526
33.47726, -0.07454, 0.11076, 0.27792, -0.39816, 0.82699, -1.03846, -0.44090, -0.25437
33.74508, -0.07154, 0.09578, -0.26475, 0.05937, -0.10887, -0.69803, -0.16340, -0.53638
34.07809, -0.09997, -0.05667, -0.57173, 0.37296, -0.47782, 0.09416, 0.38548, -0.17857
34.44189, -0.09121, -0.18266, 0.08965, 0.27749, -0.41122, 0.42528, 0.10889, -0.08972
34.76306, -0.03934, -0.15263, 0.66014, -0.20756, 0.14736, -0.17697, -0.01451, -0.08986
35.01977, -0.03761, 0.06378, 0.26358, -0.43737, 0.77092, -1.09428, -0.32981, -0.24543
35.30940, -0.05119, 0.14642, -0.28080, -0.30503, -0.00334, -0.91729, -0.76780, -0.56200
35.64454, -0.08666, 0.00891, -0.60469, 0.08391, -0.51893, 0.00586, -0.13421, -0.14058
36.00639, -0.09087, -0.19226, -0.35498, 0.43597, -0.42934, 0.14420, 0.63911, 0.24212
36.34596, -0.07369, -0.29237, 0.31937, 0.55308, -0.42560, 0.01678, 0.30476, 0.15393
36.66212, -0.06056, -0.22767, 0.77356, -0.10498, 0.27055, -0.63841, 0.16815, -0.36941
36.95114, -0.05220, -0.00518, 0.33264, -0.31973, 0.81819, -1.05618, -0.34256, -0.52626
37.22960, -0.06565, 0.01346, -0.46652, 0.29789, -0.18607, -0.61569, -0.21116, -0.46423
37.60099, -0.08471, -0.05979, -0.54519, 0.44418, -0.51606, 0.08779, 0.39222, 0.02126
37.98141, -0.07752, -0.10992, 0.07483, 0.29225, -0.42299, 0.29998, 0.12871, 0.00343
38.32615, -0.06944, -0.06603, 0.62837, -0.25853, 0.21268, -0.22843, -0.20684, -0.19776
38.61177, -0.09298, 0.14888, 0.20497, -0.39631, 0.73186, -1.13569, -0.49502, -0.45329
38.92255, -0.11190, 0.16218, -0.34480, -0.08998, -0.10026, -0.71280, -0.29319, -0.52183
39.30084, -0.14319, -0.02182, -0.55493, 0.25128, -0.46499, 0.28786, 0.04888, -0.28352
39.67575, -0.09196, -0.18344, 0.03147, 0.42723, -0.44417, 0.50107, 0.04267, -0.24417
40.00513, 0.00967, -0.19114, 0.68931, -0.21227, 0.34564, -0.24311, 0.36074, -0.28663
40.27263, 0.03112, -0.14147, 0.17324, 0.25110, 0.54112, -0.65399, 0.31209, -0.25832
40.56748, 0.01314, -0.11643, -0.37379, 0.69296, -0.35639, -0.59510, -0.27745, -0.08664
40.92166, 0.01778, -0.06251, -0.02843, 0.39993, -0.46297, -0.58458, -0.66802, -0.11674
41.29155, 0.01304, -0.02934, 0.55994, -0.42415, 0.23864, -0.67317, -0.59213, -0.32342
41.58856, -0.02050, -0.02366, 0.21741, -0.23968, 0.83199, -0.72863, 0.10763, -0.50751
41.90067, -0.08828, -0.04186, -0.38606, 0.67708, -0.00538, -0.38542, 0.56557, -0.00746
42.19870, -0.06552, -0.13304, -0.53035, 0.55791, -0.44730, 0.06632, 0.22339, 0.13815
42.50634, -0.02336, -0.16860, 0.08568, 0.11126, -0.41870, -0.07746, 0.25552, -0.13529
42.81374, 0.00623, -0.14533, 0.62394, -0.29022, 0.08016, -0.55391, 0.37436, -0.41076
43.08222, 0.01322, 0.04123, 0.34318, -0.35397, 0.35889, -0.96889, -0.26760, -0.34349
43.34735, 0.00619, 0.17852, -0.23664, -0.22545, -0.24614, -0.94662, -0.82776, -0.37673
43.63825, -0.01129, 0.12514, -0.59682, 0.05524, -0.46260, -0.39035, -0.18683, -0.25932
43.97047, -0.01503, -0.01063, -0.45689, 0.34415, -0.41764, -0.09742, 0.51411, 0.13634
44.30662, -0.01173, -0.13580, 0.12930, 0.36306, -0.41871, 0.19155, 0.40112, 0.11798
44.60553, -0.00997, -0.18204, 0.65691, -0.30982, 0.32207, -0.06294, 0.24653, -0.27482
44.81824, -0.05216, -0.09367, 0.22219, 0.03574, 0.85000, -0.83603, 0.23117, -0.25114
45.06122, -0.14026, -0.02645, -0.42234, 0.61387, -0.19068, -0.97619, -0.37909, -0.22651
45.38586, -0.18073, 0.02803, -0.07245, 0.18038, -0.46791, -0.68336, -0.84444, -0.50083
45.71402, -0.17368, 0.18294, 0.35912, -0.30379, 0.18257, -0.55381, -0.52817, -0.51782
45.98679, -0.19189, 0.18852, 0.00191, 0.18912, 0.28139, -0.02395, -0.45284, -0.55685
46.22765, -0.19705, 0.02007, -0.51493, 0.69913, -0.43146, 0.60685, -0.30070, -0.37456
46.50228, -0.13957, -0.11384, -0.04719, 0.42744, -0.43561, 0.49921, 0.08368, -0.14796
46.78498, -0.05019, -0.08119, 0.59922, -0.28882, 0.15780, 0.17757, -0.14194, -0.11289
46.98581, -0.00332, 0.03739, 0.30448, -0.42130, 0.75309, -0.55198, -0.29734, -0.17003
47.18152, -0.02136, 0.13166, -0.38011, 0.07711, -0.00323, -1.04047, -0.45603, -0.34687
47.44596, -0.04032, 0.11516, -0.55345, 0.25141, -0.52928, -0.79644, -0.65290, -0.52917
47.73234, -0.05686, 0.01308, -0.48023, 0.45235, -0.41744, -0.36432, 0.03482, -0.48561
48.04311, -0.09487, -0.12141, -0.31956, 0.57288, -0.41931, 0.10428, 0.52227, -0.04486
48.33833, -0.10133, -0.20078, 0.23591, 0.42238, -0.43144, 0.23918, 0.13178, 0.06537
48.59962, -0.08225, -0.10361, 0.64118, -0.17808, 0.14412, -0.41449, -0.09808, -0.25692
48.83116, -0.08491, 0.13366, 0.21711, -0.40217, 0.71447, -1.05327, -0.47153, -0.53562
49.07801, -0.10898, 0.10202, -0.47954, 0.32523, -0.12042, -0.44685, -0.18585, -0.51261
49.40130, -0.13055, -0.04485, -0.52905, 0.56029, -0.48454, 0.38067, 0.14026, -0.43609
49.71850, -0.10820, -0.16525, 0.15959, 0.32925, -0.42054, 0.45427, 0.20318, -0.24426
49.99431, -0.05931, -0.12523, 0.67453, -0.22483, 0.15967, -0.25321, -0.00729, -0.09312
50.22803, -0.05823, 0.08366, 0.27652, -0.44285, 0.72621, -1.04785, -0.46162, -0.25034
50.47609, -0.07925, 0.06143, -0.40899, 0.16663, -0.01749, -0.75859, -0.28079, -0.55831
50.80708, -0.11466, -0.08321, -0.56831, 0.44175, -0.52473, 0.05318, 0.38284, 0.02662
51.13170, -0.12594, -0.23362, -0.38704, 0.46082, -0.42952, 0.16752, 0.69649, 0.49316
51.43873, -0.08756, -0.19834, 0.23691, 0.48891, -0.41758, 0.00096, 0.19330, 0.27162
51.72124, -0.07992, -0.06960, 0.61854, -0.26212, 0.31730, -0.67756, -0.05573, -0.47830
51.98184, -0.09326, 0.12225, 0.24153, -0.33442, 0.82453, -1.06832, -0.49722, -0.52681
52.24612, -0.11599, 0.09936, -0.42895, 0.37564, -0.20774, -0.34728, -0.19822, -0.49919
52.57932, -0.13819, -0.02401, -0.53578, 0.54607, -0.44194, 0.47692, 0.14197, -0.40612
52.90771, -0.10821, -0.14055, 0.13891, 0.29362, -0.41950, 0.54115, 0.16834, -0.23698
53.18772, -0.05284, -0.10531, 0.62024, -0.24191, 0.19615, -0.22588, -0.05238, -0.19194
53.42777, -0.05025, 0.10118, 0.19252, -0.42442, 0.79948, -1.07481, -0.48138, -0.35910
53.68904, -0.06815, 0.06106, -0.44873, 0.16306, -0.11640, -0.74806, -0.25341, -0.54040
54.04044, -0.09913, -0.09226, -0.53493, 0.43580, -0.49206, 0.08280, 0.47272, 0.05836
54.37648, -0.12138, -0.22641, -0.44590, 0.48236, -0.42269, 0.26261, 0.83562, 0.58007
54.69284, -0.08538, -0.18441, 0.17213, 0.48875, -0.42907, 0.16330, 0.24921, 0.16466
54.97891, -0.07171, -0.02137, 0.61690, -0.28628, 0.31555, -0.57556, -0.25878, -0.51944
55.23638, -0.08960, 0.15229, 0.21393, -0.46017, 0.79041, -1.08786, -0.50768, -0.51734
55.51206, -0.13660, 0.02356, -0.50145, 0.40627, -0.18565, -0.23404, -0.04602, -0.19946
55.86197, -0.14613, -0.20261, -0.23098, 0.52118, -0.49545, 0.48667, 0.29371, -0.26843
56.18853, -0.04589, -0.22325, 0.46856, 0.35231, 0.06435, 0.35534, 0.30127, -0.26669
56.44827, 0.03887, -0.14209, 0.72127, -0.37813, 0.74095, -0.44095, 0.40040, -0.33401
56.66850, 0.04307, 0.02132, 0.17085, -0.01263, 0.07446, -1.07123, -0.10015, -0.37082
56.93132, 0.01798, 0.02785, -0.48417, 0.54548, -0.46264, -0.89207, -0.72772, -0.49224
57.24726, 0.02866, 0.01984, -0.20144, 0.38378, -0.42100, -0.59328, -0.67577, -0.22331
57.58937, 0.02979, 0.01948, 0.53503, -0.39969, 0.03441, -0.53858, -0.26244, -0.03277
57.86149, -0.01431, 0.03212, 0.25995, -0.40165, 0.65262, -0.57115, 0.30640, -0.21876
58.12540, -0.10980, -0.04383, -0.46915, 0.51599, -0.01661, -0.08656, 0.34362, -0.33668
58.41136, -0.12853, -0.08248, -0.13474, 0.47539, -0.44474, 0.23286, -0.07095, -0.40428
58.69653, -0.10091, 0.03296, 0.50088, -0.27707, 0.06212, -0.29989, -0.34593, -0.38618
58.93461, -0.09952, 0.24622, 0.21577, -0.44510, 0.70795, -1.00709, -0.56329, -0.43348
59.19046, -0.11595, 0.22196, -0.37936, 0.25597, -0.08240, -0.39127, -0.17147, -0.52438
59.49716, -0.13128, 0.04202, -0.53668, 0.54540, -0.46187, 0.50543, -0.01558, -0.41638
59.81230, -0.09941, -0.10306, 0.13278, 0.30680, -0.41936, 0.59601, 0.19408, -0.03037
60.08591, -0.04340, -0.12936, 0.66947, -0.23386, 0.17542, -0.04595, 0.07846, -0.02286
60.30268, -0.03037, 0.07909, 0.28408, -0.39581, 0.73182, -1.01920, -0.34056, -0.29721
60.56205, -0.03205, 0.16617, -0.21213, -0.28195, -0.06051, -0.93768, -0.78057, -0.54959
60.85455, -0.05383, 0.02742, -0.57891, 0.12950, -0.44933, -0.12914, -0.13968, -0.09214
61.19163, -0.07618, -0.11185, -0.38582, 0.44226, -0.41804, 0.00258, 0.73827, 0.51955
61.52066, -0.09526, -0.19867, 0.26015, 0.41070, -0.39969, 0.09103, 0.25889, 0.24207
61.82191, -0.11171, -0.10828, 0.62741, -0.10060, 0.28078, -0.43651, -0.28630, -0.39468
62.09200, -0.13064, 0.12094, 0.22744, -0.30143, 0.86732, -1.11671, -0.61620, -0.54371
62.38678, -0.15223, 0.07114, -0.38953, 0.46682, -0.20106, -0.17418, -0.13693, -0.49516
62.73572, -0.16491, -0.07188, -0.44368, 0.61962, -0.43666, 0.62871, 0.15536, -0.37876
63.07451, -0.11803, -0.17088, 0.27249, 0.41055, -0.42298, 0.52008, 0.31722, -0.00160
63.35188, -0.06809, -0.12580, 0.70921, -0.26992, 0.35671, -0.27346, 0.03186, -0.00999
63.59143, -0.07511, 0.10178, 0.23645, -0.41121, 0.76678, -1.12143, -0.50786, -0.35595
63.85495, -0.09023, 0.06081, -0.43618, 0.22938, -0.19364, -0.66642, -0.28459, -0.52990
64.20862, -0.11488, -0.09216, -0.52690, 0.44888, -0.50805, 0.18532, 0.37668, -0.05595
64.56571, -0.09867, -0.20375, 0.06122, 0.40118, -0.44599, 0.42508, 0.17794, -0.01897
64.88125, -0.03313, -0.13844, 0.59333, -0.19845, 0.23494, -0.22974, 0.07027, -0.19515
65.15010, -0.02534, 0.08022, 0.31271, -0.49936, 0.69165, -1.08773, -0.34046, -0.43230
65.44341, -0.03140, 0.16294, -0.20577, -0.30557, -0.13090, -0.91899, -0.81164, -0.51750
65.77420, -0.05763, 0.03453, -0.58388, 0.11746, -0.46344, -0.01664, -0.14411, -0.05429
66.14725, -0.09377, -0.07074, -0.46142, 0.44915, -0.41819, 0.13325, 0.93914, 0.54346
66.52008, -0.12079, -0.11052, 0.21192, 0.38845, -0.41899, 0.45087, 0.27797, 0.12820
66.84585, -0.14211, -0.03967, 0.66486, -0.19351, 0.26536, -0.08932, -0.36980, -0.45282
67.12653, -0.17857, 0.19758, 0.24884, -0.29509, 0.84700, -1.08598, -0.60697, -0.48742
67.46147, -0.21806, 0.14814, -0.31577, 0.51147, -0.18735, -0.12996, -0.09310, -0.50864
67.82428, -0.21159, -0.04271, -0.14906, 0.59171, -0.49417, 0.78350, -0.02918, -0.49845
68.15256, -0.14499, -0.18333, 0.53784, 0.49262, -0.37081, 0.36014, 0.38339, -0.08976
68.41555, -0.09694, -0.11072, 0.70516, -0.24251, 0.37812, -0.50395, 0.05297, 0.00445
68.68013, -0.08578, 0.07998, 0.35160, -0.39513, 0.78794, -1.07219, -0.38294, -0.36423
68.95282, -0.08001, 0.03527, -0.31898, 0.19737, -0.20763, -0.47310, -0.11621, -0.53273
69.29645, -0.10154, -0.10475, -0.54803, 0.39718, -0.47954, 0.24693, 0.37050, -0.12188
69.65524, -0.07895, -0.20246, 0.06693, 0.32493, -0.44415, 0.38866, 0.33049, -0.01577
69.97952, -0.01985, -0.14750, 0.62682, -0.24326, 0.23661, -0.13990, 0.12891, -0.20556
70.24714, -0.01709, 0.05853, 0.35091, -0.49502, 0.78028, -0.98268, -0.35987, -0.45425
70.53747, -0.03019, 0.15753, -0.16555, -0.29548, -0.09679, -0.97172, -0.81439, -0.51764
70.86613, -0.05914, 0.01964, -0.56226, 0.16182, -0.46572, -0.05665, -0.14623, -0.07535
71.23820, -0.09505, -0.10586, -0.44644, 0.48118, -0.41874, 0.10194, 0.86031, 0.58666
71.60727, -0.11428, -0.16896, 0.22993, 0.36804, -0.41889, 0.28790, 0.34001, 0.16960
71.93093, -0.12556, -0.05425, 0.58702, -0.14555, 0.27788, -0.26547, -0.35170, -0.49373
72.21939, -0.15366, 0.18445, 0.17367, -0.35405, 0.84572, -1.12308, -0.68473, -0.52034
72.55461, -0.18284, 0.12271, -0.34915, 0.52483, -0.13944, -0.11244, -0.12320, -0.45622
72.90386, -0.17389, -0.04814, -0.36274, 0.69291, -0.48802, 0.64258, 0.01904, -0.37457
73.24770, -0.12416, -0.17262, 0.30283, 0.38667, -0.41750, 0.49414, 0.27428, 0.01947
73.53709, -0.07198, -0.14155, 0.72984, -0.22819, 0.30609, -0.27697, 0.05146, 0.06282
73.78775, -0.06776, 0.09082, 0.22495, -0.38567, 0.81769, -1.10617, -0.47418, -0.28754
74.05847, -0.07722, 0.09151, -0.44471, 0.07308, -0.17742, -0.81934, -0.37322, -0.53540
74.41621, -0.09734, -0.05249, -0.54116, 0.31249, -0.51103, -0.00793, 0.37029, -0.00796
74.76095, -0.11226, -0.22155, -0.47568, 0.50462, -0.41115, 0.11284, 0.70407, 0.41209
75.09439, -0.08241, -0.21862, 0.11862, 0.51202, -0.43712, -0.04775, 0.21361, 0.29107
75.41065, -0.05283, -0.07671, 0.56624, -0.24026, 0.35353, -0.72055, 0.08690, -0.39094
75.70100, -0.05841, 0.10317, 0.22744, -0.43833, 0.75492, -1.06293, -0.35509, -0.53797
75.98889, -0.08504, 0.07861, -0.43600, 0.20138, -0.19643, -0.51448, -0.19429, -0.50719
76.35343, -0.11655, -0.05028, -0.52793, 0.42238, -0.50509, 0.28208, 0.22662, -0.21556
76.71816, -0.09958, -0.15892, 0.09615, 0.33741, -0.44087, 0.48543, 0.10460, -0.13127
77.03924, -0.04907, -0.12162, 0.64692, -0.23506, 0.19899, -0.17579, -0.12639, 0.03784
77.30416, -0.05039, 0.08933, 0.27492, -0.46583, 0.68069, -1.14107, -0.38966, -0.14458
77.60065, -0.06440, 0.14717, -0.27123, -0.29400, -0.11165, -0.90447, -0.70186, -0.53182
77.94635, -0.10347, -0.00376, -0.61180, 0.11342, -0.45942, 0.01635, -0.04301, -0.13834
78.32245, -0.11697, -0.20356, -0.38308, 0.45431, -0.41801, 0.24692, 0.65519, 0.16696
78.66964, -0.08066, -0.25656, 0.29943, 0.61063, -0.42561, 0.11876, 0.31089, 0.11632
78.98416, -0.05162, -0.16357, 0.73902, -0.21249, 0.35522, -0.59043, 0.17795, -0.33694
79.26943, -0.05379, 0.04857, 0.30866, -0.36448, 0.80918, -1.04620, -0.37332, -0.54055
79.54968, -0.07199, 0.05825, -0.45039, 0.26991, -0.22861, -0.60801, -0.26548, -0.43675
79.92755, -0.09904, -0.03426, -0.53584, 0.44108, -0.43821, 0.21917, 0.37036, -0.01724
80.30935, -0.09285, -0.11031, 0.09655, 0.30475, -0.41968, 0.44445, 0.22560, -0.03370
80.64621, -0.07288, -0.08162, 0.66381, -0.24044, 0.16550, -0.17804, -0.12747, -0.03185
80.92801, -0.09034, 0.15179, 0.22184, -0.38948, 0.72989, -1.15468, -0.51069, -0.25760
81.24223, -0.11486, 0.21913, -0.34912, -0.20895, -0.06179, -0.88850, -0.79066, -0.56258
81.62200, -0.16360, 0.08842, -0.55916, 0.12277, -0.44898, 0.16560, -0.03489, -0.26755
82.00119, -0.14341, -0.12485, -0.17490, 0.47762, -0.42960, 0.49432, 0.22782, -0.09799
82.35581, -0.05729, -0.11708, 0.47466, -0.07224, 0.24137, 0.23491, 0.08462, 0.05164
82.64305, -0.01663, -0.03566, 0.43756, -0.27553, 0.73427, -0.38511, -0.21018, -0.21661
82.92536, -0.02221, 0.10165, 0.12943, -0.20767, -0.10842, -1.03328, -0.50035, -0.51542
83.22664, -0.02957, 0.14267, -0.28503, -0.32703, -0.44930, -0.88403, -0.72555, -0.51488
83.55772, -0.06226, -0.00412, -0.58628, 0.01542, -0.42170, -0.27758, -0.03192, -0.12540
83.92710, -0.09007, -0.21072, -0.43617, 0.46101, -0.41770, -0.02814, 0.69073, 0.48988
84.28308, -0.07091, -0.30814, 0.24688, 0.61094, -0.43380, 0.07943, 0.28151, 0.32314
84.60596, -0.04121, -0.24692, 0.74521, -0.12688, 0.37705, -0.45803, 0.13227, -0.25240
84.88492, -0.03155, -0.01633, 0.35162, -0.38217, 0.81345, -1.05367, -0.20888, -0.54544
85.16481, -0.04410, 0.02027, -0.37341, 0.23105, -0.21201, -0.74276, -0.18336, -0.48033
85.52143, -0.06639, -0.03566, -0.56906, 0.43613, -0.43951, -0.09494, 0.42184, 0.09627
85.87018, -0.06513, -0.11287, -0.44721, 0.43136, -0.41584, 0.01226, 0.66477, 0.53601
86.22024, -0.07135, -0.13292, 0.11673, 0.28276, -0.41857, 0.01709, 0.16100, 0.15722
86.55340, -0.09303, -0.03286, 0.52004, -0.16946, 0.21601, -0.52607, -0.35360, -0.49848
86.85951, -0.11714, 0.14528, 0.17280, -0.34892, 0.75104, -1.02567, -0.63522, -0.52986
87.19342, -0.14371, 0.10403, -0.35445, 0.54936, -0.00859, -0.13383, -0.13517, -0.49093
87.55045, -0.14485, -0.00232, -0.54380, 0.73510, -0.50026, 0.59880, 0.18385, -0.37756
87.90569, -0.08401, -0.05798, 0.12169, 0.28925, -0.42657, 0.49859, 0.31806, -0.01116
88.21748, -0.04578, -0.07078, 0.65539, -0.39724, 0.28431, -0.10946, -0.06132, -0.06216
88.47247, -0.06672, 0.10173, 0.26135, -0.38581, 0.75510, -1.11742, -0.46736, -0.37363
88.76694, -0.08628, 0.13656, -0.21710, -0.26022, -0.12442, -0.91524, -0.75890, -0.53610
89.10804, -0.13289, -0.05523, -0.56380, 0.13714, -0.47149, 0.09625, -0.03248, -0.05807
89.48722, -0.12935, -0.17326, -0.20593, 0.54174, -0.44920, 0.29418, 0.44624, 0.48995
89.83355, -0.04939, -0.06190, 0.53183, -0.13260, -0.06178, 0.03621, 0.03981, 0.26737
90.10283, -0.02637, 0.13988, 0.41904, -0.59247, 0.60967, -0.76359, -0.47850, -0.43296
90.37643, -0.03468, 0.25468, -0.12807, -0.31893, 0.09909, -0.99777, -0.77972, -0.52181
90.68849, -0.06402, 0.10765, -0.62830, 0.29122, -0.44955, -0.14802, -0.10597, -0.06825
91.05088, -0.06318, -0.09720, -0.44197, 0.52396, -0.41801, 0.21247, 0.49083, 0.32049
91.39998, -0.04498, -0.25346, 0.22004, 0.39867, -0.41859, 0.22430, 0.42290, 0.23086
91.72147, -0.01373, -0.25098, 0.72835, -0.12339, 0.21723, -0.30075, 0.19324, 0.00963
92.00708, -0.01568, -0.05392, 0.49039, -0.39872, 0.68149, -1.05686, -0.24104, -0.22870
92.30501, -0.02007, 0.05777, -0.06881, -0.26364, -0.07241, -0.94247, -0.72664, -0.55216
92.61228, -0.05322, -0.03148, -0.60287, 0.11566, -0.46667, -0.38176, -0.13788, -0.22212
92.99581, -0.08723, -0.12772, -0.41795, 0.38450, -0.41996, -0.09453, 0.76947, 0.46571
93.37684, -0.11469, -0.12857, 0.25808, 0.27443, -0.43097, 0.10562, 0.38382, 0.31925
93.69716, -0.07234, -0.09568, 0.68269, -0.25797, 0.18775, 0.14695, -0.16181, 0.09609
93.92715, -0.04715, 0.07968, 0.35873, -0.50560, 0.70816, -0.67069, -0.48400, -0.44454
94.16784, -0.06129, 0.19818, -0.17290, -0.34490, -0.08862, -1.04921, -0.67388, -0.51633
94.47139, -0.08910, 0.02596, -0.55531, 0.20382, -0.45600, -0.10304, -0.08106, -0.04508
94.80406, -0.09511, -0.19480, -0.37623, 0.52311, -0.41821, 0.11832, 0.56824, 0.37955
95.12256, -0.07424, -0.31325, 0.27902, 0.55277, -0.43375, 0.05312, 0.26394, 0.23433
95.41498, -0.03502, -0.23184, 0.63581, -0.05256, 0.36353, -0.58872, 0.20389, -0.37920
95.69642, -0.01741, -0.02746, 0.43598, -0.41164, 0.63175, -1.07990, -0.27806, -0.45893
95.96722, -0.02671, 0.05378, -0.23003, 0.10762, -0.24096, -0.87075, -0.76091, -0.35603
96.26299, -0.04209, 0.00453, -0.60420, 0.38554, -0.46916, -0.40322, -0.09207, -0.25093
96.60985, -0.04743, -0.07366, -0.42889, 0.46317, -0.41804, -0.09425, 0.61795, 0.19219
96.94956, -0.03734, -0.15906, 0.07762, 0.29895, -0.41854, 0.22801, 0.22395, 0.20807
97.25800, -0.01080, -0.12939, 0.55581, -0.22677, 0.17203, -0.14733, -0.04886, -0.13992
97.51087, -0.01623, 0.06214, 0.26693, -0.42883, 0.75626, -0.97257, -0.36193, -0.48656
97.78406, -0.03941, 0.15679, -0.22593, -0.26960, -0.05948, -0.95602, -0.73287, -0.51504
98.10248, -0.07940, 0.01997, -0.57295, 0.17368, -0.45486, -0.04968, -0.09923, -0.04909
98.44304, -0.09765, -0.17761, -0.44993, 0.50611, -0.41539, 0.15313, 0.51097, 0.39359
98.76379, -0.08431, -0.26961, 0.16337, 0.54074, -0.44371, -0.01388, 0.24260, 0.43122
99.07835, -0.05827, -0.18934, 0.68958, -0.11266, 0.28545, -0.60593, 0.11075, -0.10241
99.36470, -0.04824, 0.03087, 0.32871, -0.40637, 0.83548, -1.08297, -0.36855, -0.29202
99.63813, -0.06010, 0.05283, -0.41725, 0.25695, -0.08672, -0.76553, -0.21718, -0.37395
99.99647, -0.07410, -0.04452, -0.53426, 0.47464, -0.48082, -0.03316, 0.34221, -0.07524
100.36930, -0.06088, -0.11146, 0.09923, 0.29220, -0.42298, 0.25723, 0.13967, -0.07323
100.70360, -0.05164, -0.09891, 0.66475, -0.29318, 0.25992, -0.19721, -0.11008, -0.20431
100.97484, -0.06677, 0.11827, 0.21939, -0.36967, 0.76867, -1.06879, -0.46320, -0.42746
101.27280, -0.09135, 0.20345, -0.35287, -0.21499, -0.10396, -0.87482, -0.77449, -0.51759
101.63908, -0.13617, 0.08461, -0.55851, 0.08212, -0.47124, 0.15232, -0.02725, -0.11174
102.00226, -0.12979, -0.16539, -0.31627, 0.44670, -0.41866, 0.36123, 0.38956, 0.12366
102.33409, -0.08644, -0.25178, 0.36098, 0.55685, -0.34953, -0.01481, 0.23207, 0.21755
102.64729, -0.06384, -0.17875, 0.78188, -0.23991, 0.44418, -0.77485, 0.20305, -0.21802
102.94412, -0.05447, -0.00550, 0.39818, -0.30959, 0.85035, -1.02727, -0.30428, -0.56542
103.22241, -0.06103, 0.00283, -0.42444, 0.41430, -0.23572, -0.53334, -0.19809, -0.42303
103.59357, -0.07482, -0.05168, -0.52526, 0.49909, -0.44146, 0.16397, 0.42858, 0.11456
103.97252, -0.06060, -0.07136, 0.10787, 0.23347, -0.41930, 0.35904, 0.23051, 0.11987
104.29659, -0.05948, -0.03388, 0.55992, -0.36107, 0.28456, -0.20476, -0.14232, -0.11704
104.56968, -0.10234, 0.17099, 0.15677, -0.34036, 0.76706, -1.14823, -0.49262, -0.41723
104.87682, -0.13489, 0.17893, -0.31634, -0.11416, -0.12521, -0.70897, -0.38017, -0.52896
105.23627, -0.18755, -0.02462, -0.57886, 0.21148, -0.47488, 0.33934, -0.05195, -0.50179
105.58125, -0.10162, -0.09808, 0.03977, 0.46942, -0.43955, 0.43885, -0.02397, -0.46504
105.88280, 0.00517, -0.08708, 0.76303, -0.23143, 0.33495, -0.32593, 0.35407, -0.17371
106.11974, 0.04343, -0.02177, 0.21052, 0.22326, 0.78551, -0.57255, 0.18509, -0.13047
106.37325, 0.04033, 0.02515, -0.39948, 0.69734, -0.17714, -0.46261, -0.37593, -0.12108
106.68925, 0.05715, 0.12074, -0.01379, 0.26785, -0.51188, -0.53670, -0.65354, -0.27287
106.98869, 0.05387, 0.21498, 0.16744, -0.36810, -0.24729, -0.76242, -0.58575, -0.53545
107.24739, 0.00851, 0.18922, -0.26809, -0.07365, -0.28219, -0.65014, -0.13180, -0.47398
107.56437, -0.07643, 0.00595, -0.54628, 0.46240, -0.42899, 0.02448, 0.30206, 0.00230
107.90327, -0.10526, -0.16465, 0.14585, 0.40107, -0.41699, 0.28191, 0.03601, 0.08137
108.21562, -0.09837, -0.15540, 0.73179, -0.09878, 0.11538, -0.28841, -0.10450, -0.19435
108.47382, -0.10394, 0.09105, 0.29342, -0.33118, 0.84796, -1.12329, -0.38593, -0.51644
108.74937, -0.11665, 0.18684, -0.35141, -0.03884, -0.09874, -0.80760, -0.67016, -0.51523
109.09196, -0.14333, 0.08351, -0.56263, 0.23151, -0.47686, 0.21456, -0.20156, -0.24930
109.44310, -0.11677, -0.08704, 0.07431, 0.29074, -0.42176, 0.38681, -0.10868, -0.42398
109.75607, -0.06983, -0.12917, 0.68280, -0.20094, 0.18510, -0.32545, -0.01297, -0.16173
110.01691, -0.06941, 0.02589, 0.30529, -0.27897, 0.72439, -1.11773, -0.26869, -0.09834
110.29940, -0.08045, 0.07250, -0.29284, -0.06358, -0.10220, -0.89998, -0.70166, -0.46020
110.62348, -0.10756, -0.07472, -0.59261, 0.16157, -0.46238, -0.09014, -0.14100, -0.25472
110.99437, -0.11380, -0.22090, -0.26827, 0.47524, -0.45130, 0.16456, 0.64415, 0.31380
111.33434, -0.05953, -0.18932, 0.43684, 0.30475, -0.05597, 0.10233, 0.31298, 0.24205
111.61111, -0.03369, -0.04303, 0.61317, -0.40323, 0.63626, -0.53927, -0.05452, -0.32642
111.86156, -0.05120, 0.15039, 0.08263, -0.44825, 0.60587, -1.04800, -0.54816, -0.51896
112.12647, -0.10221, 0.06324, -0.63176, 0.25358, -0.37179, -0.54937, -0.23611, -0.51269
112.49478, -0.13435, -0.11818, -0.47091, 0.48183, -0.47183, 0.26898, 0.27514, -0.25389
112.84366, -0.10327, -0.20681, 0.20133, 0.56954, -0.43743, 0.37836, 0.13814, -0.18358
113.14230, -0.04209, -0.14524, 0.68826, -0.21058, 0.35706, -0.40108, 0.33540, -0.24848
113.38868, -0.05923, 0.01998, 0.17421, -0.08530, 0.77238, -1.02264, -0.15045, -0.36040
113.66634, -0.10863, 0.05477, -0.46672, 0.42223, -0.13128, -0.92002, -0.78063, -0.51424
113.98228, -0.13102, -0.03098, -0.52997, 0.39290, -0.47760, -0.33151, -0.23859, -0.49288
114.37362, -0.13390, -0.13913, 0.02206, 0.53091, -0.43441, 0.29845, 0.39993, -0.13816
114.72722, -0.07760, -0.12192, 0.65281, -0.15002, 0.19433, 0.34418, 0.18115, -0.05820
114.99115, -0.04916, -0.01766, 0.62293, -0.45523, 0.65786, -0.23775, -0.30224, -0.24724
115.21942, -0.06690, 0.17037, -0.01422, -0.21408, -0.10431, -1.05519, -0.61885, -0.51647
115.50148, -0.09179, 0.08058, -0.57492, 0.15348, -0.44799, -0.45605, -0.23023, -0.49405
115.88171, -0.11369, -0.08679, -0.30746, 0.35832, -0.41846, 0.26468, 0.41339, -0.07387
116.23923, -0.10286, -0.21524, 0.39309, 0.46174, -0.41065, 0.37984, 0.24935, 0.03750
116.52637, -0.07500, -0.15186, 0.64774, -0.15038, 0.42623, -0.30245, -0.02712, -0.18555
116.78066, -0.07928, 0.09716, 0.17710, -0.37312, 0.81838, -1.07384, -0.48481, -0.49605
117.07108, -0.07495, 0.13324, -0.36220, 0.38923, -0.13248, -0.53863, -0.30385, -0.51774
117.41836, -0.06524, 0.10833, -0.55210, 0.47162, -0.48287, 0.23867, 0.14734, -0.24389
117.77599, -0.00880, 0.09823, 0.03831, 0.07154, -0.42256, 0.36937, 0.08916, -0.16684
118.08796, 0.02687, 0.10268, 0.52653, -0.47311, 0.01219, -0.16810, -0.16840, -0.21545
118.33828, 0.00579, 0.21154, 0.14505, -0.41894, 0.48705, -0.99488, -0.48888, -0.37781
118.61770, -0.03699, 0.21060, -0.31085, -0.29182, -0.12876, -0.93558, -0.72604, -0.53513
118.95304, -0.10195, -0.03211, -0.58016, 0.16295, -0.44667, 0.06436, -0.07194, -0.04538
119.33394, -0.11003, -0.18843, 0.00790, 0.49263, -0.47762, 0.21696, 0.51176, 0.42538
119.67455, -0.06057, -0.12260, 0.66457, -0.17697, 0.29570, -0.08815, 0.13077, 0.21442
119.92590, -0.06350, 0.10846, 0.26418, -0.50264, 0.81581, -0.92453, -0.50260, -0.44221
120.20615, -0.08130, 0.21230, -0.26676, -0.27240, -0.11670, -0.96360, -0.84298, -0.52371
120.54499, -0.11357, 0.07121, -0.58919, 0.19027, -0.47925, 0.09495, -0.05961, -0.17244
120.89197, -0.10241, -0.15045, -0.31843, 0.45959, -0.42023, 0.25776, 0.41045, 0.00432
121.21823, -0.07986, -0.25724, 0.32133, 0.49008, -0.29636, -0.02561, 0.20800, 0.35334
121.52776, -0.06919, -0.20777, 0.76122, -0.14883, 0.44985, -0.70932, 0.15897, 0.01664
121.81335, -0.06389, -0.01122, 0.35339, -0.30587, 0.82657, -1.07217, -0.21961, -0.59168
122.08958, -0.05693, 0.07647, -0.34351, 0.33313, -0.09680, -0.77189, -0.14835, -0.52372
122.43907, -0.04596, 0.08267, -0.53571, 0.49055, -0.46408, -0.05590, 0.23673, -0.07166
122.80831, 0.01059, 0.11168, 0.06133, -0.01598, -0.41737, 0.23869, -0.00817, -0.15268
123.13056, 0.03833, 0.12756, 0.54469, -0.53304, -0.11859, -0.19330, -0.17423, -0.33865
123.38328, 0.01771, 0.23749, 0.13933, -0.37697, 0.24267, -0.97122, -0.44396, -0.47883
123.66042, -0.02453, 0.25564, -0.36051, -0.27045, -0.20259, -0.93322, -0.69549, -0.50376
124.00255, -0.08517, 0.04268, -0.54628, 0.12481, -0.44134, 0.01755, -0.04946, -0.07111
124.36810, -0.12860, -0.18963, -0.16580, 0.45336, -0.41556, 0.26141, 0.49459, 0.34301
124.70099, -0.08259, -0.15149, 0.50056, 0.10366, 0.06208, -0.06382, 0.15617, 0.19779
124.96370, -0.07617, 0.06994, 0.30918, -0.38518, 0.84505, -0.90989, -0.33907, -0.37745
125.25680, -0.08566, 0.19776, -0.02544, -0.36915, -0.00720, -0.97025, -0.75848, -0.52842
125.57175, -0.12685, 0.06184, -0.58405, 0.33343, -0.44934, 0.01369, -0.14693, -0.04316
125.91267, -0.10475, -0.13841, -0.19761, 0.45360, -0.41481, 0.28507, 0.05379, 0.12737
126.23977, -0.02701, -0.14078, 0.48448, -0.08588, 0.06928, -0.14851, 0.09014, 0.07264
126.50465, 0.00781, 0.00068, 0.29773, -0.32648, 0.73622, -0.87057, -0.12236, -0.11464
126.78072, 0.00925, 0.10045, -0.20801, -0.14949, -0.00896, -0.98672, -0.58170, -0.34830
127.07692, -0.00711, 0.05255, -0.58012, 0.06598, -0.51617, -0.65762, -0.42999, -0.52088
127.41849, -0.02259, -0.05771, -0.49714, 0.34796, -0.42885, -0.38159, 0.38542, 0.03358
127.78911, -0.06489, -0.06344, 0.08177, 0.33528, -0.41661, -0.17261, 0.39228, 0.32668
128.13166, -0.13812, 0.02686, 0.59969, -0.37526, 0.31641, -0.25801, -0.21449, -0.07941
128.39712, -0.23572, 0.24086, 0.23401, -0.33386, 0.81652, -0.91541, -0.65479, -0.54293
128.65555, -0.22822, 0.12082, -0.21840, 0.54535, -0.02373, -0.18786, -0.39470, -0.43586
128.92106, -0.15374, -0.06350, 0.00682, 0.46988, -0.45778, 0.17817, -0.19005, -0.27605
129.17523, -0.04930, -0.11762, 0.49213, -0.06204, 0.18223, -0.27046, -0.00678, 0.12785
129.38973, 0.01387, -0.13650, 0.14360, 0.31185, 0.49480, -0.52095, 0.19187, 0.39189
129.60151, 0.04288, -0.17219, -0.49809, 0.68077, -0.21668, -0.51280, 0.43261, 0.06299
129.85795, 0.08376, -0.14952, -0.39258, 0.36784, -0.48029, -0.42302, 0.24912, -0.09033
130.14847, 0.12097, -0.13952, 0.28716, -0.15593, -0.42087, -0.50029, 0.33880, 0.01679
130.42187, 0.09432, -0.17749, 0.66452, -0.31667, -0.14427, -0.64237, 0.34933, 0.35088
130.62244, 0.01173, -0.15474, 0.02127, 0.43606, -0.20238, -0.81367, 0.00374, 0.48503
130.87964, -0.07624, -0.15653, -0.06613, 0.61636, -0.44402, -0.68443, -0.45274, -0.05310
131.19296, -0.10588, -0.05386, 0.45889, -0.05927, 0.11959, -0.62268, -0.67748, -0.60231
131.47618, -0.09529, 0.11531, 0.27599, -0.28077, 0.32893, -0.33176, -0.19978, -0.51148
131.73273, -0.11310, 0.10958, -0.44700, 0.37920, -0.31494, 0.34537, -0.08019, -0.44515
132.00969, -0.07353, 0.07648, -0.24350, 0.31904, -0.44090, 0.35305, -0.00019, -0.30632
132.28513, -0.02732, 0.12334, 0.34349, -0.43895, 0.17315, -0.11356, -0.20789, -0.26345
132.49342, -0.04882, 0.20840, 0.06770, -0.47803, 0.71336, -0.80569, -0.49397, -0.32954
132.71189, -0.10859, 0.22937, -0.37948, -0.26675, -0.10295, -1.00996, -0.65133, -0.47306
133.00672, -0.17645, -0.00956, -0.54051, 0.21904, -0.46763, 0.03730, -0.04459, -0.40835
133.31668, -0.13934, -0.11361, 0.03557, 0.60006, -0.44076, 0.38526, 0.00403, -0.43943
133.58090, -0.06947, -0.07180, 0.70015, -0.22831, 0.36797, -0.11518, -0.06805, -0.21449
133.75853, -0.04891, 0.06542, 0.24829, -0.28205, 0.68407, -0.81394, -0.06923, -0.23109
133.94420, -0.08526, 0.12033, -0.48796, 0.13866, -0.25238, -0.92586, -0.30196, -0.35665
134.20845, -0.11634, 0.06239, -0.54037, 0.23923, -0.43834, -0.46327, -0.29615, -0.49807
134.51203, -0.16679, -0.09126, -0.40244, 0.55705, -0.41627, 0.25652, 0.12632, -0.20921
134.78835, -0.14748, -0.19588, 0.20936, 0.61172, -0.42208, 0.29087, -0.00623, -0.15651
135.03570, -0.10297, -0.12148, 0.65048, -0.10560, 0.23012, -0.43964, -0.10862, -0.22914
135.25884, -0.08054, 0.10971, 0.27388, -0.41837, 0.83599, -1.09034, -0.47210, -0.42919
135.49090, -0.07714, 0.08494, -0.41451, 0.27139, -0.11093, -0.49545, -0.24939, -0.52227
135.80111, -0.08879, -0.03051, -0.55505, 0.48556, -0.48727, 0.28109, 0.25254, -0.19576
136.12093, -0.06280, -0.11598, 0.12243, 0.27803, -0.42422, 0.42956, 0.14954, -0.09231
136.39634, -0.03581, -0.12532, 0.65390, -0.27707, 0.23805, -0.21614, -0.03793, 0.15102
136.62614, -0.04301, 0.08725, 0.23602, -0.36917, 0.72211, -1.11310, -0.41387, 0.07463
136.89030, -0.05708, 0.17112, -0.28991, -0.26101, -0.10312, -0.91381, -0.78230, -0.47568
137.20038, -0.09284, 0.04494, -0.60334, 0.07872, -0.46533, 0.01602, -0.09836, -0.25882
137.53729, -0.10187, -0.15533, -0.38386, 0.44315, -0.41791, 0.23649, 0.51434, 0.20683
137.85171, -0.08700, -0.27890, 0.29811, 0.50936, -0.44010, 0.07386, 0.26095, 0.24560
138.14674, -0.06541, -0.21681, 0.73722, -0.08779, 0.27924, -0.61584, 0.17623, -0.23968
138.42548, -0.05275, 0.00017, 0.36923, -0.31615, 0.83199, -1.04454, -0.33179, -0.55918
138.69209, -0.04992, 0.06315, -0.35921, 0.27414, -0.11088, -0.69146, -0.30880, -0.51408
139.03622, -0.05688, 0.01411, -0.56027, 0.45224, -0.48108, 0.05712, 0.29403, -0.03949
139.40245, -0.03093, 0.06087, 0.11395, -0.10885, -0.42210, 0.29225, 0.21838, 0.04096
139.71542, -0.04057, 0.09033, 0.59575, -0.62883, 0.29614, -0.11270, -0.11739, -0.20906
139.95149, -0.10512, 0.21335, 0.12659, -0.35211, 0.81284, -0.96969, -0.43267, -0.50572
140.23591, -0.18434, 0.10908, -0.39646, 0.26537, -0.11285, -0.45108, -0.22144, -0.52069
140.59652, -0.20125, -0.06495, -0.08955, 0.62482, -0.50559, 0.55164, -0.05813, -0.57136
140.92366, -0.13055, -0.06383, 0.59894, -0.12496, 0.25756, 0.43517, 0.17139, -0.32290
141.16312, -0.11124, -0.04157, 0.54248, -0.07681, 0.71399, 0.03153, -0.19326, -0.21725
141.34612, -0.14243, 0.05743, -0.20128, 0.53303, -0.06934, -0.68570, -0.50165, -0.31670
141.61179, -0.17451, 0.13673, -0.25636, 0.34209, -0.44720, -1.00196, -0.63052, -0.51993
141.91627, -0.16980, 0.20945, -0.02609, -0.07003, 0.19202, -0.78743, -0.51887, -0.51291
142.21116, -0.16109, 0.16815, -0.12992, 0.42869, -0.00730, 0.00015, -0.24575, -0.63571
142.46758, -0.12110, 0.10579, 0.00958, 0.52979, -0.50642, 0.21774, -0.31185, -0.24523
142.72155, -0.05987, 0.14852, 0.44324, -0.32633, 0.22183, -0.28340, -0.26762, -0.02184
142.94423, -0.04880, 0.17900, 0.22627, -0.47406, 0.79895, -0.36918, -0.32803, -0.27984
143.16085, -0.10016, 0.05032, -0.45394, 0.37379, -0.12174, 0.07766, 0.01685, -0.13370
143.41012, -0.10459, -0.09384, -0.20749, 0.38519, -0.49698, 0.21349, 0.05825, -0.14551
143.66658, -0.05213, -0.03655, 0.42051, -0.21405, -0.01625, -0.30257, -0.15034, -0.29555
143.88415, -0.02873, 0.15824, 0.22479, -0.40121, 0.44541, -1.05886, -0.49562, -0.45733
144.11103, -0.01176, 0.24631, -0.23997, -0.29891, -0.15772, -0.88371, -0.74824, -0.51724
144.37997, -0.02135, 0.14227, -0.57494, 0.10642, -0.44869, -0.03959, -0.02537, -0.02823
144.67628, -0.02194, 0.00410, -0.46166, 0.43932, -0.41616, 0.06205, 0.74693, 0.49183
144.98974, -0.02355, -0.07612, 0.22795, 0.39774, -0.41858, 0.42234, 0.11803, 0.30248
145.24393, -0.02598, -0.06315, 0.54850, -0.28725, 0.36717, 0.00205, -0.41664, -0.32487
145.43713, -0.06475, 0.09316, 0.12546, -0.27694, 0.82485, -1.09190, -0.47684, -0.49663
145.67708, -0.08561, 0.10671, -0.23192, -0.04114, -0.17555, -0.79382, -0.11867, -0.45168
145.96897, -0.13372, -0.07006, -0.56611, 0.34154, -0.49106, 0.10939, 0.11615, -0.22894
146.27640, -0.10328, -0.17359, -0.02238, 0.40098, -0.46101, 0.32083, -0.02415, -0.25309
146.55196, -0.01951, -0.12039, 0.60901, -0.27718, 0.27260, -0.33372, 0.18750, -0.26973
146.76409, -0.01598, -0.04061, 0.15984, 0.15626, 0.51827, -0.81921, 0.10571, -0.24119
146.99173, -0.05384, 0.00574, -0.52141, 0.71833, -0.29116, -0.81909, -0.44099, -0.29026
147.29668, -0.04960, 0.07642, -0.12077, 0.35740, -0.44079, -0.62268, -0.76666, -0.44884
147.61247, -0.06441, 0.12462, 0.48396, -0.47391, 0.23854, -0.57841, -0.61655, -0.51745
147.89143, -0.11333, 0.11603, 0.25311, -0.33237, 0.82516, -0.04598, -0.19997, -0.50977
148.13960, -0.16540, 0.02602, -0.32682, 0.66826, 0.01117, 0.55946, -0.08230, -0.43590
148.40255, -0.14274, -0.04591, -0.02110, 0.58965, -0.45930, 0.44964, 0.11175, -0.15846
148.65274, -0.08237, -0.02353, 0.55772, -0.33428, 0.26768, -0.15012, 0.03450, -0.10437
148.84995, -0.06591, 0.17459, 0.20587, -0.44974, 0.76018, -0.97037, -0.40682, -0.33798
149.07445, -0.06927, 0.26611, -0.31238, -0.28105, -0.00267, -0.94078, -0.80054, -0.53105
149.35431, -0.09135, 0.12176, -0.59051, 0.12628, -0.51883, 0.06792, -0.11702, -0.05326
149.64352, -0.08616, -0.10864, -0.42061, 0.48281, -0.42845, 0.24230, 0.23810, 0.20196
149.92036, -0.07773, -0.25077, 0.25544, 0.43296, -0.41632, -0.00024, 0.11070, 0.19404
150.19504, -0.06296, -0.21376, 0.74474, -0.07251, 0.08446, -0.66424, 0.09842, -0.27866
150.45218, -0.04376, -0.02894, 0.43509, -0.37416, 0.71305, -1.04979, -0.21645, -0.54400
150.69290, -0.03581, 0.02474, -0.29008, 0.34351, -0.00700, -0.72422, -0.10196, -0.49387
150.99524, -0.04087, 0.03426, -0.55273, 0.51184, -0.51917, -0.23271, 0.49504, 0.08874
151.29328, 0.00193, 0.00700, -0.43838, 0.27372, -0.36641, -0.13787, 0.61504, 0.54700
151.61146, 0.01466, -0.01012, 0.01297, 0.19209, -0.42839, 0.12678, 0.05816, 0.13533
151.89978, 0.01398, 0.01833, 0.41072, -0.31227, 0.19664, -0.22076, -0.18544, -0.54837
152.13153, -0.02815, 0.10683, 0.08721, -0.43033, 0.69942, -0.82805, -0.35484, -0.49606
152.37692, -0.11321, 0.01076, -0.48347, 0.19062, -0.07025, -0.67261, -0.04131, -0.47796
152.70700, -0.18147, -0.17790, -0.51634, 0.61469, -0.47951, 0.11143, 0.33579, -0.32275
153.00708, -0.13530, -0.17454, 0.11240, 0.51895, -0.40908, 0.29311, -0.00848, -0.42693
153.27468, -0.07660, -0.04738, 0.60568, -0.29523, 0.20190, -0.35522, -0.31612, -0.39707
153.49837, -0.05915, 0.14702, 0.20440, -0.47098, 0.79149, -0.99418, -0.56469, -0.41486
153.72691, -0.06863, 0.11919, -0.48482, 0.17094, -0.11407, -0.60842, -0.17462, -0.52254
154.04820, -0.08682, -0.02809, -0.54096, 0.41644, -0.48585, 0.18341, 0.26825, -0.19487
154.37454, -0.07636, -0.14849, 0.10900, 0.31647, -0.42180, 0.37029, 0.15856, -0.10670
154.66333, -0.04431, -0.14235, 0.62834, -0.16771, 0.16506, -0.23856, 0.13414, -0.25824
154.90173, -0.04172, 0.09195, 0.20225, -0.39139, 0.76232, -1.06041, -0.32362, -0.41012
155.17150, -0.05467, 0.19716, -0.31794, -0.33026, -0.06649, -0.91689, -0.83662, -0.52446
155.49767, -0.08486, 0.07535, -0.54850, 0.04581, -0.46186, 0.08431, -0.15063, -0.09393
155.83799, -0.10482, -0.10165, -0.43486, 0.50236, -0.41796, 0.24023, 0.47477, 0.43296
156.16866, -0.10715, -0.20880, 0.23078, 0.46201, -0.41836, 0.19602, 0.14314, 0.34612
156.48518, -0.10171, -0.15421, 0.73750, -0.11987, 0.20903, -0.38295, -0.18756, -0.17861
156.76098, -0.10601, 0.08259, 0.30523, -0.32369, 0.87332, -1.10695, -0.48986, -0.54071
157.05245, -0.10433, 0.10322, -0.35126, 0.43231, -0.01898, -0.49908, -0.18177, -0.50948
157.40606, -0.10067, 0.02029, -0.53620, 0.60828, -0.44725, 0.34948, 0.08960, -0.41895
157.76120, -0.05292, -0.03061, 0.09884, 0.28403, -0.41985, 0.46686, 0.13507, -0.24359
158.06424, -0.01583, -0.03718, 0.60081, -0.43147, 0.32078, -0.17995, -0.07422, -0.05895
158.30550, -0.04187, 0.05910, 0.20211, -0.35407, 0.84371, -1.06570, 0.05397, -0.24028
158.59831, -0.07165, 0.12179, -0.21626, -0.03845, 0.00302, -0.88255, -0.38510, -0.54832
158.92741, -0.11987, 0.02526, -0.58280, 0.30253, -0.46524, 0.01209, -0.13472, -0.27156
159.27624, -0.12210, -0.14359, -0.30173, 0.41574, -0.41492, 0.34865, 0.36374, 0.07648
159.59678, -0.08948, -0.22664, 0.35453, 0.51999, -0.40381, 0.18125, 0.23224, 0.13864
159.87329, -0.06290, -0.14792, 0.64390, -0.20585, 0.39709, -0.51780, 0.11417, -0.27352
160.12504, -0.06751, 0.06162, 0.25482, -0.30918, 0.80819, -1.10430, -0.24188, -0.53011
160.39077, -0.08254, 0.04385, -0.38579, 0.28117, -0.24711, -0.54672, -0.14383, -0.51416
160.72847, -0.11000, -0.07229, -0.56012, 0.45582, -0.44107, 0.24875, 0.22427, -0.20038
161.07456, -0.09644, -0.15845, 0.10963, 0.30789, -0.44026, 0.39870, 0.09054, -0.12945
161.38342, -0.05924, -0.11393, 0.66914, -0.25129, 0.17101, -0.26681, -0.05525, -0.11744
161.63653, -0.06948, 0.10089, 0.22741, -0.42611, 0.77849, -1.10066, -0.41582, -0.29777
161.91201, -0.07808, 0.15641, -0.34738, 0.00593, -0.03475, -0.88198, -0.31022, -0.52631
162.25911, -0.09535, 0.03851, -0.56671, 0.34456, -0.45154, 0.02916, 0.13932, -0.13360
162.62121, -0.07635, -0.08917, -0.02429, 0.35483, -0.41769, 0.36718, -0.06642, -0.14270
162.94975, -0.03313, -0.12630, 0.60397, -0.21879, 0.22281, -0.22730, 0.10311, -0.12359
163.22384, -0.02140, 0.04516, 0.29844, -0.34476, 0.72052, -0.99152, -0.09410, -0.19356
163.52118, -0.03019, 0.16451, -0.21186, -0.27776, -0.09966, -0.96206, -0.66778, -0.45352
163.84969, -0.05425, 0.07157, -0.56729, -0.00175, -0.46108, -0.25651, -0.21952, -0.29818
164.21262, -0.06181, -0.11784, -0.46525, 0.36246, -0.41894, 0.08823, 0.48941, 0.20632
164.56585, -0.04602, -0.28347, 0.20354, 0.40780, -0.41908, 0.24434, 0.23193, 0.19690
164.88815, -0.00795, -0.28680, 0.74699, -0.08120, 0.18491, -0.28517, 0.11954, -0.29508
165.17074, -0.00178, -0.12301, 0.54394, -0.29972, 0.71601, -1.07017, 0.01695, -0.51634
165.46236, -0.00325, -0.02969, -0.03674, -0.03188, -0.09825, -0.93596, -0.45904, -0.48651
165.75873, -0.03653, -0.07740, -0.61555, 0.26357, -0.45029, -0.59550, -0.12946, -0.20584
166.13140, -0.05948, -0.14142, -0.38631, 0.38329, -0.41924, -0.28489, 0.61647, 0.41247
166.52295, -0.10873, -0.12923, 0.27561, 0.25913, -0.41716, 0.11393, 0.38866, 0.50657
166.85705, -0.11232, -0.06999, 0.73568, -0.26053, 0.20104, 0.20120, -0.03463, 0.21098
167.08297, -0.11990, 0.16591, 0.27356, -0.33936, 0.63179, -0.60346, -0.41381, -0.43847
167.33380, -0.15232, 0.39447, -0.25635, -0.24574, 0.23745, -1.05614, -0.71616, -0.51975
167.63059, -0.18307, 0.29886, -0.59842, 0.19578, -0.51497, 0.02094, -0.64453, -0.54525
167.93803, -0.16958, 0.06320, -0.38118, 0.45831, -0.43655, 0.75169, -0.07941, -0.47813
168.23442, -0.13579, -0.14750, 0.32835, 0.37388, -0.41473, 0.64082, 0.35915, -0.23745
168.47658, -0.08367, -0.19186, 0.70858, -0.06137, 0.25263, 0.01284, 0.05761, -0.06330
168.65657, -0.07956, -0.00368, 0.16266, -0.12363, 0.73754, -1.04391, -0.20936, -0.05434
168.90212, -0.08915, 0.06195, -0.32087, 0.18810, -0.10737, -0.91750, -0.62746, -0.37997
169.17909, -0.09797, -0.02176, -0.56603, 0.34819, -0.46515, -0.22708, -0.10990, -0.41450
169.49703, -0.10805, -0.15959, -0.38788, 0.48132, -0.41878, 0.23500, 0.42269, -0.05511
169.79713, -0.08474, -0.23340, 0.23010, 0.46550, -0.43000, 0.23539, 0.19407, 0.07977
170.05665, -0.04895, -0.15036, 0.59551, -0.14739, 0.32005, -0.46596, 0.12923, -0.21132
170.30544, -0.04458, 0.07248, 0.36060, -0.46404, 0.59947, -1.07427, -0.35452, -0.36307
170.55850, -0.05207, 0.19067, -0.17514, -0.32416, -0.20202, -0.90449, -0.83008, -0.49058
170.85270, -0.08297, 0.10032, -0.57648, 0.07285, -0.47329, 0.05838, -0.13164, -0.14763
171.17570, -0.09235, -0.03885, -0.44522, 0.40867, -0.41944, 0.28069, 0.32635, 0.37224
171.49736, -0.09183, -0.13832, 0.18262, 0.41209, -0.41720, 0.38677, -0.04770, 0.24130
171.78365, -0.08603, -0.11491, 0.61051, -0.12619, 0.22311, -0.18604, -0.33878, -0.35857
172.02795, -0.08730, 0.10458, 0.18354, -0.34361, 0.76170, -1.06749, -0.47576, -0.52768
172.29834, -0.10931, 0.05574, -0.45824, 0.28432, -0.13196, -0.55332, -0.05461, -0.51302
172.64695, -0.13354, -0.12060, -0.52496, 0.53059, -0.49283, 0.30072, 0.20119, -0.35214
172.98450, -0.09771, -0.20214, 0.08766, 0.46702, -0.44782, 0.40258, 0.15402, -0.16724
173.28509, -0.03020, -0.13887, 0.67745, -0.27199, 0.33791, -0.24726, 0.10053, -0.08255
173.51552, -0.02627, 0.05045, 0.21221, -0.37223, 0.82266, -1.03158, -0.12395, -0.18364
173.77774, -0.05418, 0.12258, -0.40055, -0.11328, -0.14779, -0.89847, -0.62913, -0.49387
174.09692, -0.08369, 0.00758, -0.57579, 0.11610, -0.48411, -0.11855, -0.16556, -0.28887
174.43771, -0.09506, -0.17348, -0.32786, 0.42034, -0.42093, 0.11420, 0.59265, 0.28873
174.75350, -0.07114, -0.29242, 0.33835, 0.53127, -0.42075, 0.04318, 0.29143, 0.52500
175.03856, -0.04633, -0.25397, 0.78087, -0.13284, 0.39454, -0.59558, 0.23427, 0.26789
175.28601, -0.03835, -0.07021, 0.26315, -0.16600, 0.80982, -1.03336, 0.01361, -0.22845
175.55060, -0.06190, 0.01061, -0.39399, 0.14703, -0.24352, -0.77214, -0.53566, -0.54473
175.87438, -0.08627, -0.06406, -0.56444, 0.30703, -0.44332, 0.01311, -0.14247, -0.14147
176.21669, -0.10679, -0.14841, -0.30262, 0.43135, -0.41762, 0.14332, 0.67425, 0.47558
176.54660, -0.11568, -0.17676, 0.28890, 0.45886, -0.42283, 0.20507, 0.25503, 0.29127
176.82831, -0.12361, -0.02821, 0.50894, -0.14853, 0.36125, -0.36717, -0.37367, -0.36646
177.08529, -0.14877, 0.21252, 0.11379, -0.38775, 0.84510, -1.12584, -0.69792, -0.54053
177.39020, -0.17014, 0.17777, -0.33716, 0.56240, -0.06661, -0.11072, -0.12955, -0.48966
177.69948, -0.15337, 0.05209, -0.46699, 0.77492, -0.44661, 0.61774, -0.06867, -0.43504
178.01418, -0.08652, -0.01887, 0.16989, 0.32506, -0.41741, 0.43854, 0.20070, -0.04447
178.27758, -0.04311, -0.01627, 0.58397, -0.44100, 0.33198, -0.26023, -0.02668, -0.05652
178.49059, -0.06761, 0.09462, 0.14948, -0.33612, 0.82882, -1.11528, -0.10238, -0.33785
178.74756, -0.12409, 0.03094, -0.42353, 0.31672, -0.15320, -0.80567, -0.42473, -0.49311
179.05691, -0.17500, -0.03372, -0.31202, 0.38410, -0.50034, -0.42192, -0.58204, -0.47481
179.40310, -0.14717, 0.11466, 0.38175, -0.18302, -0.04691, -0.47955, -0.51155, -0.45229
179.72441, -0.14297, 0.24762, 0.34060, -0.43033, 0.74360, -0.08923, -0.31095, -0.50032
179.96698, -0.14164, 0.19806, -0.40962, 0.43478, -0.03340, 0.54708, -0.37098, -0.47666
180.25488, -0.09860, 0.12558, -0.20675, 0.37014, -0.44593, 0.46177, 0.04378, -0.22690
180.56706, -0.05204, 0.12133, 0.49323, -0.48416, 0.30191, 0.34569, -0.11826, -0.20056
180.79674, -0.05365, 0.13742, 0.29703, -0.48925, 0.79763, 0.01896, -0.51970, -0.39867
180.97454, -0.12085, 0.10466, -0.49362, 0.40494, -0.16701, -0.63877, -0.47056, -0.48047
181.25746, -0.18059, 0.08119, -0.22682, 0.46392, -0.51681, -0.83294, -0.44181, -0.48164
181.59941, -0.20762, 0.12079, 0.42734, -0.15555, 0.19240, -0.74817, -0.49401, -0.51280
181.91791, -0.20108, 0.17367, 0.24900, -0.21268, 0.74794, -0.10314, -0.30833, -0.63193
182.17220, -0.17901, 0.07374, -0.32594, 0.66682, 0.04120, 0.57298, -0.32925, -0.40431
182.45138, -0.09520, 0.03644, 0.04329, 0.67316, -0.51329, 0.34422, 0.05587, -0.07615
182.72602, -0.00799, 0.11981, 0.57794, -0.34998, 0.09336, -0.27941, 0.02921, 0.02250
182.94741, 0.01064, 0.23593, 0.36581, -0.51801, 0.64819, -0.86003, -0.27461, -0.19704
183.16648, -0.00556, 0.30008, -0.18668, -0.20239, -0.08172, -0.99866, -0.62372, -0.51236
183.42454, -0.03735, 0.14369, -0.55910, 0.18909, -0.44748, -0.31563, -0.18407, -0.25181
183.72965, -0.06891, -0.07948, -0.44735, 0.50472, -0.41795, 0.13341, 0.40786, 0.08643
184.02402, -0.07862, -0.25061, 0.22565, 0.41963, -0.41936, 0.21674, 0.18093, 0.01960
184.29780, -0.05886, -0.20945, 0.71576, -0.06839, 0.10266, -0.37712, -0.18741, -0.28479
184.54089, -0.04667, 0.01084, 0.35304, -0.37723, 0.71032, -1.09915, -0.49680, -0.54700
184.78015, -0.04977, -0.01564, -0.39431, 0.34967, -0.12088, -0.63204, -0.12692, -0.51285
185.09462, -0.06945, -0.06502, -0.56776, 0.50315, -0.47353, -0.14632, 0.62093, 0.11382
185.41746, -0.06054, -0.06812, -0.16876, 0.31721, -0.42114, 0.05300, 0.38831, 0.34978
185.72436, -0.05401, 0.02237, 0.38939, -0.39791, 0.14251, -0.19226, -0.15020, -0.04851
185.98399, -0.07473, 0.22843, 0.15548, -0.40698, 0.65282, -0.92755, -0.59304, -0.58305
186.25388, -0.10081, 0.34444, -0.27296, -0.23240, -0.06832, -0.91868, -0.76087, -0.52267
186.56975, -0.13670, 0.21557, -0.55687, 0.20269, -0.44709, 0.11147, -0.28331, -0.26095
186.89710, -0.10393, -0.00102, 0.07551, 0.31119, -0.41556, 0.40842, -0.24036, -0.46683
187.17543, -0.06602, -0.13121, 0.71913, -0.30022, 0.29268, -0.28935, -0.08979, -0.39024
187.39339, -0.08372, -0.13758, 0.33677, 0.10184, 0.82145, -0.99389, 0.20792, 0.02974
187.63871, -0.13204, -0.18724, -0.28342, 0.66911, -0.18602, -0.83918, -0.25143, 0.32858
187.94948, -0.13804, -0.20197, -0.00573, 0.64686, -0.50740, -0.49476, -0.69110, 0.45099
188.26946, -0.09874, -0.07905, 0.60498, -0.18093, 0.26038, -0.52638, -0.55439, -0.03152
188.53063, -0.07913, 0.10952, 0.29348, -0.45057, 0.82297, -0.54057, -0.36885, -0.56194
188.78693, -0.11087, 0.11925, -0.47664, 0.35335, -0.08131, 0.08438, -0.09813, -0.23157
189.07639, -0.08279, 0.05702, -0.25069, 0.38285, -0.47196, 0.27334, -0.19628, -0.29080
189.36555, -0.03584, 0.07230, 0.46805, -0.45220, 0.31731, -0.29193, -0.17377, -0.32485
189.60003, -0.05246, 0.07981, 0.26916, -0.41916, 0.77615, -0.68262, -0.03598, -0.46523
189.82801, -0.12492, -0.02566, -0.42762, 0.41641, -0.16119, -0.46772, 0.05747, -0.50875
190.12508, -0.18842, -0.08160, -0.18821, 0.42043, -0.50704, -0.22227, -0.17825, -0.37890
190.45720, -0.16174, 0.12620, 0.44209, -0.23095, 0.07421, -0.46360, -0.47884, -0.34400
190.75441, -0.17027, 0.28631, 0.29547, -0.47436, 0.82598, -0.27023, -0.64659, -0.47404
190.99265, -0.19372, 0.24241, -0.46879, 0.43692, -0.07973, 0.42977, -0.64335, -0.57711
191.25447, -0.14349, 0.12293, -0.23662, 0.42001, -0.49092, 0.41835, -0.28247, -0.45531
191.53287, -0.08298, 0.08166, 0.49349, -0.42711, 0.30500, -0.01727, -0.13517, -0.34540
191.74803, -0.08402, 0.03239, 0.25805, -0.28589, 0.79882, -0.26025, 0.04767, -0.34008
191.95766, -0.13320, -0.00774, -0.31628, 0.67400, -0.02030, -0.13637, -0.13934, -0.29532
192.21563, -0.15884, 0.05727, 0.01317, 0.53082, -0.45835, -0.24029, -0.39660, -0.34262
192.48178, -0.19070, 0.17885, 0.44213, -0.39111, 0.30275, -0.67917, -0.47005, -0.47556
192.74067, -0.24230, 0.24985, 0.23937, -0.36441, 0.85097, -0.20530, -0.63614, -0.51576
192.95042, -0.25882, 0.14144, -0.29952, 0.69940, -0.01284, 0.57590, -0.74731, -0.53599
193.17749, -0.20058, 0.00333, 0.00164, 0.68348, -0.45914, 0.48677, -0.27645, -0.47675
193.39459, -0.12125, -0.00416, 0.50957, -0.21851, 0.28218, -0.26339, -0.02117, -0.34046
193.57350, -0.08574, 0.16584, 0.19132, -0.42535, 0.78198, -0.96716, -0.33543, -0.30190
193.76705, -0.07903, 0.24005, -0.33584, -0.26200, -0.09757, -0.92235, -0.70099, -0.46302
194.02559, -0.08799, 0.08580, -0.54622, 0.10903, -0.47057, 0.05121, -0.08904, -0.21416
194.30620, -0.08147, -0.10069, -0.24568, 0.40297, -0.41958, 0.18578, 0.64322, 0.09139
194.58516, -0.06945, -0.20929, 0.43621, 0.18428, -0.35439, 0.34191, 0.17920, 0.04154
194.80979, -0.04089, -0.13885, 0.62348, -0.22360, 0.33983, -0.19064, -0.23000, -0.32145
194.98927, -0.04306, 0.08506, 0.09026, -0.34790, 0.63620, -1.07385, -0.48878, -0.53872
195.19602, -0.05926, 0.11762, -0.45095, -0.19283, -0.24086, -0.84837, -0.38289, -0.51490
195.49626, -0.09257, -0.02061, -0.53878, 0.11017, -0.44630, 0.08810, 0.32778, -0.05695
195.78295, -0.11838, -0.21160, -0.45249, 0.49927, -0.41751, 0.25793, 0.65734, 0.35209
196.05874, -0.09680, -0.23698, 0.11491, 0.56289, -0.44395, 0.17540, 0.13591, 0.29155
196.32232, -0.06221, -0.12178, 0.62826, -0.21404, 0.33516, -0.48784, -0.04358, -0.31699
196.55546, -0.05769, 0.09352, 0.24959, -0.43793, 0.81541, -1.03486, -0.38165, -0.51935
196.79349, -0.08061, 0.06736, -0.47891, 0.30483, -0.16566, -0.52733, -0.15327, -0.51467
197.11974, -0.10651, -0.04764, -0.52988, 0.51605, -0.50459, 0.25258, 0.27382, -0.26380
197.44474, -0.09615, -0.13666, 0.14041, 0.31371, -0.42770, 0.38059, 0.14326, -0.18728
197.73196, -0.07069, -0.09401, 0.65553, -0.23852, 0.15520, -0.28726, -0.12300, -0.21592
197.97639, -0.08225, 0.10910, 0.23543, -0.38871, 0.81970, -1.06945, -0.49920, -0.37671
198.23626, -0.10554, 0.07902, -0.42375, 0.28043, -0.06912, -0.67065, -0.17270, -0.54046
198.57507, -0.13113, -0.08495, -0.55320, 0.50364, -0.47178, 0.18431, 0.17795, -0.26122
198.91760, -0.09280, -0.18189, 0.10011, 0.42007, -0.44022, 0.37099, 0.04654, -0.12865
199.21117, -0.02445, -0.13187, 0.59217, -0.25851, 0.34447, -0.30942, 0.08392, -0.13829
199.45528, -0.03534, -0.01856, 0.14324, -0.00016, 0.75254, -0.89479, -0.23069, -0.34805
199.72064, -0.08154, 0.01261, -0.45920, 0.55241, -0.15493, -0.96448, -0.67203, -0.47179
200.03466, -0.10046, 0.00862, -0.36607, 0.44554, -0.49056, -0.68781, -0.74981, -0.51904
200.35184, -0.12868, -0.04946, -0.15394, 0.34738, -0.32906, -0.45402, -0.04158, -0.48119
200.68253, -0.15876, -0.16123, -0.07971, 0.72008, -0.38098, 0.13899, 0.26975, -0.30154
200.97385, -0.14113, -0.23797, 0.27536, 0.60285, -0.41934, 0.31538, 0.01600, -0.21245
201.23642, -0.09184, -0.13265, 0.60563, -0.07567, 0.27330, -0.34677, -0.24964, -0.23608
201.46658, -0.06507, 0.10158, 0.23652, -0.41708, 0.82624, -1.07305, -0.43345, -0.44756
201.70998, -0.05521, 0.09041, -0.39976, 0.12919, -0.16935, -0.56083, -0.04356, -0.52082
202.03224, -0.06964, -0.01548, -0.56434, 0.39116, -0.49839, 0.16996, 0.37111, -0.13571
202.36933, -0.04678, -0.07958, 0.10057, 0.19115, -0.42580, 0.39540, 0.14805, -0.00802
202.65676, -0.03324, -0.09888, 0.63995, -0.37835, 0.31280, -0.17855, -0.05035, -0.10396
202.88992, -0.05842, 0.08870, 0.20985, -0.33486, 0.69326, -1.10189, -0.35375, -0.35334
203.16007, -0.09050, 0.15128, -0.32389, -0.16497, -0.16390, -0.90907, -0.75226, -0.52433
203.48863, -0.13786, 0.00892, -0.54488, 0.15237, -0.47837, 0.10779, -0.08627, -0.32639
203.84829, -0.13288, -0.12993, -0.02198, 0.46052, -0.46010, 0.41167, 0.31633, 0.07198
204.16394, -0.06977, -0.12704, 0.65168, -0.20628, 0.31337, 0.03904, 0.24474, 0.16631
204.39344, -0.06164, -0.01623, 0.34178, -0.19073, 0.81443, -0.60724, -0.01837, -0.24166
204.62384, -0.10279, 0.11312, -0.31561, 0.12296, -0.03326, -1.05032, -0.44131, -0.54722
204.90278, -0.14036, 0.05966, -0.58144, 0.22712, -0.45178, -0.77559, -0.24568, -0.49961
205.25228, -0.17941, -0.13920, -0.44642, 0.51537, -0.41609, 0.07525, 0.25241, -0.29062
205.57236, -0.12927, -0.18825, 0.29820, 0.67482, -0.37423, 0.28294, -0.02749, -0.42197
205.83205, -0.07523, -0.11251, 0.62358, -0.19423, 0.40666, -0.36571, -0.11262, -0.42562
206.06527, -0.06679, 0.05195, 0.41202, -0.35425, 0.81605, -0.95723, -0.41001, -0.41141
206.29607, -0.06458, 0.17819, -0.09010, -0.15909, -0.11716, -0.95820, -0.66981, -0.49966
206.56188, -0.08562, 0.08648, -0.60159, 0.23731, -0.46515, -0.05356, -0.03218, -0.09563
206.84695, -0.07117, -0.09901, -0.47427, 0.41954, -0.37146, 0.07180, 0.36300, 0.13326
207.13685, -0.06223, -0.21649, 0.16869, 0.37730, -0.42361, -0.01053, 0.20774, 0.22482
207.42094, -0.04694, -0.20203, 0.71871, -0.13084, 0.17506, -0.48268, 0.15386, -0.17604
207.65685, -0.04694, 0.00327, 0.33687, -0.37542, 0.83194, -1.08277, -0.17109, -0.53519
207.90714, -0.04909, 0.14479, -0.23714, -0.01149, 0.04080, -0.91280, -0.70581, -0.51127
208.19347, -0.05553, 0.14620, -0.55294, 0.28450, -0.52630, -0.15723, -0.17690, -0.07381
208.50178, -0.02746, 0.03140, -0.45412, 0.47247, -0.42902, 0.17138, 0.31055, 0.25052
208.82288, 0.00372, -0.05918, 0.12889, 0.35436, -0.41976, 0.50624, 0.15391, 0.14474
209.10259, 0.04309, -0.10106, 0.63029, -0.35825, 0.31872, 0.15755, -0.01124, -0.23882
209.30417, 0.02425, -0.10109, 0.19028, -0.08950, 0.78349, -0.51067, 0.14845, -0.32538
209.52389, -0.06974, -0.13984, -0.50912, 0.57480, -0.12634, -0.69544, -0.18332, -0.03912
209.82680, -0.12859, -0.15796, -0.12621, 0.42172, -0.49487, -0.63952, -0.61091, -0.08742
210.17195, -0.10037, -0.02744, 0.55153, -0.20530, 0.05015, -0.67079, -0.66495, -0.48525
210.46362, -0.07765, 0.06878, 0.33056, -0.42467, 0.78050, -0.35426, -0.02400, -0.51417
210.73923, -0.08971, 0.03964, -0.38198, 0.50896, 0.00059, 0.27221, 0.17532, -0.43350
211.03370, -0.05126, 0.03279, -0.15962, 0.49618, -0.46124, 0.34056, 0.07435, -0.29565
211.32069, 0.00470, 0.11667, 0.45545, -0.42058, 0.20367, -0.31248, -0.09339, -0.26294
211.55377, -0.01534, 0.23737, 0.17314, -0.50311, 0.74270, -0.96631, -0.46449, -0.37583
211.79041, -0.05402, 0.20861, -0.36046, -0.15155, -0.07334, -0.83499, -0.28910, -0.53564
212.10995, -0.11661, -0.03668, -0.54086, 0.25252, -0.44791, 0.11344, 0.19775, -0.13936
212.44611, -0.11226, -0.20567, 0.03315, 0.50856, -0.46899, 0.31970, 0.04358, -0.16721
212.74666, -0.04567, -0.16472, 0.66643, -0.16898, 0.32825, -0.36574, 0.09291, -0.08506
212.98487, -0.05426, -0.03310, 0.25445, 0.01281, 0.44330, -1.08981, -0.04081, -0.21576
213.25087, -0.09057, -0.02359, -0.42632, 0.56050, -0.36414, -0.87428, -0.57391, -0.55506
213.57931, -0.10066, -0.02324, -0.16270, 0.37582, -0.45803, -0.52201, -0.75344, -0.44798
213.93408, -0.10076, 0.03296, 0.51479, -0.30524, 0.12326, -0.50293, -0.51704, -0.38457
214.26038, -0.09924, 0.12296, 0.32245, -0.30614, 0.56372, -0.17935, 0.09044, -0.46696
214.53270, -0.11158, 0.05773, -0.45837, 0.42619, -0.17055, 0.46232, 0.10676, -0.34320
214.83675, -0.09207, 0.02877, -0.26994, 0.31866, -0.49235, 0.39318, 0.26431, 0.03455
215.15006, -0.03447, 0.03264, 0.46700, -0.51176, 0.30826, 0.24435, -0.07171, 0.08104
215.39022, -0.01233, 0.00464, 0.32785, -0.34209, 0.53994, 0.06737, -0.22003, -0.11594
215.59043, -0.04660, -0.04181, -0.34308, 0.46331, -0.29956, -0.16844, -0.30583, -0.26817
215.85516, -0.07371, -0.04709, -0.11631, 0.48820, -0.44510, -0.48284, -0.37948, -0.42581
216.15528, -0.09283, 0.01679, 0.41964, -0.24157, 0.29400, -0.80500, -0.46383, -0.52222
216.41993, -0.09431, 0.10077, 0.18924, -0.31392, 0.76278, -0.76191, -0.10471, -0.51497
216.69190, -0.13515, -0.00631, -0.42220, 0.45228, -0.14442, 0.02484, 0.07495, -0.47344
216.98518, -0.14151, -0.11295, -0.16123, 0.44534, -0.50276, 0.27670, -0.00354, -0.44612
217.27790, -0.07591, -0.00769, 0.48104, -0.22788, 0.01544, -0.29752, -0.16592, -0.15932
217.52537, -0.05537, 0.19028, 0.28152, -0.48885, 0.73105, -0.95532, -0.51020, -0.17809
217.77293, -0.05252, 0.30435, -0.24504, -0.28496, -0.03706, -0.88555, -0.72955, -0.51398
218.07493, -0.07349, 0.22077, -0.56960, 0.01488, -0.44127, 0.08375, -0.00892, -0.23806
218.38304, -0.06239, 0.02879, -0.51079, 0.36823, -0.41790, 0.26656, 0.38173, 0.02753
218.71078, -0.05350, -0.09303, 0.16603, 0.39445, -0.41785, 0.46352, -0.03543, 0.38702
218.98927, -0.04389, -0.13228, 0.58796, -0.27701, 0.35998, -0.02646, -0.33738, 0.18611
219.20408, -0.06862, -0.00062, 0.20870, -0.15672, 0.83394, -0.99940, -0.12315, -0.28717
219.46252, -0.09069, 0.11453, -0.22255, 0.11529, -0.10642, -0.96263, -0.37335, -0.53731
219.75279, -0.09054, 0.17216, -0.52189, 0.36725, -0.44964, -0.37250, -0.05479, -0.07019
220.03972, -0.05366, 0.07576, -0.52168, 0.46256, -0.41664, 0.27134, 0.00928, 0.05527
220.32996, -0.00074, 0.05830, 0.09378, 0.09411, -0.42028, 0.24527, 0.31474, 0.09976
220.58960, 0.01864, 0.07063, 0.54753, -0.47285, 0.31868, 0.04403, -0.03111, -0.23718
220.76141, -0.00422, 0.17470, 0.07512, -0.36131, 0.68386, -0.63466, -0.49046, -0.44210
220.94764, -0.07317, 0.21896, -0.48644, -0.15265, -0.19811, -1.01809, -0.67967, -0.50560
221.22991, -0.13626, -0.00543, -0.53680, 0.20783, -0.49370, -0.01957, -0.06618, -0.44369
221.54263, -0.13611, -0.12792, 0.00301, 0.55253, -0.45516, 0.38085, 0.21947, -0.39743
221.81024, -0.07672, -0.08429, 0.63909, -0.22120, 0.35764, -0.01904, 0.07516, -0.25972
221.99329, -0.06977, 0.07896, 0.36319, -0.47182, 0.81687, -0.85488, -0.17637, -0.31096
222.19835, -0.09191, 0.20628, -0.16904, -0.22189, -0.07898, -1.01010, -0.60150, -0.49811
222.45120, -0.12763, 0.08722, -0.62078, 0.18489, -0.45600, -0.03031, -0.16669, -0.28581
222.75473, -0.12444, -0.06857, -0.15256, 0.30175, -0.41910, 0.41450, 0.09497, -0.04351
223.02825, -0.04954, -0.07153, 0.48958, -0.19640, 0.01939, 0.01197, 0.01233, 0.25568
223.23543, -0.01252, 0.03192, 0.27736, -0.31492, 0.72832, -0.64781, -0.02690, 0.00377
223.44098, -0.03917, 0.10546, -0.35628, 0.25200, 0.01631, -0.90198, -0.36475, -0.43154
223.69757, -0.06800, 0.11957, -0.54826, 0.38725, -0.51101, -0.77164, -0.69106, -0.52961
223.98441, -0.08542, 0.03005, -0.45545, 0.44380, -0.37957, -0.21806, -0.07665, -0.47942
224.30367, -0.11700, -0.12426, -0.09676, 0.49028, -0.42500, 0.33653, 0.35071, -0.17203
224.58947, -0.12807, -0.23963, 0.44975, 0.53017, -0.29757, 0.33626, 0.17338, 0.03787
224.82658, -0.11966, -0.15197, 0.66783, -0.06797, 0.46400, -0.42378, -0.02730, -0.14929
225.05204, -0.12608, 0.12344, 0.23416, -0.32514, 0.80444, -1.11110, -0.48102, -0.46290
225.29757, -0.14183, 0.12139, -0.43282, 0.31304, -0.24665, -0.39371, -0.24420, -0.51050
225.60054, -0.15278, -0.02300, -0.52329, 0.52563, -0.44139, 0.41809, -0.00184, -0.39291
225.90175, -0.12811, -0.11760, 0.12630, 0.34378, -0.43245, 0.41799, 0.25058, -0.03282
226.16850, -0.08590, -0.06365, 0.63393, -0.26557, 0.19132, -0.14587, -0.02709, -0.06475
226.37319, -0.09130, 0.15786, 0.18352, -0.45216, 0.82157, -1.02459, -0.50426, -0.39163
226.61167, -0.10928, 0.24478, -0.34087, -0.26037, -0.03299, -0.91081, -0.82508, -0.52129
226.91413, -0.14230, 0.12585, -0.54340, 0.12664, -0.45530, 0.11512, -0.07242, -0.14816
227.21301, -0.12767, -0.10814, -0.29011, 0.47554, -0.41727, 0.39297, 0.12205, -0.03399
227.49198, -0.07577, -0.21590, 0.26896, 0.40875, 0.06267, -0.01980, 0.04623, 0.25588
227.75870, -0.03729, -0.17211, 0.64621, -0.27731, 0.61386, -0.79293, 0.21554, -0.01623
228.01694, -0.03397, -0.11423, 0.37705, 0.05945, 0.56574, -1.00180, 0.11369, -0.37455
228.26369, -0.05623, -0.08559, -0.33607, 0.63348, -0.33042, -0.75437, -0.43732, -0.04934
228.57130, -0.06121, -0.04801, -0.16031, 0.43023, -0.45517, -0.48849, -0.65459, 0.05132
228.90249, -0.06542, 0.03146, 0.43774, -0.37976, 0.29545, -0.50647, -0.48694, -0.32534
229.20422, -0.08733, 0.09580, 0.23358, -0.26623, 0.69606, -0.18856, -0.00734, -0.51993
229.47076, -0.13156, 0.01650, -0.45072, 0.50202, -0.18505, 0.44559, 0.07100, -0.39720
229.75740, -0.12566, -0.03423, -0.19997, 0.37897, -0.50683, 0.36464, 0.19361, -0.08848
230.04305, -0.02188, -0.01186, 0.46577, -0.37572, 0.14594, 0.14565, 0.04572, 0.09483
230.26965, 0.03636, 0.02576, 0.31890, -0.14166, 0.69584, -0.26089, -0.00609, -0.26598
230.48010, 0.04198, 0.07125, -0.15272, 0.55138, -0.06970, -0.48820, -0.31589, -0.52837
230.74433, 0.05419, 0.15742, -0.00472, 0.41494, -0.45285, -0.68517, -0.61378, -0.51183
231.03589, 0.06876, 0.24045, 0.42644, -0.39971, -0.36849, -0.78650, -0.55857, -0.50595
231.27268, 0.06146, 0.25383, 0.09862, -0.36966, -0.36190, -0.65743, -0.02987, -0.48172
231.50821, 0.00006, 0.13241, -0.57330, 0.17904, -0.42325, -0.22271, 0.40726, -0.01121
231.79797, -0.00914, -0.03110, -0.16197, 0.20212, -0.42134, 0.11627, 0.08481, 0.15089
232.07506, -0.00948, -0.10576, 0.51958, -0.29862, 0.20363, -0.23119, -0.09455, -0.04880
232.30828, -0.02120, 0.01901, 0.31711, -0.34893, 0.63576, -0.95563, -0.32815, -0.24781
232.55284, -0.04333, 0.09513, -0.17737, -0.23308, 0.30034, -0.95227, -0.65759, -0.47432
232.81257, -0.09395, -0.03313, -0.61683, 0.19702, -0.53055, -0.40822, -0.10396, -0.20324
233.14476, -0.13073, -0.20561, -0.41186, 0.46247, -0.44466, 0.04870, 0.53177, 0.39840
233.45963, -0.08783, -0.23610, 0.21277, 0.62467, -0.41193, 0.15518, 0.17779, 0.25740
233.73754, -0.03359, -0.13417, 0.70256, -0.22395, 0.37361, -0.44265, 0.14107, -0.35596
233.96095, -0.02448, 0.05990, 0.23786, -0.47168, 0.80838, -0.97191, -0.18295, -0.50140
234.18091, -0.06162, 0.05713, -0.53824, 0.10654, -0.20101, -0.86256, -0.06247, -0.32400
234.50638, -0.09289, -0.07370, -0.52958, 0.34066, -0.43782, -0.14974, 0.42146, 0.11619
234.82685, -0.11098, -0.18466, -0.08828, 0.39074, -0.41909, 0.13448, 0.21864, 0.44064
235.12549, -0.07131, -0.06133, 0.49693, -0.17367, 0.08695, -0.24149, -0.17926, 0.18336
235.36429, -0.07609, 0.16751, 0.20120, -0.46157, 0.79373, -1.01679, -0.54186, -0.47601
235.61359, -0.09606, 0.26585, -0.31963, -0.27886, -0.03673, -0.91111, -0.76276, -0.53337
235.92127, -0.12951, 0.12017, -0.55329, 0.15458, -0.45227, 0.10734, -0.25924, -0.28030
236.24221, -0.11702, -0.08566, 0.05546, 0.33851, -0.41810, 0.30700, -0.14561, -0.46729
236.53055, -0.08137, -0.12949, 0.64766, -0.11957, 0.16512, -0.33342, -0.13452, -0.37137
236.77876, -0.06914, 0.03734, 0.32279, -0.33828, 0.77659, -1.11219, -0.39537, -0.27775
237.04224, -0.05542, 0.11793, -0.19901, -0.20264, -0.00898, -0.89581, -0.71576, -0.43556
237.34153, -0.06781, 0.00612, -0.57175, 0.10496, -0.45623, -0.08480, -0.05168, -0.12370
237.68328, -0.08922, -0.10923, -0.47725, 0.42871, -0.41840, 0.08263, 0.82598, 0.49087
238.02812, -0.09817, -0.17370, 0.19810, 0.38995, -0.41916, 0.32391, 0.24648, 0.27232
238.33744, -0.10412, -0.10798, 0.70364, -0.18967, 0.24471, -0.16486, -0.39261, -0.32925
238.59498, -0.12550, 0.11441, 0.25868, -0.34912, 0.82863, -1.08216, -0.63534, -0.53208
238.89460, -0.14162, 0.07447, -0.32762, 0.58373, -0.08285, -0.24451, -0.10617, -0.46573
239.23405, -0.14225, -0.03900, -0.55235, 0.74378, -0.46815, 0.55864, 0.12164, -0.46886
239.57665, -0.08617, -0.10448, 0.13462, 0.27622, -0.35582, 0.52055, 0.37558, -0.16383
239.87943, -0.03250, -0.09510, 0.66668, -0.33611, 0.29267, -0.06149, 0.06879, -0.11007
240.11850, -0.02858, 0.12238, 0.21394, -0.41872, 0.77488, -1.02583, -0.48143, -0.34032
240.40051, -0.03655, 0.19730, -0.30517, -0.28565, -0.05909, -0.91599, -0.85377, -0.52809
240.73094, -0.06223, 0.04773, -0.58876, 0.06763, -0.45107, 0.01727, -0.10662, -0.05462
241.09438, -0.08035, -0.13578, -0.35892, 0.43638, -0.41813, 0.13180, 0.67903, 0.42265
241.44122, -0.09957, -0.25506, 0.25351, 0.46772, -0.41896, 0.15285, 0.23808, 0.27205
241.77030, -0.10773, -0.16617, 0.72169, -0.06407, 0.26035, -0.40684, -0.41913, -0.20189
242.06971, -0.11054, 0.05560, 0.33930, -0.30712, 0.85950, -1.04249, -0.66650, -0.53401
242.37500, -0.11995, 0.02312, -0.39245, 0.39334, -0.20587, -0.23888, -0.06730, -0.47825
242.73858, -0.12839, -0.12198, -0.56517, 0.51607, -0.43670, 0.46414, 0.29572, -0.43001
243.09944, -0.07449, -0.18167, 0.12219, 0.33536, -0.44348, 0.42634, 0.31602, -0.09610
243.41897, -0.01469, -0.13162, 0.70809, -0.31684, 0.26117, -0.20624, 0.06092, 0.09513
243.68505, -0.02029, 0.05274, 0.42415, -0.50559, 0.72811, -1.04623, -0.32874, -0.13602
243.97385, -0.03783, 0.13168, -0.14452, -0.25893, -0.06686, -0.93558, -0.75757, -0.54810
244.29603, -0.07628, -0.01117, -0.57322, 0.16213, -0.44313, -0.08656, -0.15006, -0.18747
244.67339, -0.09750, -0.16854, -0.22987, 0.40184, -0.41740, 0.08843, 0.76530, 0.36698
245.02793, -0.09137, -0.23614, 0.44603, 0.43691, -0.39816, 0.07229, 0.37271, 0.27160
245.34002, -0.09734, -0.14092, 0.75273, -0.21536, 0.41234, -0.50424, -0.10531, -0.32370
245.62577, -0.11274, 0.08246, 0.28496, -0.32544, 0.81953, -1.03082, -0.58520, -0.51564
245.91649, -0.13956, 0.06200, -0.46879, 0.41406, -0.21509, -0.37935, -0.20449, -0.50062
246.28721, -0.15616, -0.07318, -0.52467, 0.56016, -0.43505, 0.48555, 0.18914, -0.53771
246.64020, -0.10615, -0.16602, 0.14781, 0.41885, -0.43496, 0.51113, 0.23112, -0.31829
246.93641, -0.04062, -0.11985, 0.64737, -0.28512, 0.31837, -0.28181, 0.04968, -0.18055
247.19843, -0.03829, 0.07358, 0.32294, -0.41967, 0.83099, -1.06079, -0.41595, -0.27621
247.47402, -0.04345, 0.12427, -0.26708, -0.01145, -0.15581, -0.88353, -0.53397, -0.55355
247.80226, -0.06383, 0.00035, -0.59445, 0.28163, -0.49056, -0.09397, 0.15525, -0.10876
248.15516, -0.07473, -0.13256, -0.44710, 0.44452, -0.42360, 0.04576, 0.74496, 0.45177
248.49376, -0.08068, -0.20701, 0.12384, 0.37666, -0.41936, -0.00279, 0.28575, 0.31488
248.82852, -0.07913, -0.12182, 0.64784, -0.13515, 0.15167, -0.57104, -0.03264, -0.36284
249.13137, -0.08707, 0.06508, 0.29775, -0.35395, 0.79441, -1.02620, -0.32000, -0.54425
249.43294, -0.11249, 0.05063, -0.41929, 0.36395, -0.05098, -0.51717, -0.04689, -0.46807
249.80251, -0.13115, -0.08994, -0.54912, 0.55615, -0.46176, 0.35215, 0.12088, -0.30903
250.16322, -0.09459, -0.18723, 0.12190, 0.34864, -0.43700, 0.45813, 0.13874, -0.08009
250.48071, -0.03558, -0.15237, 0.68998, -0.24533, 0.21052, -0.23449, 0.05651, -0.01663
250.74044, -0.03454, 0.06746, 0.26775, -0.44678, 0.79917, -1.12462, -0.34227, -0.27995
251.03314, -0.04492, 0.14065, -0.27719, -0.30661, -0.08177, -0.91601, -0.81625, -0.53095
251.36820, -0.07656, -0.00140, -0.60803, 0.07210, -0.46912, -0.01790, -0.17969, -0.06609
251.74346, -0.11011, -0.13408, -0.41699, 0.43962, -0.41737, 0.09989, 0.77003, 0.59898
252.10615, -0.12313, -0.18309, 0.26171, 0.46918, -0.43262, 0.11211, 0.32044, 0.17300
252.41980, -0.13817, -0.01561, 0.44568, -0.08965, 0.42616, -0.53200, -0.41151, -0.49515
252.72617, -0.15489, 0.21115, 0.11636, -0.28310, 0.82149, -1.08052, -0.77314, -0.53249
253.05754, -0.15575, 0.19859, -0.29409, 0.54713, -0.17248, -0.11869, -0.37241, -0.38903
253.38299, -0.12849, 0.09778, -0.56804, 0.72788, -0.48887, 0.55213, -0.03913, -0.48992
253.72645, -0.05481, 0.06801, 0.10673, 0.27425, -0.42521, 0.36766, 0.31281, -0.12861
254.03135, -0.01394, 0.08309, 0.58594, -0.44395, 0.28233, -0.07515, -0.08648, -0.05214
254.26075, -0.02807, 0.20936, 0.12965, -0.47394, 0.79257, -0.89292, -0.53627, -0.32585
254.51936, -0.07768, 0.20901, -0.39509, -0.27347, -0.12274, -0.93669, -0.76122, -0.52831
254.85238, -0.13860, -0.03943, -0.56296, 0.12353, -0.48074, 0.09053, -0.06096, -0.45397
255.21065, -0.11390, -0.15385, -0.05675, 0.55022, -0.45680, 0.31676, 0.50005, -0.32818
255.52588, -0.03007, -0.07100, 0.64027, -0.20669, 0.35214, 0.01061, 0.14653, -0.15691
255.74938, 0.00161, 0.14336, 0.35544, -0.57136, 0.81311, -0.81476, -0.47175, -0.24191
255.98720, -0.00129, 0.25624, -0.24041, -0.32306, -0.08745, -1.01585, -0.80169, -0.44236
256.27054, -0.01253, 0.13113, -0.59536, -0.00704, -0.45610, -0.27379, -0.12947, -0.15898
256.60184, -0.02112, -0.02484, -0.42618, 0.29856, -0.38120, -0.08388, 0.68646, 0.42822
256.94469, -0.02915, -0.16294, 0.25661, 0.36150, -0.42139, 0.21877, 0.31516, 0.25019
257.24169, -0.04423, -0.18855, 0.72908, -0.20962, 0.33655, -0.08654, -0.22163, -0.32677
257.47426, -0.06620, 0.02808, 0.22454, -0.22426, 0.83373, -1.10224, -0.47433, -0.53985
257.75162, -0.05813, 0.17983, -0.22405, -0.07493, -0.07042, -0.89341, -0.69755, -0.51099
258.07398, -0.07516, 0.17144, -0.57506, 0.18958, -0.46110, 0.03457, 0.03008, -0.04285
258.40039, -0.04017, 0.03493, -0.48363, 0.35909, -0.41839, 0.16381, 0.47275, 0.17636
258.74965, -0.01625, -0.04397, 0.16576, 0.28908, -0.41703, 0.38512, 0.12095, 0.10511
259.05532, -0.00229, -0.06435, 0.62765, -0.32893, 0.34387, 0.01053, -0.30078, -0.30245
259.27771, -0.03209, 0.04202, 0.14894, -0.36151, 0.82766, -1.03705, -0.21188, -0.52581
259.55812, -0.07428, 0.06479, -0.32191, 0.06360, -0.00879, -0.89844, -0.44891, -0.49629
259.88920, -0.11865, -0.05914, -0.55241, 0.37366, -0.45629, -0.02535, -0.03631, -0.07490
260.24257, -0.12255, -0.18954, -0.13758, 0.50878, -0.43951, 0.27586, 0.32117, 0.36918
260.56654, -0.05670, -0.11795, 0.52200, -0.11064, 0.19646, -0.00180, 0.11411, 0.29110
260.81260, -0.03832, 0.08466, 0.32586, -0.51754, 0.78458, -0.73983, -0.38882, -0.30858
261.06758, -0.05796, 0.21104, -0.20956, -0.29985, -0.09235, -0.99128, -0.77836, -0.52285
261.38024, -0.08772, 0.06354, -0.56870, 0.22076, -0.47068, -0.00902, -0.16080, -0.16531
261.72028, -0.08961, -0.13168, -0.34059, 0.50583, -0.41993, 0.21365, 0.49959, 0.21581
262.04591, -0.08576, -0.27698, 0.29642, 0.44729, -0.41046, 0.22782, 0.19512, 0.26169
262.34815, -0.06464, -0.22957, 0.74796, -0.06175, 0.26549, -0.33487, -0.19681, -0.04769
262.62145, -0.05468, -0.00567, 0.41953, -0.36711, 0.83937, -1.05330, -0.49322, -0.47303
262.88246, -0.05084, 0.03407, -0.29017, 0.14931, -0.17705, -0.78326, -0.15261, -0.52111
263.23263, -0.07474, -0.04603, -0.54808, 0.38825, -0.50202, -0.01366, 0.54472, 0.08274
263.58185, -0.08238, -0.11655, -0.47590, 0.40202, -0.42339, 0.16323, 0.84831, 0.54620
263.92935, -0.08648, -0.13282, 0.09933, 0.26100, -0.41997, 0.24214, 0.20335, 0.13874
264.24419, -0.09550, -0.00101, 0.40142, -0.17043, 0.24207, -0.35093, -0.49319, -0.50009
264.53507, -0.12232, 0.19906, 0.06905, -0.36407, 0.80081, -1.10858, -0.73570, -0.52592
264.86578, -0.16454, 0.07870, -0.44278, 0.41517, 0.00039, -0.08180, -0.07294, -0.46313
265.23764, -0.17552, -0.12767, -0.10976, 0.55996, -0.51106, 0.63666, 0.18876, -0.35973
265.58700, -0.11032, -0.14817, 0.56589, 0.20147, 0.15379, 0.38815, 0.34752, 0.03732
265.84967, -0.06760, -0.02542, 0.63794, -0.43697, 0.77372, -0.43750, -0.04792, -0.04111
266.10452, -0.08430, 0.16359, 0.11279, -0.39811, 0.38553, -1.03914, -0.61588, -0.45675
266.38877, -0.10604, 0.09239, -0.50589, 0.16802, -0.47374, -0.41020, -0.29592, -0.51610
266.74986, -0.12439, -0.09601, -0.51585, 0.40012, -0.43331, 0.38183, 0.19425, -0.39150
267.10417, -0.09478, -0.22018, 0.15558, 0.46177, -0.45653, 0.46875, 0.23813, -0.21182
267.40564, -0.03156, -0.18563, 0.68590, -0.19655, 0.20072, -0.27899, 0.35243, -0.12910
267.64770, -0.03170, 0.03873, 0.19323, -0.20861, 0.78019, -1.06678, -0.13881, -0.24111
267.93276, -0.04326, 0.15806, -0.34276, -0.09970, -0.03731, -0.93681, -0.82937, -0.53475
268.25652, -0.05990, 0.07893, -0.54380, 0.09169, -0.44429, -0.12161, -0.24113, -0.39443
268.60579, -0.06991, -0.08082, -0.41945, 0.40905, -0.41451, 0.17381, 0.56827, 0.04035
268.95835, -0.05848, -0.24259, 0.25243, 0.41042, -0.41841, 0.37202, 0.54818, 0.21833
269.27251, -0.02555, -0.26950, 0.74286, -0.05178, 0.24534, 0.04456, 0.23724, -0.03214
269.52497, -0.02141, -0.07323, 0.44263, -0.30066, 0.72294, -0.82286, -0.27883, -0.42072
269.80323, -0.03480, 0.06617, -0.07097, -0.26906, -0.07735, -1.03707, -0.75025, -0.51672
270.09759, -0.06984, -0.05258, -0.62919, 0.16732, -0.44687, -0.39299, -0.20435, -0.10939
270.47254, -0.10858, -0.15313, -0.45688, 0.39953, -0.41858, -0.05004, 0.78002, 0.56908
270.84852, -0.11708, -0.12831, 0.19078, 0.44870, -0.43632, 0.19134, 0.40919, 0.26903
271.17571, -0.10449, 0.00765, 0.67861, -0.29933, 0.33333, -0.11371, -0.22290, -0.25409
271.42000, -0.12672, 0.25974, 0.16033, -0.49873, 0.81073, -1.06388, -0.62443, -0.52193
271.70240, -0.16976, 0.20551, -0.48450, 0.10276, -0.17631, -0.45282, -0.22402, -0.51390
272.04358, -0.19895, -0.04557, -0.49902, 0.36650, -0.51323, 0.57030, -0.05984, -0.54089
272.36380, -0.11038, -0.13428, 0.16386, 0.55741, -0.44258, 0.47016, 0.17881, -0.19750
272.63280, -0.00337, -0.08063, 0.72293, -0.24641, 0.37391, -0.38978, 0.40330, -0.05632
272.83793, 0.02122, 0.05139, 0.13389, 0.11148, 0.80398, -0.98949, 0.07081, 0.15860
273.07894, 0.00415, 0.08665, -0.54365, 0.70422, -0.13704, -0.91223, -0.55571, -0.08457
273.39913, 0.02401, 0.12589, -0.11182, 0.40771, -0.49022, -0.61410, -0.81547, -0.39120
273.72454, 0.02648, 0.16400, 0.46268, -0.40122, 0.08007, -0.55786, -0.58898, -0.52431
273.99364, -0.00059, 0.16215, 0.16499, -0.40509, 0.61577, -0.31936, -0.04408, -0.48790
274.25252, -0.08932, 0.00713, -0.53797, 0.37285, -0.11003, 0.23621, 0.27582, -0.26223
274.54904, -0.12478, -0.14281, -0.15550, 0.32972, -0.47987, 0.37967, 0.12687, -0.08721
274.83854, -0.06392, -0.02142, 0.46806, -0.26736, 0.08564, -0.28046, -0.18416, -0.14190
275.08466, -0.06645, 0.17836, 0.23302, -0.44599, 0.76094, -1.12341, -0.50180, -0.39605
275.34648, -0.07245, 0.24745, -0.25482, -0.23972, -0.04100, -0.85783, -0.74015, -0.53038
275.65025, -0.09843, 0.11484, -0.56827, 0.06446, -0.44961, 0.10731, -0.20247, -0.22046
275.98421, -0.08656, -0.04970, 0.00253, 0.11011, -0.41849, 0.31077, -0.04588, -0.23697
276.28513, -0.05292, -0.07805, 0.59502, -0.27102, 0.11305, -0.26285, -0.02389, -0.17673
276.53095, -0.06026, 0.07048, 0.31118, -0.41161, 0.68365, -1.04147, -0.28552, -0.30125
276.80533, -0.06186, 0.18158, -0.14645, -0.05507, 0.02091, -0.94535, -0.71179, -0.53576
277.09311, -0.05699, 0.18503, -0.58358, 0.38251, -0.46535, -0.29200, -0.15011, -0.12293
277.41205, -0.00826, 0.07336, -0.50173, 0.49659, -0.41987, 0.18170, 0.20713, 0.16243
277.73621, 0.06137, 0.00563, 0.13724, 0.14763, -0.41915, 0.35967, 0.20066, 0.10926
278.02877, 0.11457, -0.05816, 0.62349, -0.41616, 0.31591, 0.09000, 0.22348, -0.03905
278.25680, 0.10714, -0.10843, 0.13691, 0.15231, 0.58454, -0.07009, 0.15970, -0.25270
278.48634, 0.05594, -0.15640, -0.30918, 0.59984, -0.31906, -0.23334, -0.14132, -0.19667
278.76555, 0.01225, -0.15240, 0.03721, 0.38731, -0.45599, -0.60773, -0.37612, -0.14574
279.08557, -0.03036, -0.13614, 0.61684, -0.28039, 0.24680, -0.86313, -0.48645, -0.10706
279.35212, -0.03747, -0.00570, 0.26807, -0.22942, 0.38494, -1.02713, -0.07209, -0.34597
279.62941, -0.07767, -0.02337, -0.46562, 0.35619, -0.32861, -0.41861, 0.40852, -0.12759
279.95074, -0.08303, -0.14778, -0.54014, 0.43745, -0.43667, 0.14111, 0.41894, 0.13259
280.27576, -0.05341, -0.24344, 0.10081, 0.27765, -0.43571, 0.25489, 0.33056, 0.02091
280.57650, 0.01008, -0.19896, 0.65033, -0.22827, 0.11713, -0.25199, 0.38826, -0.24036
280.81086, 0.00738, -0.06416, 0.17673, 0.13012, 0.64696, -0.87126, 0.10691, -0.38217
281.07097, -0.02156, 0.04413, -0.40966, 0.49825, -0.14245, -1.00980, -0.50789, -0.19382
281.37399, -0.03419, 0.08796, -0.52490, 0.36830, -0.47353, -0.71538, -0.74206, -0.24926
281.70230, -0.05786, 0.01890, -0.46088, 0.44061, -0.41796, -0.14330, 0.04751, -0.35147
282.03518, -0.09496, -0.10199, -0.41335, 0.51983, -0.41882, 0.23722, 0.60651, -0.05999
282.36037, -0.09869, -0.19928, 0.13011, 0.40098, -0.43983, 0.37603, 0.30876, 0.03900
282.64392, -0.06255, -0.09390, 0.48793, -0.13073, 0.23164, -0.23500, -0.13440, -0.09465
282.89568, -0.06541, 0.14495, 0.13984, -0.44126, 0.77312, -1.04135, -0.55046, -0.38750
283.16820, -0.08675, 0.12201, -0.42465, 0.13399, -0.11337, -0.63298, -0.21207, -0.52899
283.51484, -0.11615, -0.04548, -0.54828, 0.46481, -0.47372, 0.21136, 0.20795, -0.26438
283.86324, -0.09756, -0.19331, 0.15020, 0.33319, -0.42224, 0.41529, 0.07969, -0.22068
284.16847, -0.04739, -0.17015, 0.69954, -0.18241, 0.17101, -0.27797, -0.08572, -0.27730
284.43355, -0.03936, 0.02005, 0.35462, -0.44253, 0.82605, -1.04853, -0.45445, -0.40963
284.70190, -0.05600, 0.03389, -0.35040, 0.12281, -0.07921, -0.84491, -0.51435, -0.50879
285.02888, -0.07593, -0.09504, -0.56022, 0.36351, -0.47150, -0.24677, 0.19343, -0.08301
285.38506, -0.10343, -0.18402, -0.37873, 0.44572, -0.42077, -0.04499, 0.79750, 0.59162
285.73302, -0.10752, -0.17065, 0.20405, 0.48249, -0.43277, 0.07838, 0.23176, 0.18619
286.03616, -0.11399, 0.01591, 0.45651, -0.21698, 0.37309, -0.49028, -0.45271, -0.46908
286.31771, -0.13878, 0.22350, 0.12866, -0.32736, 0.82405, -1.03144, -0.75711, -0.52529
286.62471, -0.17620, 0.16480, -0.40727, 0.46290, -0.21150, -0.07365, -0.08039, -0.45050
286.97280, -0.16635, -0.01716, -0.10143, 0.56826, -0.43439, 0.68091, 0.10243, -0.37448
287.29847, -0.11910, -0.15012, 0.54375, 0.11417, 0.16277, 0.43980, 0.35506, 0.08513
