0.00314, 1.24896, 0.00370, -0.00059, 0.00060, 0.00915
0.00335, 1.24775, -0.00192, -0.01033, 0.00545, 0.02169
0.00302, 1.24576, -0.01438, -0.02607, 0.00596, 0.04319
0.00273, 1.24299, -0.02742, -0.04234, 0.00580, 0.07120
0.00251, 1.23959, -0.03885, -0.05651, 0.00536, 0.09846
0.00220, 1.23550, -0.05188, -0.07254, 0.00486, 0.12700
0.00170, 1.23066, -0.06878, -0.09318, 0.00437, 0.15808
0.00149, 1.22577, -0.08373, -0.11187, 0.00391, 0.18650
0.00213, 1.22232, -0.09580, -0.12827, 0.00350, 0.21043
0.00311, 1.22005, -0.10985, -0.14741, 0.00324, 0.22849
0.00439, 1.21864, -0.12534, -0.16843, 0.00299, 0.24288
0.00609, 1.21797, -0.14115, -0.19014, 0.00272, 0.25604
0.00824, 1.21786, -0.15629, -0.21142, 0.00243, 0.26908
0.01099, 1.21829, -0.16914, -0.23060, 0.00215, 0.28342
0.01421, 1.21908, -0.17845, -0.24583, 0.00200, 0.29441
0.01796, 1.22015, -0.18127, -0.25351, 0.00196, 0.30079
0.02203, 1.22132, -0.17940, -0.25479, 0.00038, 0.30427
0.02660, 1.22253, -0.17239, -0.25007, -0.00171, 0.30787
0.03161, 1.22386, -0.16040, -0.23801, -0.00764, 0.31563
0.03645, 1.22508, -0.14703, -0.22106, -0.01919, 0.32319
0.04176, 1.22619, -0.12904, -0.19894, -0.03066, 0.32993
0.04743, 1.22719, -0.10988, -0.17518, -0.04386, 0.34165
0.05326, 1.22800, -0.09210, -0.15335, -0.05702, 0.35446
0.05923, 1.22863, -0.07287, -0.12914, -0.07148, 0.36583
0.06486, 1.22889, -0.05672, -0.10631, -0.08955, 0.37731
0.07060, 1.22883, -0.04347, -0.08806, -0.10579, 0.38928
0.07647, 1.22853, -0.03161, -0.07207, -0.12116, 0.40102
0.08268, 1.22801, -0.01936, -0.05719, -0.13394, 0.41083
0.08966, 1.22741, -0.00461, -0.04263, -0.14208, 0.42090
0.09681, 1.22669, 0.00803, -0.03071, -0.15083, 0.43345
0.10375, 1.22579, 0.01523, -0.02471, -0.16060, 0.44702
0.11099, 1.22483, 0.01800, -0.02712, -0.16506, 0.45918
0.11925, 1.22400, 0.02202, -0.03362, -0.16091, 0.46993
0.12839, 1.22329, 0.02706, -0.04316, -0.15060, 0.47968
0.13764, 1.22250, 0.03007, -0.05527, -0.14028, 0.48786
0.14701, 1.22157, 0.03422, -0.06492, -0.13186, 0.49412
0.15712, 1.22056, 0.04126, -0.07355, -0.12036, 0.50090
0.16815, 1.21953, 0.04997, -0.08305, -0.10600, 0.51273
0.17992, 1.21852, 0.05893, -0.09465, -0.08928, 0.52781
0.19244, 1.21749, 0.06747, -0.10970, -0.06911, 0.54518
0.20550, 1.21645, 0.07590, -0.12498, -0.05088, 0.56884
0.21911, 1.21544, 0.08600, -0.13755, -0.03611, 0.59898
0.23383, 1.21439, 0.09866, -0.15028, -0.01850, 0.63457
0.24941, 1.21331, 0.11269, -0.16277, -0.00139, 0.67700
0.26494, 1.21223, 0.12414, -0.17492, 0.00807, 0.72592
0.28052, 1.21109, 0.13420, -0.18591, 0.01093, 0.78153
0.29633, 1.21015, 0.14916, -0.18911, 0.01027, 0.82364
0.31186, 1.20947, 0.16675, -0.18745, 0.00916, 0.83872
0.32732, 1.20858, 0.18683, -0.18194, 0.00805, 0.83957
0.34316, 1.20712, 0.21504, -0.16674, 0.00701, 0.83048
0.35948, 1.20494, 0.25284, -0.14018, 0.00612, 0.81335
0.37617, 1.20180, 0.29818, -0.10468, 0.00538, 0.79535
0.39287, 1.19757, 0.34479, -0.06769, 0.00474, 0.78223
0.40951, 1.19219, 0.39154, -0.03055, 0.00423, 0.77704
0.42595, 1.18569, 0.43583, 0.00366, 0.00372, 0.78267
0.44149, 1.17863, 0.46606, 0.02171, 0.00210, 0.79343
0.45635, 1.17123, 0.48601, 0.02758, 0.00038, 0.79793
0.47097, 1.16323, 0.50144, 0.02724, 0.00019, 0.79890
0.48544, 1.15453, 0.51496, 0.02423, 0.00076, 0.79819
0.49980, 1.14510, 0.52778, 0.02037, 0.00138, 0.79680
0.51403, 1.13495, 0.53965, 0.01545, 0.00187, 0.79528
0.52819, 1.12403, 0.55164, 0.01075, 0.00220, 0.79390
0.54234, 1.11230, 0.56501, 0.00776, 0.00242, 0.79273
0.55624, 1.09994, 0.57498, 0.00074, 0.00262, 0.79178
0.57009, 1.08678, 0.58561, -0.00545, 0.00273, 0.79100
0.58410, 1.07269, 0.60110, -0.00583, 0.00280, 0.79040
0.59813, 1.05775, 0.61904, -0.00322, 0.00273, 0.78992
0.61205, 1.04207, 0.63648, -0.00118, 0.00258, 0.78954
0.62583, 1.02566, 0.65295, -0.00032, 0.00251, 0.78925
0.63951, 1.00851, 0.67010, 0.00182, 0.00155, 0.78898
0.65290, 0.99078, 0.68514, 0.00269, -0.00177, 0.78864
0.66598, 0.97261, 0.69747, 0.00148, -0.00727, 0.78387
0.67894, 0.95376, 0.70943, -0.00006, -0.01296, 0.77785
0.69164, 0.93439, 0.72158, 0.00094, -0.02298, 0.76951
0.70416, 0.91458, 0.73287, 0.00154, -0.03413, 0.75206
0.71742, 0.89453, 0.74838, 0.00188, -0.03570, 0.73102
0.73186, 0.87701, 0.76558, -0.00018, -0.03068, 0.71536
0.74696, 0.86245, 0.78028, -0.00488, -0.02784, 0.70403
0.76265, 0.85043, 0.79532, -0.00720, -0.03031, 0.69539
0.77890, 0.84073, 0.81175, -0.00502, -0.03939, 0.68723
0.79564, 0.83307, 0.82753, -0.00168, -0.05300, 0.67806
0.81286, 0.82708, 0.84291, 0.00259, -0.06985, 0.66669
0.83044, 0.82279, 0.85511, 0.00486, -0.09007, 0.65231
0.84843, 0.81991, 0.86495, 0.00553, -0.11211, 0.63412
0.86696, 0.81809, 0.87428, 0.00548, -0.13341, 0.61126
0.88600, 0.81732, 0.88276, 0.00516, -0.15489, 0.58342
0.90539, 0.81782, 0.88905, 0.00478, -0.17924, 0.55121
0.92541, 0.81914, 0.89537, 0.00446, -0.20166, 0.51380
0.94620, 0.82109, 0.90264, 0.00421, -0.21994, 0.47037
0.96761, 0.82394, 0.90926, 0.00399, -0.23686, 0.42132
0.98966, 0.82769, 0.91519, 0.00384, -0.25233, 0.36669
1.01236, 0.83234, 0.92026, 0.00376, -0.26650, 0.30662
1.03568, 0.83794, 0.92405, 0.00374, -0.27983, 0.24099
1.05968, 0.84441, 0.92695, 0.00373, -0.29113, 0.16945
1.08428, 0.85174, 0.92850, 0.00373, -0.30102, 0.09209
1.10918, 0.86025, 0.92664, 0.00375, -0.31350, 0.00937
1.13464, 0.86918, 0.92435, 0.00366, -0.32285, -0.08008
1.16032, 0.87756, 0.92291, 0.00355, -0.32858, -0.17707
1.18610, 0.88530, 0.92203, 0.00344, -0.33172, -0.27845
1.21190, 0.89231, 0.92160, 0.00316, -0.33257, -0.38062
1.23747, 0.89864, 0.91794, -0.00162, -0.33200, -0.47714
1.26291, 0.90408, 0.90879, -0.01602, -0.32636, -0.56310
1.28822, 0.90861, 0.89356, -0.04128, -0.31515, -0.63737
1.31357, 0.91202, 0.87492, -0.07494, -0.29734, -0.69981
1.33879, 0.91438, 0.85455, -0.11289, -0.27691, -0.75034
1.36365, 0.91586, 0.83300, -0.15174, -0.25882, -0.78880
1.38839, 0.91621, 0.81451, -0.18654, -0.24387, -0.80968
1.41343, 0.91527, 0.80208, -0.21559, -0.22862, -0.81566
1.43830, 0.91343, 0.78986, -0.24429, -0.21504, -0.81045
1.46293, 0.91083, 0.77814, -0.27097, -0.20542, -0.79459
1.48704, 0.90779, 0.76366, -0.29823, -0.20103, -0.77431
1.51066, 0.90431, 0.74441, -0.33022, -0.19789, -0.75545
1.53438, 0.89988, 0.72659, -0.36222, -0.19216, -0.73369
1.55788, 0.89477, 0.70785, -0.39490, -0.18742, -0.70929
1.58124, 0.88903, 0.68899, -0.42731, -0.18322, -0.68626
1.60500, 0.88254, 0.67495, -0.45465, -0.17752, -0.66754
1.62893, 0.87541, 0.66454, -0.47648, -0.17416, -0.64810
1.65279, 0.86761, 0.65539, -0.49582, -0.17321, -0.62417
1.67663, 0.85915, 0.64673, -0.51446, -0.17258, -0.59949
1.70028, 0.85003, 0.63622, -0.53574, -0.17091, -0.57590
1.72396, 0.84028, 0.62597, -0.55706, -0.16821, -0.55582
1.74779, 0.82988, 0.61745, -0.57645, -0.16510, -0.53787
1.77141, 0.81900, 0.60778, -0.59609, -0.16366, -0.52173
1.79496, 0.80773, 0.59847, -0.61328, -0.16539, -0.50925
1.81845, 0.79604, 0.59015, -0.62711, -0.17106, -0.49674
1.84161, 0.78398, 0.57988, -0.64108, -0.18021, -0.48653
1.86495, 0.77130, 0.57125, -0.65339, -0.18857, -0.47950
1.88858, 0.75785, 0.56551, -0.66293, -0.19616, -0.47077
1.91270, 0.74353, 0.56298, -0.67123, -0.19910, -0.46477
1.93691, 0.72865, 0.56153, -0.67779, -0.20269, -0.46096
1.96060, 0.71348, 0.55621, -0.68645, -0.21005, -0.46027
1.98364, 0.69787, 0.54575, -0.69987, -0.21921, -0.46144
2.00597, 0.68191, 0.53037, -0.71658, -0.23232, -0.46429
2.02775, 0.66548, 0.51107, -0.73660, -0.24712, -0.47025
2.04976, 0.64811, 0.49343, -0.75694, -0.25813, -0.47449
2.07096, 0.62838, 0.47772, -0.77906, -0.27144, -0.48074
2.09078, 0.60627, 0.46080, -0.80621, -0.28781, -0.49684
2.11039, 0.58290, 0.44527, -0.83447, -0.30148, -0.52664
2.13033, 0.55864, 0.43252, -0.86202, -0.31010, -0.56826
2.15102, 0.53363, 0.42427, -0.88716, -0.31230, -0.62140
2.17217, 0.50831, 0.41972, -0.90685, -0.31508, -0.68454
2.19292, 0.48269, 0.41367, -0.92632, -0.31956, -0.75697
2.21343, 0.45621, 0.40849, -0.94520, -0.32427, -0.82078
2.23362, 0.42834, 0.40591, -0.96240, -0.33216, -0.84702
2.25216, 0.39965, 0.39592, -0.98649, -0.34563, -0.85246
2.26856, 0.37044, 0.37480, -1.02017, -0.36558, -0.84795
2.28325, 0.34045, 0.34439, -1.06422, -0.38613, -0.83947
2.29612, 0.30951, 0.30504, -1.11852, -0.40717, -0.82600
2.30480, 0.28126, 0.26923, -1.18115, -0.41594, -0.80750
