0.04737, -0.01599, 0.13416, 0.03046, -0.12154, -0.01366, 0.04481, 0.06247, -0.28451
0.03975, -0.05593, 0.21876, 0.02022, -0.27671, 0.06746, 0.10888, -0.07912, -0.42596
0.02405, -0.10140, 0.33774, -0.09592, -0.25828, -0.01441, -0.01228, -0.01802, -0.60916
0.01687, -0.17359, 0.44722, -0.15722, -0.28885, -0.13067, -0.02822, -0.13668, -0.62559
0.01325, -0.27544, 0.50450, -0.16293, -0.32761, -0.28126, 0.00374, -0.23350, -0.58171
0.00408, -0.40979, 0.51758, -0.18585, -0.30693, -0.42492, 0.09231, -0.32847, -0.49704
-0.01469, -0.56639, 0.48870, -0.22422, -0.30167, -0.36903, 0.15097, -0.28600, -0.49654
-0.03854, -0.73730, 0.47060, -0.30880, -0.28399, -0.20924, 0.15328, -0.14902, -0.67630
-0.06487, -0.89373, 0.49185, -0.33745, -0.32858, -0.32125, 0.05912, 0.05869, -0.88286
-0.11062, -1.07982, 0.49689, -0.45874, -0.28761, -0.29531, 0.20800, -0.09137, -0.94813
-0.14799, -1.26474, 0.44306, -0.47591, -0.31243, -0.18793, 0.23580, 0.02825, -1.09553
-0.17132, -1.43731, 0.41257, -0.31209, -0.60041, -0.10225, 0.17475, 0.23978, -1.27852
-0.19653, -1.61538, 0.41744, -0.20582, -0.76973, -0.14253, 0.21901, 0.21665, -1.39178
-0.22770, -1.78574, 0.47296, -0.22166, -0.67820, -0.46935, 0.25478, 0.08983, -1.48674
-0.26579, -1.95469, 0.52610, -0.18575, -0.81539, -0.44433, 0.22116, 0.00853, -1.60520
-0.33965, -2.10462, 0.54491, -0.26080, -0.80917, -0.43847, 0.14025, -0.06898, -1.70140
-0.42214, -2.24679, 0.51104, -0.37670, -0.70762, -0.42967, 0.25163, -0.28791, -1.69715
-0.48044, -2.36554, 0.35178, -0.40411, -0.57510, -0.42371, 0.46670, -0.33692, -1.69336
-0.54360, -2.46096, 0.12542, -0.42244, -0.38822, -0.37770, 0.56190, -0.19866, -1.73733
-0.60654, -2.55821, -0.14666, -0.48798, -0.11915, -0.29514, 0.80198, -0.21314, -1.69611
-0.62873, -2.59858, -0.39540, -0.47632, 0.07309, -0.21094, 0.83280, 0.06696, -1.75720
-0.66161, -2.58140, -0.57513, -0.20160, -0.24637, 0.08672, 0.49968, 0.78268, -1.93348
-0.71611, -2.58088, -0.66701, -0.08573, -0.38637, 0.23448, 0.23119, 1.18039, -1.98770
-0.70315, -2.52877, -0.69386, -0.06989, -0.30001, 0.14257, 0.40278, 0.96690, -1.91177
-0.67127, -2.43712, -0.72834, -0.02499, -0.15533, -0.09009, 0.68039, 0.54259, -1.74390
-0.65812, -2.32164, -0.75002, 0.06912, -0.08221, -0.31287, 0.82400, 0.23979, -1.57269
-0.66905, -2.20346, -0.73219, -0.00156, 0.06533, -0.37618, 0.82232, 0.09575, -1.44686
-0.68620, -2.07342, -0.70913, -0.02754, 0.14569, -0.42363, 0.82111, -0.04402, -1.30850
-0.72042, -1.94123, -0.71577, 0.07226, 0.04414, -0.37613, 0.81922, -0.23126, -1.12427
-0.77145, -1.83029, -0.75546, 0.06442, 0.16773, -0.42839, 0.81333, -0.42801, -0.86893
-0.84145, -1.72959, -0.82909, 0.09695, 0.23677, -0.41860, 0.71432, -0.49639, -0.60477
-0.92794, -1.65577, -0.92132, 0.08456, 0.38692, -0.41712, 0.53469, -0.44232, -0.40710
-1.01361, -1.61828, -1.00703, 0.10451, 0.45819, -0.40190, 0.33236, -0.32583, -0.26610
-1.08025, -1.61018, -1.04003, 0.28002, 0.18549, -0.28169, 0.18971, -0.28039, -0.27781
-1.13478, -1.63989, -1.05160, 0.41343, -0.05612, -0.20006, 0.06382, -0.28386, -0.28116
-1.19095, -1.70598, -1.04475, 0.45171, -0.15941, -0.22363, -0.12370, -0.22957, -0.27798
-1.25041, -1.81036, -1.01677, 0.43746, -0.31382, -0.02458, -0.37254, -0.11404, -0.27846
-1.30619, -1.97393, -0.99109, -0.03493, 0.19199, 0.13024, -0.53316, -0.10183, -0.28229
-1.31930, -2.13893, -1.02971, -0.16158, 0.22462, 0.28750, -0.51184, -0.22149, -0.28174
-1.32411, -2.31914, -1.05689, -0.19643, 0.12442, 0.42717, -0.49034, -0.36304, -0.28754
-1.32228, -2.53406, -1.09228, -0.33440, 0.23053, 0.43464, -0.51671, -0.43550, -0.31800
-1.31434, -2.77434, -1.13993, -0.46411, 0.34697, 0.43218, -0.58413, -0.43552, -0.37575
-1.26963, -2.77707, -1.04905, -0.45565, 0.25807, 0.40383, -0.56061, -0.61054, -0.48509
-1.21050, -2.73117, -1.07218, -0.30362, 0.14824, 0.40240, -0.40481, -0.67927, -0.63629
-1.14403, -2.70518, -1.24513, -0.11710, 0.19952, 0.34825, -0.12007, -0.60759, -0.78123
-1.07532, -2.69474, -1.45708, 0.11778, 0.26495, 0.18518, 0.24562, -0.56817, -0.78611
-1.01853, -2.71129, -1.63826, 0.38596, 0.21142, 0.03066, 0.51098, -0.59032, -0.62702
-0.99761, -2.75183, -1.71239, 0.55654, 0.11144, -0.10957, 0.42353, -0.49254, -0.39901
-0.99770, -2.74720, -1.66860, 0.38095, 0.30088, -0.10976, 0.03263, -0.08006, -0.26834
-0.93966, -2.74356, -1.57733, -0.00731, 0.60114, 0.10127, -0.33672, 0.30872, -0.27551
-0.85443, -2.70979, -1.49199, -0.12765, 0.45767, 0.43696, -0.23211, 0.05065, -0.27566
-0.74789, -2.66930, -1.47672, -0.03528, 0.18905, 0.66433, 0.10025, -0.37393, -0.30050
-0.64635, -2.64739, -1.51116, 0.13481, -0.00467, 0.57937, 0.34972, -0.52936, -0.45167
-0.55024, -2.65132, -1.53175, 0.25920, -0.05727, 0.20256, 0.53591, -0.69412, -0.50425
-0.47893, -2.68241, -1.52183, 0.36022, -0.09084, -0.29432, 0.45044, -0.61971, -0.55731
-0.43811, -2.75284, -1.46100, 0.42288, -0.30507, -0.42072, 0.12782, -0.39016, -0.51831
-0.39724, -2.76525, -1.31775, 0.13890, -0.23690, -0.20158, -0.37705, 0.00894, -0.41541
-0.30932, -2.79167, -1.16991, -0.46187, 0.21879, 0.19101, -0.80459, 0.30403, -0.25233
-0.15849, -2.75112, -1.16703, -0.49846, 0.05226, 0.74365, -0.54333, -0.05463, -0.27532
0.00880, -2.70889, -1.25363, -0.34592, -0.05478, 0.78350, -0.07112, -0.48069, -0.36920
0.16416, -2.68855, -1.39527, -0.09718, -0.08550, 0.46066, 0.33534, -0.65056, -0.55949
0.31767, -2.69227, -1.55172, 0.18434, -0.12514, 0.08640, 0.70177, -0.92185, -0.49274
0.42877, -2.71956, -1.67794, 0.41580, -0.13888, -0.28566, 0.68857, -0.81096, -0.51486
0.48920, -2.74594, -1.67044, 0.44970, -0.13952, -0.42845, 0.27181, -0.33098, -0.62629
0.53949, -2.74351, -1.51301, 0.01402, 0.22960, -0.23614, -0.28971, 0.18810, -0.58015
0.64572, -2.71973, -1.41751, -0.32115, 0.40208, 0.35994, -0.36354, 0.02599, -0.17909
0.80037, -2.66178, -1.36759, -0.30321, 0.23303, 0.84861, -0.12332, -0.32039, -0.26275
0.93894, -2.60371, -1.39307, -0.08863, 0.12481, 0.76895, 0.12395, -0.47247, -0.46965
1.08322, -2.56520, -1.48181, 0.17771, 0.07075, 0.56401, 0.38683, -0.51777, -0.68154
1.21414, -2.55451, -1.58925, 0.43437, 0.02465, 0.15532, 0.57295, -0.58650, -0.74750
1.31970, -2.58170, -1.64857, 0.55456, 0.07357, -0.24235, 0.50849, -0.47734, -0.78986
1.39265, -2.66040, -1.58355, 0.53735, -0.00785, -0.38862, 0.19101, -0.28663, -0.72142
1.46434, -2.76575, -1.37758, 0.28628, -0.16879, -0.02781, -0.25065, -0.15496, -0.49891
1.61162, -2.73034, -1.21695, -0.07287, -0.00176, 0.29626, -0.46877, -0.15345, -0.26610
1.81177, -2.68289, -1.18189, -0.29199, 0.19733, 0.54880, -0.36645, -0.29624, -0.27668
2.03405, -2.61990, -1.23386, -0.17828, 0.08424, 0.78103, -0.00548, -0.59704, -0.29964
2.24103, -2.57275, -1.33120, 0.07270, -0.15195, 0.70062, 0.35125, -0.75331, -0.39560
2.44272, -2.55468, -1.44906, 0.23161, -0.14371, 0.41234, 0.64475, -0.80541, -0.50515
2.59753, -2.54142, -1.56020, 0.45182, -0.13632, -0.10352, 0.63232, -0.67065, -0.51818
2.71662, -2.56934, -1.58357, 0.48085, -0.07595, -0.44085, 0.32936, -0.36068, -0.47039
2.82057, -2.67851, -1.42598, 0.17018, -0.13258, 0.01249, -0.15054, -0.12351, -0.25897
2.96894, -2.77440, -1.19640, -0.43922, 0.17813, 0.43945, -0.75547, 0.29382, -0.28348
3.15459, -2.71720, -1.05608, -0.54040, 0.02641, 0.81890, -0.77355, 0.10976, -0.27597
3.36506, -2.64571, -1.09738, -0.41628, -0.00545, 0.74967, -0.34813, -0.34402, -0.28939
3.58976, -2.59488, -1.25735, -0.14976, -0.05002, 0.59852, 0.11205, -0.55904, -0.40854
3.81868, -2.57436, -1.43617, 0.07275, 0.01264, 0.38308, 0.53527, -0.74314, -0.46267
4.02326, -2.56358, -1.59982, 0.40203, -0.05908, 0.06735, 0.76489, -0.80065, -0.49293
4.18711, -2.57474, -1.68723, 0.57375, -0.00952, -0.29938, 0.70996, -0.68998, -0.50806
4.30646, -2.63492, -1.65320, 0.57247, -0.03718, -0.37824, 0.31081, -0.36079, -0.49118
4.41879, -2.76114, -1.44739, 0.23871, -0.05458, 0.02104, -0.24792, -0.08874, -0.31092
4.59893, -2.76301, -1.20062, -0.30201, 0.27048, 0.38559, -0.82469, 0.29599, -0.27970
4.82036, -2.72863, -1.07116, -0.56997, 0.38557, 0.67078, -0.85388, 0.12606, -0.27423
5.05499, -2.65394, -1.10879, -0.36788, 0.07833, 0.80830, -0.39011, -0.38801, -0.28276
5.31377, -2.60456, -1.24992, -0.16776, 0.02383, 0.65708, 0.15564, -0.75196, -0.33892
5.57018, -2.58272, -1.41283, 0.06302, -0.02246, 0.44524, 0.59322, -0.84324, -0.54904
5.80255, -2.58039, -1.56831, 0.27141, -0.03835, 0.21601, 0.84577, -0.92612, -0.58697
5.95901, -2.58046, -1.67092, 0.48940, -0.08944, -0.12847, 0.63210, -0.65399, -0.65104
6.09020, -2.64183, -1.65291, 0.45279, -0.00947, -0.42347, 0.14680, -0.24206, -0.61043
6.23481, -2.74519, -1.44912, 0.14881, -0.07129, -0.10621, -0.39976, -0.02876, -0.33649
6.44308, -2.72626, -1.24453, -0.30263, 0.12881, 0.28292, -0.71251, 0.02636, -0.27353
6.70775, -2.66934, -1.20025, -0.50340, 0.23325, 0.65265, -0.46991, -0.37692, -0.27854
6.97710, -2.59650, -1.26784, -0.33170, 0.06902, 0.82698, -0.04445, -0.74467, -0.36432
7.23129, -2.53924, -1.40258, -0.05767, -0.02656, 0.67769, 0.33283, -0.84673, -0.58599
7.48103, -2.50922, -1.54586, 0.17889, -0.03264, 0.43987, 0.61928, -0.78027, -0.85248
7.72160, -2.49902, -1.67429, 0.42884, -0.12380, 0.30503, 0.85435, -0.76478, -0.97598
7.88889, -2.50270, -1.74860, 0.63496, -0.15463, -0.01823, 0.63299, -0.42652, -1.11678
8.04235, -2.57686, -1.69217, 0.56076, -0.00378, -0.38570, 0.18799, 0.00716, -1.13612
8.19277, -2.72198, -1.46495, 0.23764, -0.02627, -0.11915, -0.28073, 0.15167, -0.87313
8.37395, -2.75629, -1.18722, -0.24615, 0.15021, 0.27843, -0.68594, 0.14630, -0.41651
8.60610, -2.73830, -1.02834, -0.52423, 0.27760, 0.63350, -0.85394, 0.10634, -0.22533
8.87366, -2.68280, -1.00308, -0.44667, 0.07631, 0.78215, -0.47207, -0.36519, -0.27220
9.15608, -2.64578, -1.11867, -0.23570, -0.08073, 0.62391, 0.02150, -0.65228, -0.43226
9.43558, -2.63843, -1.34871, -0.03229, 0.01674, 0.29464, 0.47874, -0.84162, -0.45497
9.69733, -2.63830, -1.60038, 0.27743, 0.03594, -0.09012, 0.79078, -0.90380, -0.47110
9.92165, -2.65568, -1.77593, 0.51686, 0.00134, -0.35613, 0.82090, -0.77959, -0.51946
10.09307, -2.71102, -1.85395, 0.65426, -0.14556, -0.35844, 0.50798, -0.44553, -0.50194
10.23891, -2.74658, -1.73394, 0.44348, -0.10019, -0.28360, -0.00996, -0.05565, -0.36943
10.37170, -2.69021, -1.48304, -0.06868, 0.21673, -0.07897, -0.61927, 0.38270, -0.27678
10.55712, -2.61656, -1.28693, -0.51943, 0.43432, 0.41369, -0.78083, 0.29496, -0.27626
10.76302, -2.49428, -1.18523, -0.52152, 0.22592, 0.86917, -0.41428, -0.34247, -0.28167
10.96004, -2.37131, -1.18195, -0.25147, -0.01697, 0.78290, -0.07789, -0.62895, -0.46289
11.16976, -2.27487, -1.28691, 0.02736, -0.07939, 0.54256, 0.25688, -0.66602, -0.73100
11.39106, -2.21500, -1.40276, 0.23170, -0.05706, 0.35389, 0.56611, -0.62427, -0.95402
11.60594, -2.17594, -1.51031, 0.51037, -0.24170, 0.38069, 0.78440, -0.52590, -1.07473
11.76169, -2.13001, -1.57357, 0.69281, -0.28479, 0.26864, 0.72030, -0.38911, -1.07753
11.87569, -2.13105, -1.54327, 0.66976, -0.20130, 0.17785, 0.32019, 0.04188, -1.08379
11.97814, -2.20639, -1.39429, 0.28839, 0.13358, 0.22549, -0.17353, 0.37312, -0.85913
12.09255, -2.32217, -1.19410, -0.12904, 0.35174, 0.24858, -0.63057, 0.48350, -0.39760
12.26134, -2.44441, -1.00897, -0.50404, 0.47414, 0.43904, -0.81586, 0.33718, -0.27533
12.46499, -2.53408, -0.94814, -0.46784, 0.18038, 0.69201, -0.51016, -0.22243, -0.27720
12.69290, -2.63650, -1.07123, -0.23379, -0.05197, 0.71805, -0.08088, -0.57197, -0.33510
12.90672, -2.75094, -1.32033, 0.07028, -0.00315, 0.27686, 0.35730, -0.81828, -0.26772
13.07023, -2.67850, -1.36404, 0.38786, 0.00308, -0.48615, 0.54575, -0.90515, -0.32493
13.18358, -2.60668, -1.31012, 0.32540, -0.10092, -0.16147, 0.58183, -0.94633, -0.34974
13.26827, -2.55426, -1.33286, 0.19786, 0.00446, 0.18574, 0.50363, -0.80044, -0.35620
13.32146, -2.50546, -1.39833, 0.27855, -0.08424, 0.45981, 0.25946, -0.43135, -0.30999
13.36121, -2.51421, -1.38176, 0.08777, 0.16478, 0.37340, -0.15080, 0.04858, -0.27581
13.44773, -2.55161, -1.35278, -0.14806, 0.41837, 0.38220, -0.35748, 0.26088, -0.27585
13.56260, -2.56673, -1.35356, -0.10426, 0.27861, 0.51505, -0.08176, -0.14034, -0.27651
13.68564, -2.59295, -1.41973, 0.10829, 0.05271, 0.48779, 0.22368, -0.41168, -0.39161
13.80161, -2.63574, -1.49934, 0.34301, -0.05199, 0.09220, 0.47630, -0.63916, -0.44178
13.89780, -2.71714, -1.51489, 0.41050, -0.00396, -0.40026, 0.48511, -0.69313, -0.48539
13.96185, -2.74001, -1.41028, 0.39057, -0.16240, -0.40078, 0.18045, -0.48147, -0.55590
13.99776, -2.76942, -1.23307, -0.06073, 0.14109, -0.19146, -0.36765, -0.01860, -0.60460
14.07521, -2.80110, -1.12854, -0.50628, 0.42752, 0.32585, -0.61494, 0.08494, -0.29843
14.19663, -2.77531, -1.11538, -0.48696, 0.24880, 0.83203, -0.43030, -0.14703, -0.24619
14.31372, -2.74571, -1.18818, -0.26649, 0.04941, 0.72588, -0.08985, -0.43872, -0.26602
14.42939, -2.73285, -1.32919, -0.02884, 0.06159, 0.23544, 0.18754, -0.58056, -0.34117
14.56209, -2.74275, -1.45625, 0.20080, 0.06225, -0.29558, 0.45009, -0.74071, -0.38716
14.65377, -2.72950, -1.44383, 0.33123, -0.13526, -0.42518, 0.42521, -0.72136, -0.45894
14.69403, -2.75017, -1.35996, 0.30903, -0.37244, -0.13062, 0.08371, -0.44223, -0.52293
14.73071, -2.77825, -1.24026, -0.14269, -0.00192, 0.11512, -0.48031, 0.12650, -0.56634
14.83753, -2.77570, -1.18956, -0.53769, 0.33357, 0.51450, -0.58317, 0.11285, -0.26278
14.98394, -2.73115, -1.20550, -0.48006, 0.19885, 0.81296, -0.24023, -0.28299, -0.27791
15.12558, -2.69618, -1.30785, -0.24549, 0.09418, 0.70882, 0.12821, -0.47830, -0.44392
15.25938, -2.68098, -1.45600, 0.03591, 0.03919, 0.44673, 0.45820, -0.76054, -0.34841
15.36543, -2.68562, -1.55715, 0.31757, -0.00137, -0.05557, 0.50396, -0.70637, -0.43059
15.45368, -2.74249, -1.56098, 0.40544, 0.00706, -0.43154, 0.22971, -0.38666, -0.58045
15.54183, -2.74878, -1.38637, 0.27773, -0.19000, -0.05865, -0.14735, -0.15992, -0.56908
15.63523, -2.79077, -1.18129, -0.29057, 0.20980, 0.31140, -0.62784, 0.12917, -0.43164
15.78504, -2.78572, -1.09119, -0.54113, 0.34905, 0.71486, -0.66944, 0.01563, -0.26763
15.94517, -2.75298, -1.09944, -0.40548, 0.08449, 0.80032, -0.31982, -0.37918, -0.28021
16.11541, -2.73445, -1.23626, -0.17471, 0.01446, 0.51260, 0.12043, -0.60890, -0.37281
16.28619, -2.73865, -1.44081, 0.08443, 0.02707, 0.17280, 0.50408, -0.84981, -0.27846
16.43693, -2.70949, -1.56462, 0.32303, -0.00681, -0.19294, 0.70724, -0.87078, -0.39213
16.53416, -2.67015, -1.60506, 0.49349, -0.20665, -0.14572, 0.62531, -0.72046, -0.47930
16.58535, -2.68314, -1.57085, 0.42330, -0.24189, 0.05594, 0.22032, -0.31761, -0.55040
16.63940, -2.74912, -1.43258, 0.01890, 0.02582, 0.28102, -0.32145, 0.10302, -0.45817
16.75451, -2.75055, -1.32447, -0.37110, 0.35508, 0.51083, -0.55967, 0.18402, -0.25965
16.90997, -2.71480, -1.28928, -0.42334, 0.32508, 0.80181, -0.30998, -0.20836, -0.27740
17.06157, -2.67704, -1.33425, -0.23549, 0.20810, 0.77573, 0.02060, -0.49236, -0.40819
17.20998, -2.65929, -1.45125, -0.00555, 0.20826, 0.52807, 0.30886, -0.54425, -0.63198
17.35734, -2.66152, -1.56654, 0.26070, 0.15805, 0.23735, 0.60040, -0.72054, -0.67502
17.47178, -2.69228, -1.61928, 0.48864, 0.07220, -0.13020, 0.60857, -0.69698, -0.71115
17.55522, -2.74773, -1.55037, 0.52619, -0.01984, -0.34454, 0.28055, -0.43278, -0.75816
17.62332, -2.75596, -1.37020, 0.12665, 0.20951, -0.16366, -0.27659, 0.05638, -0.76600
17.74118, -2.76402, -1.25541, -0.32054, 0.49193, 0.32566, -0.44768, 0.02148, -0.35259
17.90336, -2.74459, -1.20379, -0.36432, 0.29302, 0.59772, -0.29603, -0.24601, -0.25302
18.09538, -2.72240, -1.25140, -0.19517, 0.00872, 0.73307, 0.08389, -0.58629, -0.28425
18.27745, -2.71715, -1.37820, 0.02483, -0.06717, 0.44666, 0.43720, -0.80549, -0.28703
18.44997, -2.72695, -1.51543, 0.22446, 0.02635, -0.16591, 0.67706, -0.91201, -0.31180
18.58237, -2.73837, -1.58867, 0.41030, -0.09311, -0.42393, 0.63110, -0.81171, -0.33581
18.64520, -2.73468, -1.51064, 0.39389, -0.33651, -0.07847, 0.18745, -0.38920, -0.41464
18.71684, -2.75285, -1.35648, -0.12888, 0.09105, 0.16024, -0.41496, 0.15557, -0.38152
18.87149, -2.73480, -1.25630, -0.55474, 0.42650, 0.50678, -0.55102, 0.14359, -0.25559
19.04943, -2.67180, -1.22301, -0.46465, 0.19802, 0.81725, -0.18210, -0.38553, -0.27807
19.22018, -2.61896, -1.30086, -0.16754, -0.01379, 0.73642, 0.14779, -0.57269, -0.48909
19.39301, -2.59447, -1.44623, 0.07975, 0.00387, 0.46857, 0.46008, -0.64710, -0.66859
19.54237, -2.58729, -1.56914, 0.37184, -0.00724, 0.00369, 0.59019, -0.66635, -0.73135
19.66968, -2.62409, -1.60862, 0.51234, 0.03010, -0.42853, 0.40486, -0.41236, -0.84984
19.77448, -2.73878, -1.46707, 0.35759, -0.07686, -0.19752, 0.00737, -0.17929, -0.83408
19.90673, -2.75045, -1.24004, -0.05969, 0.10093, 0.14462, -0.44278, 0.07089, -0.69418
20.08056, -2.72826, -1.11884, -0.41046, 0.36543, 0.50534, -0.51608, -0.11478, -0.20025
20.28252, -2.68914, -1.06495, -0.45364, 0.25202, 0.60898, -0.37100, -0.29965, -0.26148
20.50614, -2.64866, -1.14038, -0.22852, -0.02217, 0.66618, 0.02088, -0.56452, -0.32375
20.72746, -2.63135, -1.30990, -0.03114, 0.02037, 0.36496, 0.40315, -0.77521, -0.30387
20.93930, -2.62432, -1.51096, 0.23864, 0.03694, 0.01072, 0.69102, -0.85131, -0.34154
21.12975, -2.63231, -1.66404, 0.45711, 0.01916, -0.25476, 0.82766, -0.85143, -0.37379
21.26097, -2.66977, -1.71287, 0.55772, -0.06295, -0.35724, 0.53770, -0.51452, -0.46842
21.37963, -2.74541, -1.58919, 0.34549, -0.03271, -0.30905, 0.01063, -0.08790, -0.47562
21.52051, -2.71410, -1.39026, -0.06357, 0.18810, -0.11040, -0.35908, 0.05871, -0.26337
21.70460, -2.67830, -1.25000, -0.33065, 0.21475, 0.35282, -0.46526, -0.00223, -0.27531
21.92635, -2.62168, -1.20279, -0.31849, 0.05795, 0.71097, -0.15482, -0.47217, -0.27958
22.15026, -2.57810, -1.29006, -0.15067, -0.01131, 0.79734, 0.16319, -0.64046, -0.46293
22.36150, -2.55187, -1.42389, 0.07195, -0.00471, 0.65009, 0.43690, -0.63878, -0.69753
22.56339, -2.54127, -1.55951, 0.34509, -0.02562, 0.38449, 0.70435, -0.75901, -0.74547
22.72957, -2.54886, -1.65338, 0.56968, 0.01557, -0.05262, 0.72416, -0.70483, -0.79057
22.85598, -2.60080, -1.64125, 0.62401, 0.05875, -0.38027, 0.41871, -0.46492, -0.80074
22.95924, -2.74001, -1.43835, 0.34158, -0.00355, -0.06204, -0.12925, -0.19921, -0.69821
23.11620, -2.75610, -1.17905, -0.13755, 0.21117, 0.24056, -0.67125, 0.06348, -0.47912
23.32280, -2.72019, -1.03760, -0.43041, 0.37854, 0.30779, -0.87316, 0.07576, -0.21706
23.58179, -2.63952, -1.03573, -0.37101, 0.21170, 0.51128, -0.51488, -0.32130, -0.27190
23.86858, -2.56670, -1.15895, -0.13643, 0.00620, 0.57908, 0.02029, -0.65230, -0.40746
24.16144, -2.53244, -1.33060, 0.00293, 0.06348, 0.48420, 0.49903, -0.75230, -0.62302
24.43127, -2.51208, -1.51584, 0.24633, -0.01150, 0.41399, 0.84016, -0.93299, -0.57920
24.63732, -2.49046, -1.64374, 0.47659, -0.05277, 0.11674, 0.77398, -0.73232, -0.70507
24.80387, -2.49177, -1.70236, 0.64058, -0.07571, -0.28893, 0.47535, -0.42685, -0.72349
24.96147, -2.57873, -1.59223, 0.44897, -0.00537, -0.40859, -0.04937, -0.06989, -0.62204
25.12632, -2.73949, -1.35142, -0.05058, 0.08641, 0.00399, -0.65065, 0.14244, -0.28453
25.34310, -2.78091, -1.04002, -0.59246, 0.23912, 0.42691, -1.21932, 0.38454, -0.27289
25.57853, -2.70714, -0.95429, -0.49863, -0.09642, 0.82042, -0.98382, -0.06592, -0.27616
25.85774, -2.64080, -1.07167, -0.41977, 0.03805, 0.74458, -0.39388, -0.56352, -0.33898
26.14652, -2.59257, -1.27700, -0.16342, 0.03891, 0.65898, 0.17950, -0.76059, -0.53014
26.43106, -2.57253, -1.47857, 0.09173, 0.07009, 0.48055, 0.64886, -0.76276, -0.75824
26.67514, -2.56473, -1.66179, 0.40946, -0.03430, 0.36826, 0.84163, -0.82977, -0.73249
26.86098, -2.59248, -1.74593, 0.57394, 0.00122, 0.03908, 0.51668, -0.37952, -0.91240
27.04795, -2.69723, -1.66303, 0.47216, 0.10965, -0.28768, 0.02259, 0.05061, -0.91467
27.23547, -2.72684, -1.39095, 0.21111, 0.03240, -0.13855, -0.38796, 0.08775, -0.61013
27.43666, -2.67957, -1.14905, -0.03055, -0.01326, 0.19253, -0.61071, -0.05702, -0.26451
27.69041, -2.61517, -1.03946, -0.14679, 0.02183, 0.37322, -0.49565, -0.32306, -0.27732
27.95515, -2.55758, -1.06717, -0.09831, 0.02381, 0.25725, -0.18287, -0.56499, -0.33036
28.23240, -2.52334, -1.22324, 0.03000, 0.07127, 0.22431, 0.21945, -0.67392, -0.40216
28.50957, -2.50832, -1.42315, 0.23751, 0.04274, 0.29521, 0.61831, -0.78223, -0.37274
28.75422, -2.49218, -1.62347, 0.56770, -0.10703, 0.26909, 0.82631, -0.77600, -0.30293
28.93542, -2.48495, -1.74197, 0.76270, -0.08793, -0.01266, 0.67008, -0.50427, -0.26758
29.08891, -2.54155, -1.69133, 0.61160, 0.07770, -0.18180, 0.19838, -0.06179, -0.27767
29.26040, -2.67462, -1.45295, 0.15965, 0.15516, 0.14479, -0.39313, 0.28368, -0.27522
29.46699, -2.78446, -1.14913, -0.39956, 0.32706, 0.49403, -0.90921, 0.43955, -0.27818
29.68732, -2.76617, -0.92929, -0.53529, 0.13704, 0.73885, -0.86588, 0.00080, -0.27511
29.94733, -2.73440, -0.92968, -0.37164, -0.10068, 0.78561, -0.43972, -0.52781, -0.28521
30.21508, -2.72835, -1.12841, -0.14314, -0.05395, 0.57731, 0.03998, -0.70053, -0.40968
30.47401, -2.74119, -1.41681, 0.09849, 0.20809, 0.14024, 0.46406, -0.82470, -0.38129
30.70698, -2.69474, -1.61033, 0.45858, 0.15868, -0.15467, 0.72777, -0.83842, -0.42749
30.91001, -2.64224, -1.68236, 0.68601, -0.07373, 0.05098, 0.82360, -0.84004, -0.46132
31.04785, -2.62896, -1.67155, 0.71210, -0.18667, 0.12132, 0.52811, -0.55204, -0.52972
31.16126, -2.70441, -1.51344, 0.27121, 0.07681, 0.20838, -0.05578, -0.10556, -0.54696
31.31021, -2.74929, -1.28478, -0.29777, 0.41214, 0.38900, -0.65184, 0.26997, -0.37217
31.49778, -2.70973, -1.11668, -0.55408, 0.41576, 0.69103, -0.82802, 0.22132, -0.24332
31.70952, -2.62075, -1.09480, -0.40371, 0.15271, 0.80201, -0.44164, -0.28028, -0.27713
31.94550, -2.55581, -1.19609, -0.23933, 0.13138, 0.61116, 0.00940, -0.56204, -0.43467
32.19009, -2.52137, -1.33914, -0.05525, 0.13089, 0.42587, 0.42587, -0.66329, -0.65105
32.42545, -2.51074, -1.48719, 0.16264, 0.06535, 0.29848, 0.76954, -0.89770, -0.61861
32.61665, -2.50918, -1.59828, 0.38411, 0.00870, -0.00037, 0.78885, -0.77946, -0.73411
32.76102, -2.52588, -1.64505, 0.57376, -0.09469, -0.33757, 0.50795, -0.46098, -0.79603
32.88957, -2.62542, -1.52763, 0.39020, -0.05968, -0.39528, -0.00274, -0.08563, -0.74498
33.01802, -2.77092, -1.29701, -0.04688, 0.01531, -0.03873, -0.61288, 0.23433, -0.49605
33.20799, -2.80208, -1.10458, -0.50509, 0.23871, 0.36280, -0.83621, 0.14479, -0.21279
33.45810, -2.77847, -1.07245, -0.49994, 0.06360, 0.79313, -0.46561, -0.36639, -0.26563
33.71750, -2.76043, -1.19055, -0.29707, 0.00412, 0.77350, 0.00848, -0.65431, -0.45947
33.95144, -2.73664, -1.37336, -0.01985, 0.07814, 0.43210, 0.42562, -0.81660, -0.56444
34.14083, -2.63023, -1.49226, 0.33359, 0.02120, 0.09548, 0.62203, -0.80110, -0.68794
34.29994, -2.55564, -1.58438, 0.55703, -0.06952, 0.17333, 0.55170, -0.56863, -0.86806
34.41641, -2.53425, -1.55451, 0.59089, -0.14048, 0.09707, 0.21878, -0.23860, -0.97442
34.51807, -2.58504, -1.40053, 0.31329, -0.03896, 0.10217, -0.23356, 0.02295, -0.88068
34.62951, -2.69847, -1.21783, -0.25551, 0.37645, 0.22050, -0.72950, 0.24576, -0.58639
34.76454, -2.80959, -1.07605, -0.55362, 0.38513, 0.59533, -1.11422, 0.37054, -0.21362
34.91098, -2.81018, -1.03456, -0.38313, -0.00491, 0.80527, -0.93503, 0.07284, -0.26721
35.09225, -2.78188, -1.16071, -0.17003, -0.07368, 0.63849, -0.33277, -0.46000, -0.29343
35.26403, -2.71629, -1.28791, 0.01695, 0.05183, 0.20636, 0.15371, -0.64401, -0.48638
35.42509, -2.64359, -1.42158, 0.17877, 0.16551, -0.02595, 0.45560, -0.73969, -0.52744
35.55098, -2.59212, -1.54634, 0.44591, -0.01506, 0.06054, 0.45076, -0.60425, -0.57533
35.65025, -2.59243, -1.57399, 0.53325, -0.08341, 0.07353, 0.16660, -0.25318, -0.65154
35.74463, -2.66746, -1.45349, 0.27692, 0.01015, 0.25483, -0.23787, -0.00674, -0.53885
35.85690, -2.77132, -1.27836, -0.23737, 0.39742, 0.32621, -0.70457, 0.21828, -0.28876
36.01301, -2.72316, -1.13671, -0.40125, 0.38908, 0.41968, -0.78421, 0.13110, -0.26432
36.20385, -2.64486, -1.14754, -0.25836, 0.16940, 0.58563, -0.37868, -0.32083, -0.28029
36.41789, -2.59108, -1.24583, -0.09007, 0.07382, 0.56057, 0.10243, -0.63956, -0.36445
36.63327, -2.57114, -1.36414, 0.05016, 0.06095, 0.41672, 0.50799, -0.74034, -0.55423
36.83075, -2.56855, -1.50061, 0.26078, -0.04523, 0.32057, 0.79734, -0.96448, -0.43827
36.97403, -2.57324, -1.61421, 0.50224, -0.13588, -0.00392, 0.67662, -0.69482, -0.54372
37.07919, -2.62429, -1.62572, 0.48908, -0.00582, -0.41806, 0.30090, -0.34371, -0.49219
37.17308, -2.74630, -1.46398, 0.21663, -0.06466, -0.13719, -0.23189, -0.09471, -0.26387
37.32831, -2.76548, -1.22485, -0.29176, 0.13972, 0.24764, -0.83150, 0.30580, -0.27663
37.54103, -2.73196, -1.11862, -0.57941, 0.24179, 0.66657, -0.82783, 0.09227, -0.27461
37.77138, -2.65663, -1.17458, -0.41883, 0.07772, 0.80944, -0.35410, -0.43987, -0.29089
38.00838, -2.60205, -1.32325, -0.18964, 0.04793, 0.65968, 0.12022, -0.71183, -0.42813
38.24461, -2.57386, -1.48229, 0.04529, 0.04800, 0.42250, 0.52122, -0.80047, -0.65722
38.47584, -2.57212, -1.61765, 0.27239, -0.00406, 0.23919, 0.83887, -0.84568, -0.83167
38.61786, -2.56946, -1.71364, 0.56801, -0.13844, -0.09733, 0.64172, -0.60006, -0.94223
38.74312, -2.64202, -1.68427, 0.53587, -0.02767, -0.44593, 0.15534, -0.15982, -0.99429
38.88052, -2.75180, -1.45865, 0.23550, -0.11536, -0.07366, -0.33557, -0.02198, -0.75901
39.06510, -2.72120, -1.25957, -0.16334, 0.06586, 0.30809, -0.52287, -0.23305, -0.24467
39.29782, -2.67636, -1.20302, -0.41087, 0.29704, 0.58821, -0.58130, -0.20863, -0.27401
39.55481, -2.59919, -1.25016, -0.30638, 0.23214, 0.82627, -0.23521, -0.52488, -0.28225
39.79681, -2.52688, -1.33657, -0.03048, 0.01168, 0.68056, 0.16460, -0.75636, -0.37122
40.04581, -2.48956, -1.45295, 0.15471, -0.02492, 0.40468, 0.51043, -0.80309, -0.56416
40.29621, -2.48351, -1.56651, 0.32134, -0.09995, 0.26884, 0.75418, -0.69395, -0.78984
40.48188, -2.46832, -1.65498, 0.44597, -0.13936, 0.16311, 0.79954, -0.73507, -0.70407
40.61905, -2.47753, -1.69886, 0.54468, -0.15633, -0.08229, 0.47252, -0.37054, -0.72363
40.75027, -2.55726, -1.60547, 0.37793, -0.04758, -0.29085, -0.03300, 0.01992, -0.58906
40.89539, -2.69907, -1.37866, -0.04615, 0.04080, -0.03886, -0.55419, 0.17166, -0.24937
41.08704, -2.80575, -1.09234, -0.58634, 0.21375, 0.34686, -1.09853, 0.40665, -0.28091
41.29232, -2.75116, -0.96661, -0.49433, -0.16556, 0.72224, -0.90188, -0.06324, -0.27560
41.54673, -2.70736, -1.08038, -0.34763, -0.17248, 0.76901, -0.34613, -0.54587, -0.30894
41.80213, -2.68837, -1.30358, -0.12789, -0.03681, 0.56502, 0.19516, -0.72418, -0.45473
42.04718, -2.68662, -1.53836, 0.17216, 0.06421, 0.20728, 0.63064, -0.82532, -0.52750
42.26300, -2.70478, -1.72447, 0.48130, 0.09354, -0.19662, 0.76577, -0.79293, -0.53244
42.44229, -2.77288, -1.78155, 0.60855, 0.07238, -0.38810, 0.51999, -0.48012, -0.60661
42.54094, -2.72650, -1.59989, 0.52341, -0.10056, -0.16187, 0.06112, -0.22278, -0.45162
42.64921, -2.75679, -1.34861, -0.07524, 0.30624, 0.15384, -0.51537, 0.07690, -0.26983
42.82506, -2.76125, -1.17068, -0.46081, 0.48807, 0.44584, -0.66494, -0.02369, -0.27423
43.01934, -2.73041, -1.10603, -0.40968, 0.21069, 0.60182, -0.39061, -0.47332, -0.28067
43.22925, -2.70728, -1.22366, -0.16099, -0.02651, 0.61168, 0.02834, -0.74958, -0.30846
43.43283, -2.70731, -1.42095, 0.04212, 0.07615, 0.21973, 0.42246, -0.81237, -0.42325
43.63228, -2.72589, -1.61880, 0.29349, 0.06678, -0.05022, 0.74364, -0.87398, -0.44042
43.78006, -2.75650, -1.77114, 0.57466, -0.09671, -0.19430, 0.69844, -0.70830, -0.40490
43.87021, -2.75494, -1.75164, 0.56319, -0.05799, -0.37690, 0.24927, -0.18105, -0.45031
43.96819, -2.74332, -1.58207, 0.11858, 0.28514, -0.25819, -0.22057, 0.13863, -0.22137
44.12325, -2.71102, -1.42575, -0.18665, 0.31640, 0.28949, -0.36493, 0.11343, -0.27070
44.32002, -2.65017, -1.35550, -0.19627, 0.13362, 0.75700, -0.03116, -0.43536, -0.28040
44.50807, -2.60224, -1.39466, -0.07391, 0.11026, 0.77486, 0.21663, -0.58954, -0.49667
44.67878, -2.56509, -1.50293, 0.18387, 0.06574, 0.60285, 0.40224, -0.51897, -0.77094
44.84151, -2.55041, -1.59766, 0.44561, -0.02939, 0.23718, 0.63617, -0.64911, -0.82975
44.97753, -2.57599, -1.63349, 0.53579, 0.04218, -0.21614, 0.59992, -0.59789, -0.87290
45.08072, -2.65400, -1.56726, 0.52747, -0.03240, -0.42293, 0.24070, -0.29832, -0.90740
45.18034, -2.76339, -1.35277, 0.28079, -0.20783, -0.06787, -0.21537, -0.11091, -0.74832
45.34174, -2.74799, -1.16084, -0.12061, -0.02930, 0.26238, -0.35437, -0.31078, -0.28116
45.55002, -2.72979, -1.11834, -0.35953, 0.17305, 0.53156, -0.36214, -0.30695, -0.26988
45.78704, -2.69602, -1.18710, -0.27373, 0.12371, 0.74386, -0.05584, -0.50755, -0.28270
46.01358, -2.67365, -1.30567, -0.03023, -0.04398, 0.63737, 0.32148, -0.71951, -0.26887
46.22156, -2.65437, -1.47246, 0.29377, -0.11922, 0.15289, 0.60455, -0.82510, -0.30250
46.42112, -2.65923, -1.61721, 0.47456, 0.01441, -0.44609, 0.75728, -0.83778, -0.33347
46.56931, -2.70070, -1.66329, 0.55739, -0.13466, -0.37048, 0.59103, -0.67069, -0.32054
46.68051, -2.73848, -1.54825, 0.33583, -0.13639, -0.13610, 0.10261, -0.27267, -0.32190
46.80979, -2.72793, -1.36112, -0.21669, 0.26682, 0.12126, -0.37201, 0.07718, -0.27633
46.99628, -2.69074, -1.24831, -0.45824, 0.27270, 0.60064, -0.37236, -0.08354, -0.27542
47.19871, -2.63753, -1.22463, -0.37738, 0.08050, 0.82747, -0.06202, -0.49105, -0.28534
47.38448, -2.59707, -1.32484, -0.13622, -0.02078, 0.68510, 0.19817, -0.55092, -0.45341
47.57003, -2.57888, -1.46870, 0.07767, 0.04433, 0.36613, 0.47175, -0.62273, -0.53417
47.73905, -2.57426, -1.58220, 0.35141, 0.02147, -0.07961, 0.61196, -0.66600, -0.52887
47.88298, -2.60582, -1.61534, 0.50728, -0.01186, -0.44057, 0.45532, -0.46445, -0.56797
47.98756, -2.69098, -1.51711, 0.44174, -0.13022, -0.33387, 0.08991, -0.29449, -0.40133
48.09229, -2.75888, -1.30704, 0.05223, -0.00036, -0.01339, -0.51277, 0.10465, -0.27086
48.27705, -2.75628, -1.14782, -0.42446, 0.35738, 0.35883, -0.77943, 0.22646, -0.27549
48.51031, -2.70328, -1.10141, -0.46879, 0.25040, 0.78809, -0.37650, -0.36861, -0.27711
48.73438, -2.66310, -1.15679, -0.29585, 0.02901, 0.75284, 0.03724, -0.69291, -0.40123
48.94903, -2.64292, -1.31373, -0.04314, -0.05921, 0.46257, 0.41146, -0.79375, -0.53320
49.14348, -2.63537, -1.48682, 0.25107, -0.05878, -0.12426, 0.62307, -0.83379, -0.54150
49.30735, -2.65710, -1.60479, 0.44078, -0.10616, -0.43750, 0.54670, -0.65044, -0.57137
49.42923, -2.73414, -1.60662, 0.41832, -0.20770, -0.30725, 0.20274, -0.37577, -0.47455
49.53580, -2.72940, -1.41876, 0.16084, -0.28039, 0.07886, -0.24906, -0.16889, -0.23289
49.68140, -2.73024, -1.22826, -0.43816, 0.17849, 0.38730, -0.65092, 0.07981, -0.27910
49.87546, -2.67658, -1.19768, -0.51532, 0.11824, 0.78999, -0.42799, -0.26212, -0.27532
50.06828, -2.61833, -1.29332, -0.32206, 0.02749, 0.77589, -0.05458, -0.51615, -0.38723
50.25992, -2.58037, -1.44341, -0.07326, 0.01188, 0.54553, 0.32959, -0.64578, -0.54200
50.45663, -2.57070, -1.58122, 0.13102, 0.06723, 0.23067, 0.67826, -0.71468, -0.70548
50.62829, -2.57791, -1.70768, 0.38535, 0.01660, -0.04092, 0.82292, -0.75311, -0.74231
50.74659, -2.60513, -1.76485, 0.57488, -0.05831, -0.28967, 0.62285, -0.55720, -0.76610
50.84140, -2.70428, -1.67180, 0.44782, -0.00088, -0.39376, 0.13244, -0.22040, -0.71550
50.95955, -2.72774, -1.45443, 0.15225, 0.00852, -0.10115, -0.38239, 0.02861, -0.48843
51.12801, -2.68819, -1.27229, -0.29704, 0.29450, 0.29941, -0.72191, 0.14083, -0.25861
51.35289, -2.61168, -1.18048, -0.50971, 0.39875, 0.72923, -0.59680, -0.15654, -0.27743
51.57041, -2.51044, -1.16073, -0.37964, 0.27464, 0.77693, -0.27620, -0.51372, -0.35603
51.78319, -2.42749, -1.22371, -0.15073, 0.10402, 0.53809, 0.08981, -0.71233, -0.49319
52.01347, -2.37991, -1.33293, 0.02161, 0.06273, 0.31851, 0.45702, -0.78377, -0.66694
52.24327, -2.35974, -1.45052, 0.24827, -0.13469, 0.31772, 0.73186, -0.69065, -0.85308
52.42813, -2.33961, -1.57373, 0.43495, -0.23405, 0.28914, 0.82111, -0.68916, -0.79969
52.55692, -2.34055, -1.64434, 0.53577, -0.17252, -0.01771, 0.50253, -0.24764, -0.86297
52.68068, -2.40794, -1.57717, 0.39109, 0.00483, -0.33353, 0.04627, 0.15543, -0.72605
52.80604, -2.53548, -1.37423, 0.03292, 0.06357, -0.12172, -0.42566, 0.28879, -0.31185
52.97748, -2.70409, -1.12460, -0.51211, 0.25539, 0.27900, -0.97484, 0.55605, -0.25864
53.17922, -2.81726, -1.04151, -0.56208, 0.00456, 0.72953, -0.84872, 0.16680, -0.27510
53.37734, -2.81398, -0.96536, -0.39854, -0.25973, 0.75753, -0.41032, -0.50951, -0.29540
53.57539, -2.82306, -1.06804, -0.20625, -0.17467, 0.45968, -0.00803, -0.76497, -0.38605
53.74836, -2.75236, -1.12591, 0.06648, -0.07618, -0.14776, 0.28045, -1.02335, -0.28790
53.90958, -2.71548, -1.25895, 0.24369, -0.03027, -0.13999, 0.39926, -0.87595, -0.46432
54.03828, -2.69067, -1.40788, 0.33503, -0.00145, 0.04028, 0.55355, -0.89939, -0.38769
54.12650, -2.68523, -1.50833, 0.46278, -0.02435, -0.15568, 0.41092, -0.60827, -0.43072
54.19170, -2.74733, -1.47107, 0.33785, -0.00199, -0.16518, -0.00765, -0.16105, -0.44656
54.27858, -2.76536, -1.29430, -0.01832, 0.05994, 0.13726, -0.45267, 0.13293, -0.26636
54.42556, -2.78675, -1.16597, -0.43014, 0.26380, 0.48833, -0.60647, 0.15925, -0.27867
54.61901, -2.77800, -1.15130, -0.50430, 0.19207, 0.81014, -0.20455, -0.38302, -0.27922
54.79631, -2.77590, -1.24990, -0.30380, 0.04655, 0.75767, 0.15543, -0.68499, -0.32380
54.93316, -2.73185, -1.33997, 0.01342, -0.04644, 0.22955, 0.38963, -0.80603, -0.41512
55.08768, -2.71533, -1.44923, 0.27343, -0.07211, -0.24277, 0.59952, -0.89384, -0.46846
55.20568, -2.73308, -1.50677, 0.40872, -0.13193, -0.40530, 0.53741, -0.78426, -0.50860
55.27310, -2.74649, -1.41686, 0.31643, -0.13463, -0.38317, 0.12489, -0.41873, -0.57616
55.32672, -2.77710, -1.23260, -0.16473, 0.22386, -0.15104, -0.48302, 0.10449, -0.55828
55.44545, -2.78453, -1.14534, -0.50971, 0.42702, 0.37740, -0.59140, 0.02104, -0.19800
55.61648, -2.75641, -1.14131, -0.46356, 0.24946, 0.81200, -0.28587, -0.33579, -0.26616
55.77505, -2.73879, -1.23531, -0.25608, 0.08108, 0.71008, 0.07092, -0.57027, -0.38552
55.92104, -2.73484, -1.37737, 0.02531, 0.00796, 0.26015, 0.37344, -0.78776, -0.35850
56.05110, -2.74259, -1.46842, 0.26592, -0.01930, -0.35766, 0.43057, -0.73561, -0.44963
56.13983, -2.75469, -1.42242, 0.35352, -0.25154, -0.36182, 0.15648, -0.44124, -0.57449
56.21231, -2.77373, -1.25579, 0.00385, -0.10793, -0.09437, -0.30658, -0.06332, -0.60181
56.31836, -2.80025, -1.13327, -0.51891, 0.30580, 0.30061, -0.57718, 0.06294, -0.33720
56.46292, -2.77416, -1.11918, -0.48204, 0.08743, 0.80211, -0.43943, -0.11689, -0.26200
56.62592, -2.74288, -1.20854, -0.28196, 0.01421, 0.75762, -0.03561, -0.47924, -0.26906
56.78695, -2.73108, -1.36560, -0.04792, 0.09996, 0.41136, 0.31414, -0.68993, -0.34523
56.94442, -2.73386, -1.51366, 0.23858, 0.13814, -0.07978, 0.56514, -0.79671, -0.45899
57.06662, -2.73106, -1.55435, 0.45422, 0.04086, -0.38776, 0.52284, -0.70764, -0.59955
57.13315, -2.73547, -1.46357, 0.44287, -0.10610, -0.20426, 0.13927, -0.37542, -0.73087
57.21076, -2.75797, -1.31841, -0.00141, 0.22612, 0.16149, -0.34569, 0.00968, -0.71580
57.33951, -2.74304, -1.22309, -0.22133, 0.29362, 0.33590, -0.40593, -0.18156, -0.29893
57.50371, -2.71421, -1.21620, -0.17462, 0.10299, 0.51608, -0.27348, -0.35803, -0.24680
57.69012, -2.69103, -1.33090, -0.03441, 0.03349, 0.53036, 0.02827, -0.50024, -0.33400
57.87976, -2.68803, -1.46652, 0.07277, 0.15609, 0.24454, 0.36548, -0.62024, -0.44303
58.06387, -2.69939, -1.59683, 0.30535, 0.09229, -0.04914, 0.66299, -0.79753, -0.41494
58.21048, -2.73847, -1.68346, 0.51882, -0.05115, -0.26813, 0.61304, -0.66627, -0.44606
58.29201, -2.73200, -1.58611, 0.46654, -0.08569, -0.41182, 0.22946, -0.35443, -0.42803
58.35854, -2.74564, -1.38682, -0.00961, 0.24705, -0.28118, -0.38495, 0.14113, -0.35700
58.49949, -2.71544, -1.23916, -0.41326, 0.42794, 0.25065, -0.56878, 0.14327, -0.24534
58.69646, -2.64634, -1.17273, -0.43453, 0.21361, 0.83369, -0.20392, -0.41409, -0.27932
58.88105, -2.58144, -1.20529, -0.25936, 0.12413, 0.77462, 0.12108, -0.63640, -0.48995
59.06016, -2.53487, -1.31927, -0.00127, 0.07948, 0.57800, 0.42567, -0.71708, -0.68366
59.22772, -2.50851, -1.44553, 0.23654, 0.10891, 0.28352, 0.64558, -0.78137, -0.78147
59.36802, -2.50192, -1.51809, 0.43189, 0.11164, -0.04809, 0.66934, -0.72556, -0.85374
59.47220, -2.53420, -1.49260, 0.53185, 0.02198, -0.26417, 0.40060, -0.47884, -0.90211
59.54841, -2.63923, -1.32416, 0.34466, -0.08388, -0.02445, -0.07862, -0.20235, -0.82249
59.62364, -2.82181, -1.11250, -0.24321, 0.28238, 0.16194, -0.69251, 0.15638, -0.59263
59.76996, -2.83486, -0.85548, -0.59230, 0.32630, 0.31241, -1.13848, 0.30436, -0.26254
59.96534, -2.79593, -0.80421, -0.45920, -0.02545, 0.58248, -0.98041, 0.08025, -0.27557
60.21406, -2.76525, -0.98018, -0.25126, -0.10190, 0.57128, -0.36072, -0.41916, -0.25907
60.47227, -2.76518, -1.25804, -0.07659, 0.10543, 0.28220, 0.19700, -0.71627, -0.30464
60.69501, -2.65833, -1.37957, 0.21284, 0.04876, -0.07562, 0.58424, -0.92153, -0.42028
60.90434, -2.56258, -1.43479, 0.36392, -0.06432, -0.03195, 0.79434, -0.98381, -0.61658
61.08062, -2.48226, -1.49301, 0.49633, -0.27894, 0.34904, 0.80032, -0.87543, -0.82385
61.20647, -2.42454, -1.53533, 0.50657, -0.23999, 0.47734, 0.51973, -0.49147, -1.04083
61.30396, -2.42442, -1.48039, 0.30311, 0.05397, 0.30149, 0.04714, -0.00346, -1.11574
61.40903, -2.47223, -1.36126, 0.05303, 0.24504, 0.25983, -0.41497, 0.34360, -0.90614
61.52730, -2.54521, -1.24979, -0.21856, 0.40082, 0.37019, -0.66886, 0.30407, -0.36338
61.69521, -2.61414, -1.18609, -0.39183, 0.45831, 0.47387, -0.69162, 0.16648, -0.25641
61.89349, -2.65848, -1.22134, -0.28647, 0.25133, 0.61064, -0.29277, -0.31960, -0.27897
62.10292, -2.71178, -1.36969, -0.02483, 0.08774, 0.49845, 0.16687, -0.62755, -0.37933
62.28601, -2.70982, -1.50368, 0.36369, -0.08681, 0.03776, 0.56361, -0.77588, -0.49215
62.44322, -2.65514, -1.57791, 0.52721, -0.00175, -0.34011, 0.77768, -0.91080, -0.44328
62.54340, -2.62993, -1.61897, 0.62039, -0.10330, -0.10927, 0.66101, -0.74369, -0.46744
62.60325, -2.66666, -1.55538, 0.42911, -0.08946, 0.38346, 0.21238, -0.35192, -0.47717
62.67987, -2.75042, -1.40170, -0.05547, 0.26921, 0.37026, -0.38951, 0.12381, -0.37117
62.82514, -2.72149, -1.27007, -0.36880, 0.44326, 0.46903, -0.64509, 0.24840, -0.25797
63.00691, -2.65251, -1.22415, -0.35846, 0.28532, 0.68528, -0.32805, -0.22704, -0.27634
63.20517, -2.59020, -1.28611, -0.13531, 0.03750, 0.78767, 0.05895, -0.52266, -0.43238
63.40028, -2.55373, -1.40042, 0.07456, -0.02366, 0.62773, 0.39038, -0.60338, -0.66289
63.58818, -2.54462, -1.50798, 0.24192, 0.01453, 0.31993, 0.66490, -0.78378, -0.70732
63.73628, -2.55029, -1.58871, 0.47756, -0.04254, -0.11597, 0.62029, -0.64244, -0.81159
63.85829, -2.61262, -1.56433, 0.50812, -0.04634, -0.43109, 0.26603, -0.27506, -0.90052
63.96540, -2.75934, -1.36558, 0.15457, -0.03696, -0.09967, -0.20340, -0.06420, -0.76958
64.11362, -2.78886, -1.11060, -0.37196, 0.20610, 0.30616, -0.61904, 0.03098, -0.46951
64.29682, -2.79877, -0.99909, -0.54514, 0.17182, 0.74792, -0.77341, 0.03934, -0.26893
64.51468, -2.77103, -1.04242, -0.38930, 0.06754, 0.74792, -0.39893, -0.32871, -0.27624
64.73868, -2.75994, -1.21924, -0.09228, -0.02375, 0.41977, 0.07844, -0.62746, -0.27550
64.95760, -2.74088, -1.43725, 0.16451, 0.11709, -0.11731, 0.44655, -0.75847, -0.31711
65.16994, -2.72553, -1.58985, 0.38271, 0.04700, -0.18809, 0.71517, -0.87176, -0.36817
65.33446, -2.73170, -1.69162, 0.56193, -0.11124, -0.09892, 0.69537, -0.76232, -0.44161
65.44239, -2.73785, -1.68162, 0.57230, -0.11553, -0.19978, 0.30366, -0.32233, -0.55773
65.52987, -2.74529, -1.51821, 0.12054, 0.28449, -0.16577, -0.25887, 0.15618, -0.51566
65.66640, -2.71861, -1.38965, -0.18876, 0.40436, 0.29190, -0.41543, 0.08779, -0.26768
65.84575, -2.65974, -1.31894, -0.18117, 0.19031, 0.73070, -0.17466, -0.33802, -0.27844
66.01964, -2.61525, -1.34057, -0.06620, 0.01898, 0.73083, 0.07802, -0.54952, -0.42780
66.19050, -2.59115, -1.41814, 0.06422, -0.00135, 0.48466, 0.34194, -0.65319, -0.58871
66.36145, -2.58664, -1.50646, 0.25740, -0.05919, 0.13735, 0.60394, -0.71887, -0.70751
66.52522, -2.60874, -1.59126, 0.38539, -0.03286, -0.23029, 0.80640, -0.89231, -0.61568
66.64369, -2.64984, -1.64736, 0.54973, -0.18209, -0.40999, 0.65384, -0.68426, -0.62787
66.72212, -2.75850, -1.57424, 0.39040, -0.15881, -0.39399, 0.17136, -0.26350, -0.61202
66.82610, -2.72828, -1.35664, 0.03017, -0.06742, -0.11731, -0.28511, -0.01507, -0.37760
66.97038, -2.71647, -1.19963, -0.34431, 0.07394, 0.34069, -0.56926, 0.11207, -0.25272
67.17250, -2.67681, -1.18336, -0.44032, 0.09053, 0.68766, -0.31953, -0.21801, -0.27693
67.38264, -2.63952, -1.27680, -0.27190, -0.00691, 0.80230, 0.06244, -0.48254, -0.38951
67.57541, -2.61915, -1.42054, -0.03272, 0.03246, 0.49122, 0.42462, -0.67016, -0.45312
67.75828, -2.61134, -1.56207, 0.28901, 0.03075, -0.03640, 0.69000, -0.80490, -0.46349
67.91479, -2.62937, -1.64605, 0.52114, -0.00032, -0.42598, 0.66607, -0.69761, -0.52020
68.02743, -2.71169, -1.57723, 0.45994, -0.05337, -0.34751, 0.27867, -0.37781, -0.57325
68.15214, -2.73810, -1.36340, 0.08551, 0.08351, -0.03253, -0.19745, -0.10692, -0.48459
68.31580, -2.69761, -1.19434, -0.23948, 0.23794, 0.38453, -0.47176, -0.04135, -0.22901
68.50811, -2.64007, -1.08472, -0.30554, 0.13797, 0.57532, -0.48306, -0.13965, -0.27394
68.71944, -2.58280, -1.09179, -0.20175, 0.00056, 0.54629, -0.20155, -0.42736, -0.29930
68.94690, -2.54710, -1.21865, -0.02997, -0.02163, 0.42731, 0.19927, -0.64224, -0.33452
69.17371, -2.53361, -1.38514, 0.17397, -0.01230, 0.26819, 0.57933, -0.80347, -0.33406
69.37871, -2.52528, -1.55024, 0.45877, -0.05726, -0.04152, 0.80332, -0.84854, -0.32919
69.53648, -2.53169, -1.64544, 0.62211, -0.03923, -0.35225, 0.72355, -0.68451, -0.32820
69.64807, -2.59648, -1.59178, 0.52327, -0.04130, -0.30777, 0.27858, -0.28219, -0.32519
69.76396, -2.74059, -1.37600, 0.07725, 0.02682, 0.13519, -0.33308, 0.11305, -0.27116
69.94892, -2.77322, -1.09114, -0.48108, 0.28354, 0.48897, -0.84819, 0.37074, -0.27686
70.16369, -2.71449, -0.93710, -0.52042, 0.08302, 0.84208, -0.75148, 0.00845, -0.27521
70.40122, -2.65370, -0.94718, -0.37747, -0.01336, 0.67227, -0.32617, -0.46910, -0.30579
70.64582, -2.61863, -1.13063, -0.10628, -0.03269, 0.33254, 0.12862, -0.69655, -0.34655
70.88996, -2.60702, -1.38755, 0.16421, 0.05571, 0.01438, 0.52083, -0.80695, -0.36321
71.12505, -2.61366, -1.61630, 0.36764, 0.17614, -0.22638, 0.83792, -0.88579, -0.39618
71.28166, -2.62789, -1.75272, 0.60544, 0.03044, -0.25053, 0.67002, -0.56674, -0.52668
71.41802, -2.71435, -1.73642, 0.55887, -0.00402, -0.21924, 0.21157, -0.08036, -0.60472
71.56308, -2.72254, -1.51742, 0.28489, -0.08661, 0.10617, -0.17880, 0.02740, -0.36724
71.72152, -2.66499, -1.28290, -0.08805, 0.03710, 0.39503, -0.55950, 0.17862, -0.26271
71.91578, -2.59255, -1.13670, -0.33827, 0.20666, 0.55985, -0.58096, 0.00124, -0.27656
72.13394, -2.50407, -1.10714, -0.27727, 0.13786, 0.71228, -0.29743, -0.36874, -0.29484
72.34246, -2.43195, -1.17530, -0.05006, -0.08177, 0.61196, 0.00999, -0.52921, -0.40566
72.56648, -2.39650, -1.28316, 0.06300, -0.05592, 0.42357, 0.36039, -0.64595, -0.52987
72.79033, -2.38751, -1.40256, 0.19060, -0.06292, 0.30555, 0.68190, -0.76774, -0.56430
72.97312, -2.37490, -1.53073, 0.43474, -0.15451, 0.04840, 0.77051, -0.71401, -0.55599
73.10704, -2.36846, -1.61553, 0.61754, -0.16855, -0.33353, 0.57992, -0.44722, -0.50575
73.21551, -2.43686, -1.54305, 0.45950, -0.09392, -0.38063, 0.10793, -0.03859, -0.39963
73.33666, -2.57810, -1.31701, -0.04873, 0.06941, 0.01534, -0.44405, 0.24486, -0.25759
73.51184, -2.74061, -1.09368, -0.61395, 0.29706, 0.49800, -0.89687, 0.42947, -0.27622
73.69913, -2.84152, -1.04646, -0.54849, -0.00186, 0.81761, -0.73024, 0.04003, -0.27579
73.86800, -2.82107, -0.97072, -0.35307, -0.17904, 0.55644, -0.34267, -0.54692, -0.28881
74.04538, -2.80330, -1.08633, -0.07411, -0.13772, 0.14509, 0.02966, -0.78073, -0.30991
74.18864, -2.69644, -1.21371, 0.19971, -0.02686, -0.14895, 0.20188, -0.72087, -0.40445
74.31220, -2.62141, -1.36547, 0.42444, -0.08949, -0.04223, 0.31387, -0.59916, -0.46064
74.40123, -2.59011, -1.43542, 0.41300, -0.07340, -0.04681, 0.27343, -0.43317, -0.50803
74.47148, -2.59145, -1.44814, 0.37988, -0.10266, -0.10709, 0.07877, -0.18611, -0.48724
74.53392, -2.64835, -1.36016, 0.13599, -0.09052, 0.06585, -0.20537, -0.03511, -0.28687
74.62438, -2.76691, -1.24979, -0.43392, 0.31015, 0.29956, -0.65293, 0.35810, -0.28231
74.72850, -2.77053, -1.13047, -0.55097, 0.09453, 0.66170, -0.59453, 0.08743, -0.27426
74.85984, -2.75296, -1.14968, -0.42997, -0.15102, 0.78940, -0.20434, -0.36465, -0.29679
74.98220, -2.76027, -1.29939, -0.22246, -0.17710, 0.49801, 0.17371, -0.62968, -0.27472
75.07595, -2.71733, -1.38054, 0.01468, -0.12585, -0.20087, 0.40270, -0.76456, -0.33478
75.16470, -2.68890, -1.43319, 0.21403, -0.26035, -0.39749, 0.49286, -0.77675, -0.38684
75.20734, -2.69672, -1.45180, 0.29783, -0.36123, -0.35903, 0.30804, -0.55024, -0.41549
75.21925, -2.77041, -1.36796, 0.07411, -0.25859, -0.09974, -0.10706, -0.20679, -0.36483
75.29199, -2.76145, -1.26143, -0.37874, 0.16036, 0.22886, -0.55360, 0.22524, -0.26580
75.42714, -2.72458, -1.21053, -0.53747, 0.19124, 0.72730, -0.50438, 0.09659, -0.27306
75.57512, -2.67248, -1.23443, -0.41220, 0.11656, 0.79058, -0.09675, -0.36872, -0.29124
75.71413, -2.63582, -1.36289, -0.07761, -0.03804, 0.66282, 0.25269, -0.54470, -0.38326
75.84358, -2.61886, -1.50508, 0.21798, 0.01466, 0.16052, 0.52515, -0.71432, -0.35115
75.96781, -2.63411, -1.58639, 0.41649, 0.10621, -0.39097, 0.57885, -0.67283, -0.40246
76.05426, -2.69752, -1.54202, 0.47316, -0.04158, -0.36777, 0.35663, -0.52815, -0.37195
76.11461, -2.74843, -1.40663, 0.28420, -0.11867, 0.06360, -0.13369, -0.18426, -0.28136
76.23439, -2.75466, -1.26646, -0.23128, 0.33908, 0.40006, -0.65179, 0.30193, -0.27563
76.40156, -2.71948, -1.15958, -0.39587, 0.31843, 0.55848, -0.54329, -0.01646, -0.27420
76.59510, -2.67411, -1.15182, -0.25811, 0.02180, 0.66346, -0.15888, -0.48722, -0.31707
76.79560, -2.65363, -1.27155, -0.07366, -0.05886, 0.50247, 0.23486, -0.69182, -0.43802
76.98999, -2.65569, -1.42859, 0.11906, -0.01615, 0.13966, 0.58780, -0.87662, -0.45024
77.14694, -2.67113, -1.56701, 0.37218, -0.06863, -0.26739, 0.61900, -0.75699, -0.51329
77.26092, -2.73014, -1.60664, 0.43726, -0.11132, -0.42878, 0.35230, -0.49785, -0.48168
77.34430, -2.73714, -1.44759, 0.23933, -0.24462, -0.00942, -0.09634, -0.27154, -0.29202
77.44552, -2.77779, -1.24241, -0.38946, 0.19876, 0.36598, -0.74486, 0.23456, -0.27622
77.59789, -2.74459, -1.14041, -0.56295, 0.15693, 0.83557, -0.81159, 0.15031, -0.27513
77.76007, -2.67335, -1.17396, -0.40435, 0.06656, 0.76365, -0.36890, -0.36722, -0.28327
77.93748, -2.62590, -1.32202, -0.16212, 0.04460, 0.58411, 0.06177, -0.56857, -0.44816
78.12214, -2.60729, -1.48348, 0.05722, 0.07666, 0.36247, 0.45719, -0.64937, -0.65227
78.30150, -2.61390, -1.61627, 0.26456, 0.08322, 0.11875, 0.80447, -0.86151, -0.65717
78.42084, -2.63188, -1.70526, 0.53269, -0.04652, -0.17241, 0.72030, -0.68634, -0.74529
78.50727, -2.71316, -1.66522, 0.51045, -0.01154, -0.41219, 0.27776, -0.25876, -0.82908
78.61660, -2.72977, -1.45631, 0.29899, -0.12020, -0.13542, -0.16044, -0.03871, -0.67750
78.75256, -2.69054, -1.27588, -0.04836, 0.02053, 0.24699, -0.38318, -0.11171, -0.24772
78.94309, -2.64133, -1.20651, -0.24018, 0.15320, 0.56934, -0.39329, -0.15734, -0.27243
79.16033, -2.57658, -1.21932, -0.15435, 0.06249, 0.73250, -0.06288, -0.50431, -0.28549
79.37386, -2.52707, -1.29813, 0.07715, -0.12407, 0.69014, 0.26014, -0.65205, -0.42083
79.58374, -2.50413, -1.40986, 0.26028, -0.13372, 0.48683, 0.54295, -0.70189, -0.56029
79.76466, -2.49195, -1.51845, 0.48861, -0.15140, 0.12880, 0.64917, -0.69303, -0.58899
79.90408, -2.50526, -1.55947, 0.56097, -0.04208, -0.28001, 0.51091, -0.56727, -0.54231
80.01126, -2.58177, -1.45824, 0.38091, 0.04240, -0.34839, 0.08091, -0.29328, -0.45051
80.11034, -2.73294, -1.25685, -0.08228, 0.19148, 0.01627, -0.55682, 0.10349, -0.27075
80.27565, -2.81773, -0.99611, -0.58219, 0.34521, 0.46145, -1.15958, 0.49217, -0.27662
80.46941, -2.76446, -0.89696, -0.51647, 0.04599, 0.80636, -0.92016, 0.02179, -0.27383
80.70273, -2.72013, -0.98378, -0.36229, -0.05394, 0.68152, -0.32754, -0.54010, -0.29965
80.94315, -2.70775, -1.20484, -0.16810, 0.06720, 0.32994, 0.22773, -0.77963, -0.37248
81.16984, -2.70940, -1.47288, 0.11471, 0.16459, -0.08284, 0.63205, -0.94098, -0.30499
81.37986, -2.72995, -1.67978, 0.39617, 0.09849, -0.30137, 0.82551, -0.88951, -0.38705
81.50656, -2.74876, -1.74839, 0.52929, -0.03313, -0.31184, 0.60562, -0.67751, -0.33719
81.58323, -2.74570, -1.63741, 0.18723, 0.19006, -0.08344, -0.00749, -0.09378, -0.38766
81.71885, -2.72388, -1.48474, -0.25069, 0.40429, 0.41001, -0.45507, 0.21346, -0.26912
81.89451, -2.67770, -1.33256, -0.52317, 0.45340, 0.82804, -0.51665, 0.02027, -0.27772
82.04677, -2.60445, -1.24666, -0.44121, 0.32031, 0.79820, -0.34627, -0.34646, -0.28849
82.20508, -2.53662, -1.31377, -0.15398, 0.14069, 0.67751, -0.11045, -0.47008, -0.41272
82.38471, -2.49220, -1.43494, 0.09461, 0.10272, 0.47854, 0.21433, -0.59277, -0.53321
82.57233, -2.47850, -1.55300, 0.29328, 0.10373, 0.30784, 0.50657, -0.63837, -0.68447
82.75708, -2.49498, -1.64476, 0.45860, 0.09715, 0.13844, 0.71769, -0.59283, -0.84091
82.90327, -2.51889, -1.70697, 0.61691, 0.05456, -0.03642, 0.81257, -0.70262, -0.76075
83.00452, -2.58394, -1.68457, 0.67160, -0.00765, -0.18765, 0.49536, -0.40033, -0.81444
83.08736, -2.73047, -1.49030, 0.39907, -0.06760, 0.07034, -0.03845, -0.08277, -0.74022
83.22996, -2.74087, -1.24123, -0.10699, 0.22776, 0.31808, -0.53142, 0.17330, -0.51395
83.42009, -2.69500, -1.08043, -0.40070, 0.40087, 0.30128, -0.67783, 0.09138, -0.22897
83.66307, -2.61668, -1.01932, -0.33621, 0.17333, 0.49837, -0.35432, -0.34826, -0.27201
83.92999, -2.55623, -1.09269, -0.12940, -0.02041, 0.52608, 0.07179, -0.60591, -0.44318
84.18673, -2.52452, -1.25554, 0.06327, -0.03616, 0.36527, 0.45871, -0.85119, -0.41366
84.43058, -2.50903, -1.42883, 0.26811, -0.00338, 0.08473, 0.71674, -0.87015, -0.52987
84.64599, -2.50329, -1.55530, 0.43267, -0.03005, -0.07382, 0.83066, -0.85408, -0.59400
84.80056, -2.51552, -1.60563, 0.54825, -0.13876, -0.15113, 0.52183, -0.46724, -0.73761
84.93868, -2.60388, -1.50333, 0.32402, -0.03236, -0.21500, -0.00553, -0.01784, -0.75355
85.09099, -2.76072, -1.30369, -0.23080, 0.27806, -0.00005, -0.52779, 0.20713, -0.48453
85.26863, -2.78293, -1.02042, -0.59699, 0.22856, 0.44496, -0.98980, 0.31805, -0.24594
85.48260, -2.72003, -0.91152, -0.48428, -0.14187, 0.78886, -0.89839, 0.06447, -0.27417
85.74311, -2.66534, -1.02434, -0.33347, -0.11594, 0.74667, -0.34790, -0.41158, -0.29093
86.01679, -2.63596, -1.22542, -0.09859, -0.02106, 0.53025, 0.23116, -0.69107, -0.36669
86.27895, -2.62723, -1.46207, 0.17143, 0.10967, 0.23437, 0.68241, -0.91814, -0.29429
86.50158, -2.62261, -1.65727, 0.48276, 0.07625, 0.07221, 0.85039, -0.86821, -0.37220
86.65470, -2.64821, -1.71744, 0.61349, 0.06497, -0.06692, 0.53441, -0.48631, -0.49484
86.79341, -2.75564, -1.58833, 0.41585, 0.04811, 0.12602, -0.00443, -0.11764, -0.44896
86.95091, -2.72847, -1.32943, -0.00099, 0.24358, 0.20203, -0.58371, 0.20376, -0.24951
87.16295, -2.70524, -1.11535, -0.45337, 0.52847, 0.28217, -0.86917, 0.25798, -0.27292
87.40671, -2.63321, -1.02974, -0.48529, 0.34579, 0.54653, -0.51770, -0.33494, -0.27898
87.66844, -2.56315, -1.09473, -0.24988, 0.07512, 0.63346, -0.09434, -0.64106, -0.44339
87.93519, -2.52065, -1.26478, -0.03479, 0.07931, 0.46322, 0.32850, -0.71167, -0.67595
88.19875, -2.50494, -1.44097, 0.18941, 0.05556, 0.35352, 0.70513, -0.85909, -0.72910
88.42462, -2.49977, -1.58535, 0.45216, -0.01880, 0.10664, 0.81128, -0.80956, -0.79614
88.59929, -2.51533, -1.64726, 0.58939, -0.00074, -0.27408, 0.62128, -0.62192, -0.79094
88.73844, -2.59432, -1.56332, 0.46169, 0.01851, -0.35856, 0.15580, -0.34963, -0.66743
88.87638, -2.75574, -1.34736, -0.01473, 0.13855, 0.00532, -0.46392, -0.08666, -0.37382
89.07258, -2.77433, -1.05261, -0.52168, 0.28027, 0.42850, -1.09074, 0.24405, -0.26231
89.30718, -2.68565, -0.93369, -0.55338, 0.09189, 0.83113, -1.05522, 0.04200, -0.27647
89.57699, -2.57413, -1.00465, -0.42438, 0.10762, 0.79143, -0.50993, -0.46495, -0.30787
89.86823, -2.48776, -1.15168, -0.21858, 0.12247, 0.69580, 0.04632, -0.71786, -0.46662
90.15111, -2.43474, -1.28442, 0.01380, 0.02508, 0.50973, 0.48063, -0.74105, -0.69310
90.42026, -2.40636, -1.43559, 0.23398, -0.04321, 0.32387, 0.82441, -0.91483, -0.60151
90.62433, -2.37264, -1.56356, 0.48906, -0.15515, 0.08490, 0.67128, -0.58682, -0.72976
90.78736, -2.36417, -1.60997, 0.58578, -0.13057, -0.25315, 0.33504, -0.24472, -0.68100
90.94407, -2.43875, -1.48398, 0.32247, -0.05882, -0.14624, -0.14337, 0.00458, -0.44206
91.12867, -2.57665, -1.26888, -0.24480, 0.19870, 0.22799, -0.73036, 0.28373, -0.24541
91.35961, -2.70278, -1.08489, -0.57904, 0.17373, 0.67218, -1.17830, 0.50388, -0.27384
91.60144, -2.76196, -1.12935, -0.43980, -0.04029, 0.80245, -0.83058, -0.00093, -0.27508
91.84623, -2.73902, -1.23710, -0.16372, -0.13647, 0.55579, -0.24370, -0.58258, -0.33145
92.06507, -2.63472, -1.35655, 0.11500, -0.04301, 0.09948, 0.17295, -0.66991, -0.66721
92.30194, -2.57865, -1.51443, 0.27845, 0.09176, 0.04702, 0.53360, -0.59143, -0.97671
92.52538, -2.55072, -1.66791, 0.47942, 0.01876, 0.36664, 0.82694, -0.83452, -0.93531
92.66990, -2.54790, -1.74550, 0.66488, -0.04808, 0.11193, 0.60760, -0.55399, -1.07256
92.79712, -2.62014, -1.68230, 0.57798, 0.05891, -0.34864, 0.13088, -0.14361, -1.12182
92.92901, -2.77343, -1.44874, 0.19188, 0.05106, -0.17361, -0.39049, 0.02216, -0.89177
93.11267, -2.74297, -1.18070, -0.28439, 0.18403, 0.17172, -0.77337, 0.03565, -0.53503
93.33011, -2.69965, -1.06899, -0.55224, 0.23892, 0.58226, -0.88720, -0.03922, -0.23904
93.58810, -2.60384, -1.14102, -0.42208, 0.09860, 0.80822, -0.48724, -0.36787, -0.27678
93.86510, -2.51629, -1.25987, -0.21339, 0.01374, 0.76150, 0.05385, -0.71207, -0.37947
94.14517, -2.46191, -1.37573, -0.01158, -0.05583, 0.64197, 0.49660, -0.82471, -0.59923
94.41246, -2.43025, -1.49856, 0.22185, -0.14149, 0.46903, 0.82385, -0.81108, -0.76521
94.58791, -2.37169, -1.60759, 0.54115, -0.24306, 0.06497, 0.67478, -0.57753, -0.80940
94.74052, -2.38184, -1.60280, 0.53007, -0.11993, -0.20416, 0.21003, -0.09150, -0.86337
94.90050, -2.47315, -1.42351, 0.15804, 0.02967, 0.03290, -0.26780, 0.09803, -0.62307
95.08534, -2.60680, -1.21944, -0.35021, 0.28198, 0.40822, -0.76335, 0.23306, -0.26323
95.30891, -2.71795, -1.06690, -0.55216, 0.20802, 0.80724, -1.10410, 0.37693, -0.27601
95.54386, -2.77112, -1.11206, -0.39960, 0.11253, 0.77849, -0.73581, -0.11396, -0.27606
95.78628, -2.74108, -1.21805, -0.04297, -0.03288, 0.54794, -0.17782, -0.60289, -0.34934
96.00901, -2.64750, -1.33901, 0.30975, -0.02690, -0.04943, 0.20570, -0.60922, -0.68935
96.23988, -2.61448, -1.47826, 0.43886, 0.08949, -0.15867, 0.54272, -0.75223, -0.76037
96.42803, -2.61850, -1.54883, 0.55025, -0.01726, -0.07782, 0.59260, -0.78944, -0.74588
96.56895, -2.67526, -1.51715, 0.47982, -0.02529, -0.15682, 0.26676, -0.51550, -0.78599
96.70381, -2.76914, -1.33692, 0.14223, -0.01906, 0.10107, -0.21390, -0.25918, -0.69032
96.87750, -2.74676, -1.16238, -0.19579, 0.06760, 0.40048, -0.44287, -0.29058, -0.32176
97.08818, -2.71339, -1.13913, -0.33476, 0.14032, 0.62167, -0.45932, -0.26024, -0.25869
97.33121, -2.66117, -1.22131, -0.20340, 0.03506, 0.76945, -0.12705, -0.47121, -0.28226
97.58583, -2.62181, -1.34898, 0.01231, -0.04429, 0.73047, 0.31790, -0.70986, -0.32330
97.82870, -2.60201, -1.50025, 0.27446, -0.09734, 0.54818, 0.67365, -0.83334, -0.35332
98.03625, -2.59013, -1.64038, 0.54876, -0.08570, 0.11929, 0.80691, -0.82287, -0.33916
98.20490, -2.60480, -1.71536, 0.70496, -0.00243, -0.35964, 0.61470, -0.54401, -0.36949
98.33783, -2.68989, -1.61299, 0.52936, 0.04849, -0.34897, 0.14693, -0.22887, -0.26915
98.49618, -2.73459, -1.35528, 0.06343, 0.16434, 0.06308, -0.47803, 0.18634, -0.27683
98.72039, -2.70552, -1.14624, -0.38767, 0.38457, 0.48981, -0.71801, 0.18431, -0.27576
98.97385, -2.64019, -1.02817, -0.49897, 0.26763, 0.67191, -0.41153, -0.40271, -0.27814
99.24119, -2.57945, -1.06368, -0.32304, 0.01200, 0.76204, -0.03810, -0.70412, -0.43950
99.50379, -2.54143, -1.21905, -0.10793, -0.03992, 0.61332, 0.31859, -0.73087, -0.68420
99.75802, -2.52525, -1.39040, 0.09265, -0.01196, 0.37856, 0.65745, -0.88668, -0.71188
99.98347, -2.51791, -1.54155, 0.34055, -0.02195, 0.00067, 0.78006, -0.83128, -0.80007
100.16484, -2.52208, -1.63926, 0.55049, -0.06044, -0.37933, 0.66199, -0.67398, -0.79385
100.30777, -2.59286, -1.60076, 0.49540, -0.10043, -0.38536, 0.20993, -0.30575, -0.75657
100.45179, -2.74542, -1.40120, 0.09073, -0.08307, 0.06496, -0.34132, -0.07804, -0.49247
100.64101, -2.76245, -1.11736, -0.45984, 0.15531, 0.45080, -0.88712, 0.13468, -0.26961
100.86931, -2.68428, -0.98342, -0.54332, 0.03467, 0.80375, -0.95257, 0.05141, -0.27556
101.12900, -2.57965, -1.05263, -0.38628, 0.01008, 0.78116, -0.47780, -0.38170, -0.29000
101.41454, -2.49863, -1.20132, -0.17774, 0.04848, 0.65612, 0.08493, -0.70053, -0.36402
101.70147, -2.44530, -1.35938, 0.09850, -0.01736, 0.55693, 0.53591, -0.75781, -0.56580
101.97269, -2.41560, -1.51535, 0.34100, -0.03388, 0.44169, 0.85018, -0.85061, -0.56022
102.18158, -2.37700, -1.63508, 0.63943, -0.17009, 0.31951, 0.76465, -0.60817, -0.65206
102.35742, -2.38978, -1.64411, 0.68394, -0.13831, 0.19649, 0.38734, -0.16262, -0.74780
102.52737, -2.48630, -1.48258, 0.32846, 0.08721, 0.23362, -0.11032, 0.15538, -0.62774
102.70376, -2.63552, -1.25574, -0.19927, 0.38579, 0.30190, -0.65245, 0.36053, -0.27805
102.91980, -2.78637, -1.01834, -0.57726, 0.42050, 0.49879, -1.11853, 0.55444, -0.27296
103.14736, -2.85370, -0.95197, -0.41357, -0.02327, 0.71089, -0.81660, -0.02002, -0.27546
103.40320, -2.84746, -0.93953, -0.19824, -0.24330, 0.52038, -0.30158, -0.64470, -0.29769
103.64054, -2.80039, -1.01551, -0.00181, -0.14557, 0.07787, 0.05374, -0.90058, -0.31567
103.85800, -2.77181, -1.24050, 0.13911, 0.09810, -0.02223, 0.33903, -0.90261, -0.36271
104.02882, -2.70582, -1.41561, 0.34913, -0.00773, -0.07351, 0.51261, -0.83148, -0.42347
104.18555, -2.66658, -1.54787, 0.44307, -0.02211, -0.11743, 0.59151, -0.73577, -0.48370
104.30697, -2.65785, -1.60839, 0.47929, -0.08924, -0.13478, 0.41623, -0.46125, -0.54550
104.41180, -2.70994, -1.55233, 0.31612, -0.13330, 0.00269, 0.02228, -0.09223, -0.51584
104.53174, -2.74140, -1.37540, -0.11663, 0.02035, 0.24256, -0.34897, 0.03806, -0.25356
104.69195, -2.72237, -1.23720, -0.44374, 0.14447, 0.42974, -0.53761, 0.09828, -0.27824
104.88437, -2.68212, -1.22935, -0.45945, 0.04896, 0.57780, -0.23463, -0.30873, -0.27831
105.08960, -2.65332, -1.32908, -0.24896, -0.15601, 0.59119, 0.19480, -0.65854, -0.32946
105.28113, -2.64887, -1.47685, -0.02637, -0.14161, 0.18297, 0.54956, -0.77819, -0.48794
105.46643, -2.66308, -1.63939, 0.23350, -0.18561, -0.16032, 0.82661, -0.90852, -0.47389
105.58559, -2.68925, -1.77793, 0.51122, -0.32270, -0.35834, 0.66608, -0.61895, -0.51698
105.66707, -2.77243, -1.82714, 0.58485, -0.35138, -0.41835, 0.22031, -0.14796, -0.44054
105.72777, -2.74305, -1.64272, 0.32349, -0.27500, -0.17205, -0.29182, 0.18925, -0.26377
105.84867, -2.71365, -1.43833, -0.27422, 0.23600, 0.13507, -0.52130, 0.16144, -0.27653
106.01782, -2.63876, -1.35742, -0.44752, 0.27099, 0.63563, -0.24542, -0.35106, -0.28042
106.17552, -2.56130, -1.39012, -0.27579, 0.13563, 0.80138, 0.03010, -0.57213, -0.44521
106.32359, -2.50030, -1.49106, -0.03205, 0.09593, 0.67547, 0.28380, -0.60327, -0.67960
106.47171, -2.46231, -1.59579, 0.22683, 0.03852, 0.50710, 0.50003, -0.55509, -0.90015
106.62276, -2.45338, -1.68967, 0.46287, -0.02494, 0.36158, 0.69606, -0.49521, -1.03062
106.74725, -2.45757, -1.76990, 0.70095, -0.12120, 0.23273, 0.81661, -0.60249, -0.95060
106.82867, -2.50628, -1.76578, 0.76274, -0.04776, -0.08851, 0.54520, -0.32713, -0.96720
106.89561, -2.62054, -1.62679, 0.64489, -0.01440, -0.29180, 0.08327, -0.02133, -0.84277
106.96642, -2.75164, -1.39194, 0.33429, -0.03106, -0.03313, -0.48222, 0.26504, -0.53919
107.12347, -2.71728, -1.22291, 0.00980, 0.16019, 0.11375, -0.64584, 0.17956, -0.22547
107.32739, -2.66251, -1.14708, -0.12098, 0.18835, 0.18810, -0.43267, -0.14319, -0.27200
107.56521, -2.61375, -1.18684, -0.05626, 0.08014, 0.37896, 0.00808, -0.53448, -0.31882
107.80426, -2.58609, -1.29860, 0.13710, -0.08576, 0.44038, 0.44127, -0.81364, -0.32412
108.01540, -2.57250, -1.44146, 0.32999, -0.04782, 0.05259, 0.70491, -0.89642, -0.35688
108.20179, -2.57116, -1.55634, 0.45468, 0.03656, -0.32184, 0.82553, -0.90582, -0.36616
108.32614, -2.58761, -1.59576, 0.57819, -0.12795, -0.36794, 0.52511, -0.54313, -0.46206
108.42886, -2.68337, -1.48032, 0.33235, -0.07866, -0.28999, -0.03302, -0.06551, -0.47304
108.56103, -2.76780, -1.24928, -0.21103, 0.17348, 0.00519, -0.58048, 0.21291, -0.24110
108.77164, -2.72187, -1.06774, -0.54458, 0.23164, 0.44073, -0.72249, 0.16420, -0.27575
109.02554, -2.64240, -1.03601, -0.46467, -0.01218, 0.78935, -0.27543, -0.43889, -0.27947
109.28423, -2.58438, -1.13574, -0.24378, -0.12216, 0.75417, 0.15045, -0.67199, -0.47473
109.52425, -2.54542, -1.32396, 0.03201, -0.10218, 0.50868, 0.49537, -0.81936, -0.52678
109.75660, -2.52656, -1.50983, 0.28874, -0.04998, 0.24244, 0.73750, -0.81777, -0.65119
109.95783, -2.51724, -1.63971, 0.48933, 0.00847, -0.05388, 0.82348, -0.78489, -0.71384
110.10706, -2.52657, -1.69366, 0.66615, -0.05725, -0.27364, 0.57775, -0.52869, -0.75823
110.23318, -2.62046, -1.57398, 0.47611, -0.01677, -0.21611, 0.05112, -0.15436, -0.73085
110.37090, -2.75929, -1.32677, -0.06900, 0.22094, 0.13598, -0.55786, 0.12369, -0.49721
110.56501, -2.75427, -1.12870, -0.39556, 0.30200, 0.54891, -0.78693, 0.04258, -0.22049
110.79263, -2.71015, -1.05738, -0.42129, 0.14969, 0.69642, -0.54909, -0.33829, -0.27074
111.03836, -2.66731, -1.15343, -0.23200, -0.02421, 0.66391, -0.12041, -0.60737, -0.41212
111.28902, -2.65273, -1.33801, -0.07617, 0.06939, 0.39355, 0.32575, -0.70115, -0.58928
111.53319, -2.66046, -1.54101, 0.14028, 0.09513, 0.16376, 0.69849, -0.88350, -0.54137
111.74170, -2.68131, -1.71891, 0.41304, 0.02469, -0.10044, 0.79858, -0.80526, -0.56438
111.90426, -2.73034, -1.81592, 0.59305, -0.05051, -0.34916, 0.60385, -0.57204, -0.50999
112.01097, -2.74209, -1.72993, 0.53657, -0.11233, -0.39577, 0.12893, -0.21617, -0.34776
112.11637, -2.74249, -1.50528, 0.00521, 0.24923, -0.21966, -0.52979, 0.28946, -0.27083
112.29168, -2.69858, -1.33448, -0.42316, 0.41661, 0.35145, -0.64121, 0.15472, -0.27503
112.50242, -2.61034, -1.25039, -0.45806, 0.23342, 0.83918, -0.25203, -0.49295, -0.28329
112.69168, -2.52561, -1.27576, -0.23916, 0.06793, 0.77217, 0.04472, -0.68897, -0.51470
112.88261, -2.46140, -1.38565, 0.03934, -0.03324, 0.59462, 0.32962, -0.68470, -0.79878
113.08058, -2.42936, -1.49607, 0.24913, -0.04235, 0.39608, 0.59760, -0.63976, -1.01600
113.26831, -2.42152, -1.60488, 0.43608, -0.07233, 0.31158, 0.82871, -0.75565, -1.02336
113.39483, -2.42987, -1.67507, 0.62497, -0.10344, 0.06509, 0.62994, -0.45393, -1.11791
113.49974, -2.50209, -1.62286, 0.58908, 0.00739, -0.29776, 0.18927, -0.01998, -1.10624
113.59923, -2.64818, -1.39685, 0.28970, -0.03639, -0.05903, -0.30674, 0.17280, -0.83440
113.71782, -2.80965, -1.12637, -0.29267, 0.23010, 0.31840, -0.80604, 0.23894, -0.36312
113.91582, -2.77704, -0.90895, -0.51730, 0.20409, 0.51250, -0.91580, 0.07439, -0.26281
114.15748, -2.71928, -0.89436, -0.40428, -0.00197, 0.60421, -0.51370, -0.37343, -0.27991
114.42496, -2.68470, -1.05593, -0.19197, -0.03477, 0.52353, 0.02354, -0.71927, -0.25476
114.68315, -2.66206, -1.29487, 0.10387, 0.00982, 0.24344, 0.42453, -0.84413, -0.33213
114.93118, -2.65790, -1.52244, 0.34270, 0.11221, -0.01024, 0.73901, -0.91542, -0.40983
115.14011, -2.67171, -1.67476, 0.53200, 0.11350, -0.13697, 0.80691, -0.84770, -0.48519
115.29857, -2.72666, -1.71069, 0.62168, 0.01883, -0.19048, 0.47121, -0.45659, -0.62451
115.43359, -2.73783, -1.52924, 0.42087, -0.03111, -0.08545, -0.05173, -0.05939, -0.62750
115.57491, -2.73306, -1.30114, -0.02334, 0.19570, 0.11617, -0.37653, -0.05437, -0.30120
115.75936, -2.71670, -1.19853, -0.24502, 0.26765, 0.45158, -0.47363, -0.06199, -0.25573
115.96825, -2.68028, -1.17862, -0.18557, 0.07687, 0.56624, -0.18685, -0.41032, -0.28073
116.19432, -2.65934, -1.27536, -0.02738, -0.01407, 0.52549, 0.20526, -0.64611, -0.38733
116.40739, -2.65713, -1.44625, 0.16431, 0.04114, 0.28336, 0.53482, -0.78890, -0.41073
116.60894, -2.67014, -1.59548, 0.36370, 0.09266, -0.07127, 0.78432, -0.89608, -0.41241
116.76362, -2.69672, -1.68252, 0.58432, -0.03598, -0.31261, 0.73836, -0.80093, -0.40179
116.87010, -2.74810, -1.63776, 0.56926, -0.10059, -0.39826, 0.29555, -0.37771, -0.45258
116.95812, -2.74970, -1.42403, 0.06081, 0.26102, -0.26096, -0.23545, -0.01962, -0.33776
117.10088, -2.74116, -1.26626, -0.28386, 0.33207, 0.30611, -0.43724, 0.00245, -0.27490
117.29202, -2.69961, -1.21728, -0.27920, 0.15301, 0.77541, -0.16523, -0.41085, -0.27875
117.47084, -2.67069, -1.26738, -0.13970, 0.01074, 0.73339, 0.11204, -0.57996, -0.44447
117.64315, -2.66454, -1.37358, 0.01900, -0.01851, 0.45423, 0.39921, -0.72720, -0.51089
117.78444, -2.67402, -1.45828, 0.23449, -0.06335, -0.07223, 0.44765, -0.70165, -0.53615
117.90536, -2.72563, -1.47815, 0.33533, -0.11364, -0.46865, 0.19470, -0.39470, -0.61703
118.01375, -2.75733, -1.31536, 0.10888, -0.17152, -0.20941, -0.17974, -0.18179, -0.53750
118.12312, -2.79669, -1.14368, -0.37807, 0.12368, 0.14582, -0.59559, 0.04487, -0.30478
118.28568, -2.80274, -1.08544, -0.53200, 0.09721, 0.59467, -0.62451, -0.00293, -0.25757
118.48598, -2.78534, -1.17293, -0.36922, -0.06441, 0.82189, -0.18327, -0.40647, -0.28157
118.65758, -2.73247, -1.26098, -0.11091, -0.09583, 0.49131, 0.23351, -0.73898, -0.27509
118.80799, -2.66228, -1.41453, 0.22765, -0.10999, 0.10819, 0.44105, -0.71748, -0.39841
118.95507, -2.62449, -1.56091, 0.41374, -0.04668, 0.01834, 0.57700, -0.67160, -0.48651
119.07465, -2.61581, -1.63854, 0.54323, -0.03858, -0.02629, 0.50212, -0.48393, -0.57785
119.16853, -2.65706, -1.60275, 0.52682, 0.00022, -0.13641, 0.18095, -0.16047, -0.61371
119.25532, -2.76480, -1.41771, 0.25872, -0.01140, 0.14425, -0.24078, 0.01879, -0.44568
119.39497, -2.76018, -1.20582, -0.14864, 0.24382, 0.25536, -0.66460, 0.23487, -0.25301
119.57817, -2.74581, -1.08569, -0.39072, 0.38460, 0.29721, -0.75371, 0.20544, -0.27509
119.79702, -2.70261, -1.08337, -0.29193, 0.16959, 0.45435, -0.29586, -0.36231, -0.27791
120.03292, -2.68269, -1.21557, -0.06003, -0.00446, 0.47256, 0.16883, -0.66270, -0.36332
120.24974, -2.68003, -1.42683, 0.17471, 0.09200, 0.09741, 0.52627, -0.85255, -0.32261
120.45894, -2.69729, -1.60392, 0.41763, 0.12176, -0.28364, 0.74709, -0.88937, -0.37156
120.62245, -2.74728, -1.67484, 0.54499, 0.01805, -0.36644, 0.67860, -0.80559, -0.35509
120.71833, -2.74419, -1.57136, 0.44307, -0.04502, -0.30598, 0.22387, -0.44676, -0.35534
120.81867, -2.75460, -1.38273, -0.05354, 0.28174, -0.08768, -0.45778, 0.14360, -0.32607
120.99857, -2.74510, -1.23592, -0.49185, 0.48584, 0.43436, -0.67744, 0.17957, -0.27056
121.22036, -2.68359, -1.17800, -0.51769, 0.32556, 0.87743, -0.28195, -0.44317, -0.27921
121.42312, -2.62080, -1.22307, -0.27733, 0.15848, 0.77623, 0.06634, -0.69368, -0.48029
121.62637, -2.58132, -1.36017, -0.01286, 0.13753, 0.51635, 0.38528, -0.70945, -0.74297
121.83127, -2.56971, -1.49856, 0.23715, 0.12202, 0.27266, 0.67793, -0.82374, -0.83342
121.99514, -2.58053, -1.58946, 0.50053, 0.00219, 0.02575, 0.64281, -0.69908, -0.93004
122.12582, -2.64998, -1.56552, 0.53417, 0.01756, -0.27544, 0.27015, -0.32758, -1.02289
122.25356, -2.75801, -1.37605, 0.29788, -0.03370, -0.08971, -0.20554, -0.06727, -0.91378
122.42722, -2.74015, -1.18494, -0.02979, 0.09736, 0.20565, -0.34983, -0.24257, -0.45876
122.62164, -2.72320, -1.10104, -0.19433, 0.15742, 0.27417, -0.37111, -0.34229, -0.23311
122.85223, -2.69933, -1.13185, -0.13505, 0.05735, 0.35929, -0.15038, -0.47784, -0.27618
123.10281, -2.68959, -1.27063, 0.01683, 0.02417, 0.37551, 0.24719, -0.68967, -0.26296
123.33682, -2.67665, -1.46269, 0.31331, -0.03477, 0.17175, 0.56238, -0.80862, -0.30517
123.55961, -2.68777, -1.60643, 0.49820, 0.01034, -0.09913, 0.78511, -0.90067, -0.35151
123.73277, -2.72201, -1.67896, 0.62822, -0.04375, -0.23505, 0.69824, -0.78521, -0.38720
123.84380, -2.74016, -1.58530, 0.53056, -0.04923, -0.28289, 0.20476, -0.33272, -0.49078
123.94847, -2.75443, -1.37611, 0.04274, 0.27790, -0.12680, -0.42477, 0.17720, -0.45016
124.11275, -2.75473, -1.24157, -0.35090, 0.47384, 0.35814, -0.60964, 0.15067, -0.22370
124.31680, -2.71644, -1.16693, -0.39264, 0.25957, 0.67748, -0.30166, -0.34997, -0.27206
124.53098, -2.68563, -1.22439, -0.20614, -0.02297, 0.77948, 0.05547, -0.60085, -0.46916
124.73782, -2.68238, -1.35738, -0.07272, 0.01981, 0.50208, 0.38984, -0.75387, -0.59944
124.92143, -2.68790, -1.49076, 0.19194, -0.00984, -0.05485, 0.58901, -0.84581, -0.63110
125.08084, -2.72542, -1.58172, 0.38891, -0.07983, -0.46004, 0.47090, -0.61365, -0.75536
125.18980, -2.73643, -1.47159, 0.35525, -0.26548, -0.36363, 0.06681, -0.25198, -0.82146
125.26451, -2.76495, -1.25244, -0.13288, 0.05779, -0.20804, -0.46727, 0.12181, -0.70702
125.37844, -2.79214, -1.15922, -0.50564, 0.27864, 0.26926, -0.55344, -0.03775, -0.19369
125.54438, -2.76387, -1.15282, -0.47548, 0.09428, 0.76440, -0.33688, -0.25408, -0.25965
125.71785, -2.73764, -1.25882, -0.26790, 0.02094, 0.77344, 0.09042, -0.56430, -0.28650
125.86961, -2.72103, -1.41892, 0.06033, 0.00836, 0.37927, 0.42590, -0.74294, -0.29646
126.02667, -2.72422, -1.56358, 0.35440, 0.07688, -0.20234, 0.66378, -0.84291, -0.34296
126.15046, -2.74198, -1.60120, 0.50746, 0.03259, -0.42855, 0.60111, -0.75064, -0.41498
126.21094, -2.74620, -1.49191, 0.40141, -0.03954, -0.11233, 0.14647, -0.32730, -0.55136
126.29430, -2.75964, -1.34791, -0.07208, 0.36481, 0.16292, -0.44466, 0.25298, -0.56970
126.42286, -2.75161, -1.26417, -0.34402, 0.53271, 0.26442, -0.58766, 0.22621, -0.23821
126.59738, -2.70747, -1.23726, -0.27536, 0.26517, 0.58849, -0.25007, -0.24118, -0.27598
126.79336, -2.67552, -1.31895, -0.05452, 0.01877, 0.72886, 0.14770, -0.52544, -0.44508
126.97690, -2.66529, -1.45311, 0.17441, -0.04522, 0.54978, 0.47933, -0.74395, -0.49850
127.13576, -2.67620, -1.54940, 0.37580, 0.00197, 0.01189, 0.62691, -0.79731, -0.57048
127.26514, -2.72157, -1.57977, 0.47993, 0.03645, -0.46503, 0.49608, -0.66718, -0.61417
127.35628, -2.74010, -1.44178, 0.41312, -0.19168, -0.22616, 0.08448, -0.40570, -0.60372
127.42969, -2.78183, -1.22941, -0.14021, 0.15958, 0.08426, -0.55580, 0.08097, -0.54437
127.56655, -2.79066, -1.12073, -0.55877, 0.43519, 0.53913, -0.74934, 0.07829, -0.19542
127.73797, -2.73840, -1.12658, -0.44997, 0.20022, 0.83541, -0.43970, -0.26333, -0.26538
127.91654, -2.69721, -1.22892, -0.24414, 0.05030, 0.69641, -0.01866, -0.50890, -0.44501
128.10137, -2.68561, -1.37754, -0.05896, 0.05436, 0.39083, 0.40827, -0.76007, -0.48249
128.25026, -2.69321, -1.49074, 0.16059, 0.03637, -0.11512, 0.52831, -0.80861, -0.46990
128.36797, -2.73650, -1.53372, 0.32358, -0.09229, -0.44360, 0.27493, -0.48341, -0.57767
128.45851, -2.74248, -1.36648, 0.21468, -0.26537, -0.31472, -0.15283, -0.19140, -0.55369
128.53745, -2.79103, -1.14768, -0.32410, 0.08789, -0.10862, -0.61858, 0.02659, -0.33599
128.66824, -2.80936, -1.06526, -0.55626, 0.10149, 0.39522, -0.72183, 0.04273, -0.27612
128.84374, -2.78646, -1.16158, -0.39369, -0.10656, 0.73819, -0.27547, -0.34829, -0.28026
129.00779, -2.73418, -1.25937, -0.16064, -0.19199, 0.63348, 0.20773, -0.71319, -0.29120
129.13801, -2.66763, -1.39561, 0.15232, -0.24236, 0.34445, 0.43830, -0.73231, -0.39148
129.26408, -2.62963, -1.54381, 0.34189, -0.15447, 0.17283, 0.59044, -0.71371, -0.44760
129.37622, -2.61293, -1.65654, 0.52386, -0.10347, -0.03437, 0.63994, -0.63631, -0.47140
129.45774, -2.63390, -1.69180, 0.61238, -0.03737, -0.29137, 0.41539, -0.33531, -0.50168
129.52321, -2.72932, -1.55874, 0.42831, -0.07566, -0.02565, -0.01432, -0.03757, -0.40557
129.63634, -2.73516, -1.37379, -0.03033, 0.24569, 0.29399, -0.49342, 0.32025, -0.26814
129.81252, -2.69629, -1.22490, -0.40879, 0.53979, 0.36928, -0.55875, 0.21906, -0.27605
130.00858, -2.63322, -1.13323, -0.39150, 0.30032, 0.54099, -0.20441, -0.34050, -0.27957
130.21624, -2.58607, -1.18735, -0.14921, -0.00896, 0.62536, 0.15302, -0.61340, -0.34758
130.40966, -2.55493, -1.31924, 0.10368, -0.04865, 0.25811, 0.44401, -0.77110, -0.34337
130.60561, -2.54652, -1.44928, 0.30191, -0.00720, -0.14243, 0.67969, -0.84336, -0.40461
130.76509, -2.55027, -1.54321, 0.49801, -0.10709, -0.32179, 0.70628, -0.77818, -0.42526
130.87339, -2.59305, -1.53939, 0.48739, -0.11063, -0.40559, 0.39149, -0.47115, -0.43567
130.96094, -2.71085, -1.37903, 0.15677, -0.09110, -0.03135, -0.13691, -0.13296, -0.33320
131.09891, -2.77445, -1.15149, -0.39856, 0.19256, 0.38561, -0.72628, 0.27849, -0.27329
131.29521, -2.72756, -1.02550, -0.55597, 0.15010, 0.78177, -0.77164, 0.17407, -0.27562
131.51806, -2.65269, -1.04637, -0.39739, 0.05035, 0.77271, -0.30186, -0.36371, -0.28316
131.75229, -2.59937, -1.19266, -0.10438, 0.01390, 0.55185, 0.16536, -0.63013, -0.37554
131.98038, -2.56613, -1.39741, 0.22898, 0.02104, 0.27043, 0.53071, -0.78921, -0.38734
132.20580, -2.56076, -1.56132, 0.46625, 0.06850, 0.04732, 0.78325, -0.84512, -0.48404
132.38484, -2.57226, -1.64978, 0.65487, 0.02565, -0.10391, 0.75809, -0.74834, -0.54806
132.51450, -2.63965, -1.60047, 0.60029, 0.01256, -0.12274, 0.34058, -0.36461, -0.64830
132.64387, -2.75244, -1.38882, 0.14725, 0.17024, 0.12831, -0.20137, -0.06278, -0.56632
132.82665, -2.71826, -1.20739, -0.11386, 0.17962, 0.31960, -0.43797, -0.08292, -0.26313
133.04665, -2.67205, -1.12598, -0.18735, 0.10375, 0.46024, -0.42509, -0.17780, -0.27753
133.29780, -2.62397, -1.14861, -0.11362, 0.02984, 0.47106, -0.09151, -0.51647, -0.28161
133.55710, -2.59486, -1.27957, 0.05053, 0.02648, 0.39631, 0.28108, -0.66631, -0.39015
133.80437, -2.58023, -1.45691, 0.26424, 0.05952, 0.23922, 0.60832, -0.79569, -0.39033
134.03305, -2.57737, -1.60470, 0.49857, 0.02426, 0.06023, 0.81875, -0.85509, -0.40385
134.20677, -2.58879, -1.68023, 0.67675, -0.03254, -0.17410, 0.69184, -0.66948, -0.43533
134.34397, -2.67081, -1.60109, 0.53185, 0.03259, -0.26158, 0.20427, -0.24077, -0.48185
134.49652, -2.74638, -1.35949, 0.08661, 0.15609, 0.02586, -0.32526, 0.00502, -0.30370
134.70944, -2.70684, -1.14432, -0.27980, 0.26202, 0.41221, -0.61099, 0.07895, -0.26595
134.95555, -2.64116, -1.02826, -0.38394, 0.16989, 0.57666, -0.41432, -0.32055, -0.27806
135.21952, -2.58139, -1.05581, -0.26158, 0.00309, 0.60880, -0.06097, -0.61732, -0.37195
135.48478, -2.54046, -1.20723, -0.02765, -0.09233, 0.51418, 0.32195, -0.73774, -0.48157
135.73527, -2.51172, -1.40322, 0.26631, -0.12523, 0.23382, 0.63646, -0.83031, -0.48213
135.97245, -2.50519, -1.56387, 0.44197, -0.07200, 0.03376, 0.83435, -0.84957, -0.51565
136.14318, -2.49960, -1.65622, 0.58025, -0.08003, -0.12310, 0.70119, -0.68141, -0.49341
136.27534, -2.55067, -1.62176, 0.48288, 0.01836, -0.26351, 0.21669, -0.24845, -0.47249
136.41514, -2.67798, -1.41638, 0.12389, 0.00336, 0.10156, -0.36167, 0.02460, -0.21835
136.60669, -2.78975, -1.12605, -0.45565, 0.22432, 0.46346, -1.00193, 0.38458, -0.27374
136.82348, -2.75257, -0.96119, -0.52772, 0.03313, 0.79617, -0.93454, 0.01310, -0.27576
137.07714, -2.70122, -1.01768, -0.39357, 0.00525, 0.77254, -0.43860, -0.50511, -0.29456
137.33605, -2.66902, -1.23102, -0.13700, 0.10194, 0.53737, 0.06205, -0.64983, -0.46433
137.59369, -2.65343, -1.47053, 0.21309, 0.12592, 0.25369, 0.50964, -0.70699, -0.59120
137.83131, -2.66478, -1.64687, 0.53012, 0.10148, -0.06172, 0.72360, -0.81072, -0.52788
138.02896, -2.73119, -1.68772, 0.60880, 0.08069, -0.18350, 0.51769, -0.56424, -0.61800
138.16195, -2.72472, -1.48591, 0.40365, -0.05362, 0.10358, 0.01561, -0.18715, -0.65552
138.29731, -2.72468, -1.26541, -0.04728, 0.20380, 0.25440, -0.35783, -0.06578, -0.39454
138.46871, -2.71579, -1.17403, -0.25440, 0.29657, 0.35874, -0.47756, -0.04076, -0.23973
138.67940, -2.68640, -1.18164, -0.18139, 0.13539, 0.48423, -0.20787, -0.30766, -0.27589
138.91226, -2.67050, -1.27661, -0.00386, 0.01445, 0.44175, 0.23771, -0.66371, -0.28089
139.13227, -2.66776, -1.43511, 0.24797, 0.00125, 0.10859, 0.57427, -0.84511, -0.31226
139.33779, -2.68367, -1.57702, 0.46223, 0.03711, -0.29934, 0.78419, -0.92553, -0.33911
139.49272, -2.72946, -1.62818, 0.55284, -0.02204, -0.41263, 0.68185, -0.83677, -0.31915
139.58540, -2.74419, -1.51787, 0.41568, -0.06897, -0.28712, 0.20226, -0.48710, -0.30303
139.67982, -2.76256, -1.32369, -0.11077, 0.28103, -0.01725, -0.53264, 0.16039, -0.29702
139.86035, -2.75680, -1.19072, -0.53543, 0.49996, 0.49111, -0.79876, 0.29106, -0.26569
140.07505, -2.68523, -1.16060, -0.49910, 0.34974, 0.82819, -0.33742, -0.37989, -0.27719
140.28022, -2.62506, -1.21180, -0.26335, 0.12916, 0.68282, 0.07366, -0.70335, -0.47963
140.48889, -2.59335, -1.35061, -0.01699, 0.05739, 0.41637, 0.44783, -0.78488, -0.72832
140.69377, -2.59009, -1.49552, 0.22335, -0.01295, 0.17875, 0.75885, -0.92351, -0.79993
140.84912, -2.60141, -1.61632, 0.48237, -0.10647, -0.15954, 0.68981, -0.75057, -0.89935
140.97041, -2.67672, -1.62043, 0.46538, -0.03952, -0.42586, 0.26020, -0.29590, -1.00867
141.10055, -2.74185, -1.42971, 0.22029, -0.17439, -0.02467, -0.19290, -0.06565, -0.86697
141.25654, -2.70721, -1.24669, -0.15640, -0.01399, 0.33642, -0.39688, -0.16883, -0.41368
141.45306, -2.66678, -1.19075, -0.37289, 0.16299, 0.59173, -0.43223, -0.21543, -0.25667
141.68092, -2.60427, -1.22724, -0.26427, 0.05791, 0.80273, -0.15336, -0.45390, -0.28259
141.91272, -2.54848, -1.33413, -0.01424, -0.03507, 0.74802, 0.22908, -0.66207, -0.35178
142.14195, -2.51186, -1.47527, 0.29576, -0.11851, 0.56833, 0.55644, -0.68935, -0.51659
142.36510, -2.50224, -1.60150, 0.50499, -0.07519, 0.35202, 0.82605, -0.79986, -0.52023
142.52070, -2.48918, -1.67799, 0.70839, -0.05673, 0.02072, 0.73231, -0.66235, -0.52834
142.64046, -2.53633, -1.62368, 0.66117, 0.00380, -0.12428, 0.28571, -0.26608, -0.58242
142.75707, -2.66878, -1.39897, 0.28697, 0.04194, 0.10595, -0.30704, 0.04819, -0.45505
142.90678, -2.80301, -1.10550, -0.30215, 0.29318, 0.27307, -0.93554, 0.31927, -0.27079
143.11099, -2.81753, -0.90140, -0.56731, 0.26194, 0.50700, -1.01377, 0.09114, -0.27451
143.35771, -2.79215, -0.94070, -0.37454, -0.04702, 0.71483, -0.52390, -0.44506, -0.28212
143.62347, -2.78999, -1.15603, -0.11883, -0.08903, 0.64272, 0.05085, -0.69386, -0.38897
143.84254, -2.67996, -1.23154, 0.10717, 0.00651, 0.09578, 0.45122, -0.98469, -0.32163
144.04970, -2.55866, -1.33990, 0.39317, -0.04204, -0.14876, 0.65702, -0.94779, -0.42968
144.22065, -2.46226, -1.43054, 0.57359, -0.17494, 0.03094, 0.65815, -0.77730, -0.53970
144.34183, -2.39908, -1.45304, 0.56594, -0.24091, 0.25375, 0.40686, -0.46017, -0.64651
144.43741, -2.40436, -1.36597, 0.20651, -0.00322, 0.44982, -0.06723, -0.03377, -0.67667
144.55130, -2.45753, -1.22053, -0.27582, 0.31668, 0.58502, -0.54459, 0.26150, -0.46936
144.70244, -2.50118, -1.12846, -0.55028, 0.41261, 0.75051, -0.70368, 0.21462, -0.25596
144.87830, -2.50505, -1.15577, -0.42187, 0.20010, 0.79470, -0.38981, -0.19211, -0.27595
145.07148, -2.51779, -1.31972, -0.14748, 0.07329, 0.61298, 0.05127, -0.48760, -0.37345
145.26759, -2.55257, -1.52525, 0.12540, 0.10931, 0.19119, 0.48767, -0.68199, -0.48095
145.46716, -2.61795, -1.67971, 0.36825, 0.06739, -0.14297, 0.85475, -0.84699, -0.53980
145.56247, -2.67973, -1.75229, 0.60903, -0.14429, -0.31149, 0.71686, -0.74855, -0.45976
145.61626, -2.75919, -1.69766, 0.53794, -0.12996, -0.41670, 0.20435, -0.35833, -0.37667
145.69183, -2.73169, -1.52112, 0.06722, 0.25823, -0.28284, -0.30502, -0.01283, -0.25924
145.82379, -2.69142, -1.37636, -0.23790, 0.28266, 0.34285, -0.45530, -0.05173, -0.27512
145.99374, -2.61411, -1.33148, -0.19735, 0.05736, 0.82884, -0.16898, -0.49866, -0.28156
146.14657, -2.53740, -1.38500, 0.02708, -0.07274, 0.77130, 0.07560, -0.61196, -0.49505
146.30149, -2.48580, -1.48423, 0.21978, -0.05020, 0.57081, 0.32029, -0.61952, -0.72368
146.45836, -2.46063, -1.58594, 0.39983, -0.00864, 0.34057, 0.54588, -0.57955, -0.90789
146.61348, -2.46240, -1.66993, 0.57455, -0.03960, 0.21382, 0.75875, -0.63598, -0.94231
146.72448, -2.48947, -1.69995, 0.70953, -0.06823, -0.03444, 0.68773, -0.55804, -0.90615
146.79919, -2.57092, -1.62707, 0.68803, -0.06068, -0.30222, 0.28052, -0.20867, -0.86504
146.85840, -2.73062, -1.38961, 0.36672, -0.12058, -0.02261, -0.27342, 0.05132, -0.63391
146.98609, -2.76311, -1.11289, -0.16191, 0.15011, 0.28807, -0.74754, 0.18511, -0.26176
147.18471, -2.72862, -0.94719, -0.41986, 0.27129, 0.27976, -0.85875, 0.14136, -0.27392
147.42838, -2.66703, -0.96592, -0.30754, 0.09023, 0.44117, -0.42225, -0.31173, -0.28361
147.69483, -2.62675, -1.11426, -0.07209, -0.04873, 0.42236, 0.11084, -0.69912, -0.27379
147.95226, -2.60904, -1.33564, 0.16516, -0.01326, 0.17387, 0.53430, -0.87063, -0.35642
148.19680, -2.61110, -1.53835, 0.31632, 0.14452, -0.13643, 0.84301, -0.96566, -0.45479
148.36661, -2.62182, -1.63983, 0.45936, 0.08092, -0.24456, 0.66282, -0.68721, -0.64931
148.50838, -2.69547, -1.60286, 0.40088, 0.01412, -0.23827, 0.17918, -0.21984, -0.80051
148.66094, -2.73644, -1.38020, 0.11218, -0.08947, 0.08409, -0.28193, -0.04393, -0.66238
148.82869, -2.73948, -1.18253, -0.29184, 0.06432, 0.39337, -0.54308, -0.14630, -0.23863
149.03710, -2.73120, -1.12631, -0.49514, 0.19386, 0.59816, -0.64174, -0.08409, -0.27265
149.27332, -2.69802, -1.20623, -0.38182, 0.12366, 0.72124, -0.27918, -0.40841, -0.27863
149.51702, -2.67393, -1.37178, -0.13936, 0.09112, 0.60662, 0.18982, -0.66671, -0.35719
149.75167, -2.66888, -1.56231, 0.15153, 0.10516, 0.29265, 0.57504, -0.71409, -0.54536
149.97046, -2.68375, -1.73498, 0.42115, 0.10189, 0.03415, 0.83870, -0.83465, -0.54210
150.12923, -2.73656, -1.80474, 0.57386, 0.07031, -0.16932, 0.56200, -0.46807, -0.71259
150.24350, -2.73749, -1.68343, 0.57750, -0.04051, -0.30645, 0.08960, -0.08931, -0.70169
150.34301, -2.72226, -1.46671, 0.23040, 0.17057, -0.25139, -0.30551, 0.02739, -0.41691
150.47784, -2.71633, -1.32695, -0.09517, 0.34581, 0.16347, -0.49724, 0.02904, -0.25795
150.64777, -2.68207, -1.25471, -0.15606, 0.23470, 0.39715, -0.28429, -0.33734, -0.27778
150.82629, -2.65625, -1.29463, -0.05341, 0.07032, 0.42217, 0.02165, -0.56690, -0.40713
151.00592, -2.65059, -1.40937, 0.07982, 0.05841, 0.21932, 0.33461, -0.63845, -0.58111
151.18206, -2.66667, -1.55018, 0.25749, 0.05187, -0.06137, 0.63533, -0.80008, -0.54279
151.31546, -2.70505, -1.66945, 0.47485, -0.07043, -0.27974, 0.59531, -0.66300, -0.51938
151.40366, -2.73952, -1.63719, 0.46895, -0.11823, -0.41794, 0.20562, -0.24663, -0.53285
151.46978, -2.74421, -1.44444, -0.00003, 0.20873, -0.28559, -0.31313, 0.14206, -0.37793
151.59322, -2.71865, -1.31549, -0.31385, 0.28073, 0.25299, -0.46986, 0.14681, -0.24846
151.76953, -2.65967, -1.28084, -0.27890, 0.04210, 0.77086, -0.11700, -0.33888, -0.27746
151.94358, -2.61568, -1.34262, -0.12912, -0.01102, 0.77279, 0.21044, -0.53891, -0.47327
152.10292, -2.59305, -1.45801, 0.05052, 0.06850, 0.50935, 0.49656, -0.69623, -0.54235
152.23484, -2.57899, -1.55959, 0.36114, 0.01323, 0.04028, 0.59046, -0.67827, -0.61547
152.34954, -2.60753, -1.58510, 0.51145, 0.04184, -0.43361, 0.39541, -0.41546, -0.73964
152.43640, -2.70014, -1.45777, 0.43276, -0.09177, -0.32236, 0.01743, -0.21737, -0.67863
152.53425, -2.76116, -1.24526, 0.01821, 0.11540, -0.06842, -0.50742, 0.09959, -0.54761
152.69291, -2.76210, -1.11936, -0.34444, 0.35901, 0.34657, -0.62820, -0.02577, -0.19016
152.88927, -2.73449, -1.06255, -0.38537, 0.22457, 0.46822, -0.38302, -0.37509, -0.26442
153.10498, -2.71183, -1.15880, -0.19316, 0.01219, 0.52923, 0.01134, -0.59443, -0.42863
153.31180, -2.70828, -1.35861, 0.03350, 0.03748, 0.25085, 0.38989, -0.79714, -0.40206
153.50886, -2.72255, -1.54466, 0.26998, 0.07585, -0.14550, 0.64414, -0.88022, -0.41412
153.66057, -2.73811, -1.62797, 0.45366, -0.03476, -0.34859, 0.55440, -0.67188, -0.52420
153.75489, -2.74460, -1.55582, 0.43780, -0.21104, -0.19205, 0.18605, -0.39147, -0.48854
153.84425, -2.75385, -1.39270, -0.05694, 0.15568, 0.04902, -0.40277, 0.09680, -0.41380
154.00070, -2.73461, -1.28497, -0.39626, 0.30881, 0.52987, -0.58408, 0.11982, -0.26969
154.19380, -2.67120, -1.24907, -0.37956, 0.18137, 0.81669, -0.24998, -0.37835, -0.27926
154.37929, -2.61265, -1.31277, -0.14497, 0.03128, 0.74486, 0.07930, -0.59886, -0.44817
154.56504, -2.57825, -1.44545, 0.08835, 0.04595, 0.48619, 0.39603, -0.65415, -0.65127
154.75373, -2.56920, -1.56825, 0.33055, 0.01588, 0.24535, 0.69811, -0.73911, -0.75887
154.89839, -2.57864, -1.65351, 0.58631, -0.06424, -0.09296, 0.68692, -0.68308, -0.76461
155.00905, -2.65074, -1.61692, 0.56133, 0.02494, -0.41451, 0.30172, -0.33234, -0.81037
155.11785, -2.75941, -1.40143, 0.26693, -0.02576, -0.10834, -0.20274, -0.08789, -0.67348
155.29073, -2.72451, -1.22229, -0.05054, 0.07413, 0.28851, -0.37495, -0.22221, -0.22396
155.50314, -2.68407, -1.14007, -0.22386, 0.15142, 0.48361, -0.41258, -0.22785, -0.26902
155.73507, -2.63577, -1.14874, -0.16876, 0.04464, 0.46928, -0.12304, -0.50845, -0.28275
155.98229, -2.60491, -1.26659, -0.01443, 0.00174, 0.36563, 0.28186, -0.72079, -0.33051
156.22228, -2.59369, -1.43991, 0.18677, 0.00878, 0.19413, 0.63443, -0.85472, -0.32344
156.43978, -2.59083, -1.60466, 0.43619, -0.04126, -0.02637, 0.83027, -0.86914, -0.33072
156.58655, -2.60034, -1.67993, 0.55512, -0.03136, -0.26893, 0.61004, -0.60145, -0.33330
156.71089, -2.68086, -1.60369, 0.41921, -0.00973, -0.29232, 0.07241, -0.11295, -0.33516
156.86759, -2.74813, -1.35853, 0.03028, 0.01246, 0.03811, -0.47410, 0.18403, -0.27305
157.08411, -2.70551, -1.12343, -0.41271, 0.20841, 0.38288, -0.64864, 0.05680, -0.27671
157.34305, -2.63760, -1.02397, -0.52594, 0.16631, 0.72699, -0.37548, -0.44153, -0.28042
157.60189, -2.57035, -1.08222, -0.33878, 0.04302, 0.79634, -0.04003, -0.65321, -0.43900
157.85466, -2.51861, -1.23412, -0.06062, 0.01926, 0.60813, 0.30386, -0.67473, -0.64467
158.10641, -2.48887, -1.40406, 0.21038, 0.04967, 0.36428, 0.65372, -0.82415, -0.64927
158.33604, -2.47387, -1.54998, 0.47509, 0.03568, 0.12725, 0.83226, -0.82659, -0.69481
158.48895, -2.46799, -1.59731, 0.62982, -0.00937, -0.14639, 0.62089, -0.63723, -0.68500
158.61026, -2.54291, -1.48418, 0.45399, -0.02925, -0.02179, 0.07804, -0.24014, -0.66480
158.73992, -2.69928, -1.27022, -0.07889, 0.20377, 0.30297, -0.59684, 0.16644, -0.46122
158.91919, -2.82350, -1.01229, -0.60857, 0.43272, 0.50141, -1.20028, 0.44810, -0.22951
159.12108, -2.77983, -0.88329, -0.48557, 0.01791, 0.74978, -1.03763, 0.04017, -0.26901
159.38094, -2.73753, -0.99294, -0.28841, -0.10016, 0.69176, -0.40010, -0.55351, -0.28954
159.64887, -2.73320, -1.22429, -0.16108, 0.18051, 0.29504, 0.18285, -0.74316, -0.45525
159.90674, -2.74532, -1.50456, 0.11157, 0.29548, 0.00421, 0.62814, -0.92845, -0.37725
160.11280, -2.68934, -1.65687, 0.49076, 0.07015, -0.13838, 0.80104, -0.92871, -0.36729
160.28322, -2.68402, -1.70923, 0.65242, -0.12845, -0.01492, 0.57910, -0.55884, -0.53798
160.42723, -2.75480, -1.61295, 0.39288, 0.02012, 0.08271, 0.10801, -0.13907, -0.57070
