0.20630, 1.26751, -0.19004, -0.15760, -0.16543, 0.01700, -0.15810, -0.10773, -0.18429
0.64877, 1.45854, -0.65251, -0.57226, -0.45851, 0.10772, -0.49483, -0.50720, -0.53527
0.90080, 1.72964, -1.01628, -0.86485, -0.70776, 0.13977, -0.69439, -0.90608, -0.96258
0.87718, 1.69802, -0.98838, -0.76361, -0.82903, 0.19035, -0.54460, -1.07734, -1.18904
0.69194, 1.48747, -0.72635, -0.55350, -0.62341, 0.28477, -0.15927, -1.22571, -1.12618
0.52763, 1.35522, -0.52915, -0.64515, -0.01765, 0.41217, 0.24411, -1.62658, -0.82196
0.57466, 1.34720, -0.56666, -1.06337, 0.51921, 0.87955, 0.41749, -2.22703, -0.26623
0.70351, 1.40120, -0.70550, -1.48930, 0.71607, 1.22661, 0.45436, -2.74978, 0.60351
0.83877, 1.50593, -0.87714, -1.83427, 0.68139, 1.33228, 0.42890, -2.95667, 1.42578
0.97001, 1.68265, -1.09576, -2.10883, 0.52873, 1.16389, 0.38288, -2.90653, 1.73879
1.03521, 1.84277, -1.26475, -2.25975, 0.41211, 0.63597, 0.33274, -2.63169, 1.78106
1.04306, 1.90119, -1.32031, -2.23901, 0.32616, 0.04617, 0.28873, -2.31583, 1.70724
1.03927, 1.92035, -1.33840, -2.15942, 0.26585, -0.57502, 0.25116, -2.12546, 1.58839
1.02898, 1.91418, -1.33194, -2.03186, 0.22282, -1.26293, 0.21988, -2.00899, 1.46269
1.01680, 1.88559, -1.30608, -1.89943, 0.18912, -1.53003, 0.19570, -1.99897, 1.25773
1.00568, 1.84946, -1.27585, -1.78346, 0.16104, -1.49921, 0.17660, -2.07131, 1.02605
1.02249, 1.88950, -1.32220, -1.83036, 0.13736, -1.27017, 0.01820, -2.13123, 0.90012
1.02480, 1.85978, -1.30081, -1.86660, 0.12310, -1.02261, -0.01080, -2.32260, 0.83898
0.99752, 1.74757, -1.19737, -1.80565, 0.12161, -0.87208, 0.16146, -2.71644, 0.81622
1.01160, 1.76274, -1.21887, -1.87012, 0.12454, -0.79038, 0.22483, -2.95161, 0.81547
1.01633, 1.76558, -1.22025, -1.87920, 0.12261, -0.79490, 0.23875, -3.02756, 0.82569
1.03060, 1.80078, -1.25220, -1.85553, -0.02577, -0.80709, 0.22722, -3.02752, 0.83902
1.06844, 1.91840, -1.36963, -1.98445, -0.13244, -0.82209, 0.20533, -2.99896, 0.85258
1.08057, 1.94567, -1.39550, -2.13338, 0.07001, -0.83573, 0.18672, -2.95845, 0.86720
1.08896, 1.96558, -1.41387, -2.23559, 0.21972, -0.84619, 0.17013, -2.91358, 0.80044
1.08921, 1.94703, -1.39306, -2.23765, 0.26924, -0.83686, 0.15598, -2.87048, 0.82596
1.08818, 1.92353, -1.36782, -2.21738, 0.27535, -0.81581, 0.14363, -2.83635, 0.90076
1.08957, 1.91316, -1.35640, -2.20181, 0.26061, -0.80847, 0.13344, -2.81120, 0.93550
1.09435, 1.91053, -1.35479, -2.21416, 0.23404, -0.62068, 0.12422, -2.79136, 0.94930
1.10478, 1.93256, -1.37917, -2.25994, 0.20702, -0.47908, 0.11405, -2.77659, 0.95285
1.11627, 1.97773, -1.42553, -2.30030, 0.18321, -0.68707, 0.10415, -2.76572, 0.94864
1.12357, 2.01570, -1.46412, -2.31334, 0.16203, -1.05040, 0.09979, -2.75761, 0.94208
1.12903, 2.03290, -1.48397, -2.32689, 0.14594, -1.18645, 0.09858, -2.75382, 0.93439
1.13463, 2.04353, -1.49889, -2.35192, 0.13413, -1.18132, 0.09851, -2.75149, 0.92814
1.14121, 2.06579, -1.52660, -2.40306, 0.12808, -1.14950, 0.09793, -2.75113, 0.92317
1.14709, 2.08811, -1.55514, -2.45805, 0.12452, -1.10874, 0.09722, -2.75087, 0.92005
1.15212, 2.10928, -1.58321, -2.51386, 0.12399, -1.06738, 0.09594, -2.75085, 0.91846
1.15635, 2.12611, -1.60748, -2.56393, 0.12353, -1.02455, 0.09400, -2.74866, 0.91845
1.16002, 2.13988, -1.62929, -2.61027, 0.12503, -0.98866, 0.09175, -2.74718, 0.91917
1.16337, 2.14954, -1.64771, -2.65159, 0.12614, -0.95784, 0.09228, -2.74566, 0.91942
1.17018, 2.09831, -1.60589, -2.61862, 0.12508, -0.74908, 0.09500, -2.74383, 0.91989
1.17514, 2.08592, -1.60408, -2.64368, 0.12684, -0.58585, 0.09527, -2.74189, 0.91913
1.17731, 2.09861, -1.62516, -2.65770, 0.13076, -0.82933, 0.09429, -2.73891, 0.91641
1.17934, 2.10534, -1.64088, -2.66276, 0.13250, -1.06664, 0.09429, -2.73736, 0.91002
1.18278, 2.09791, -1.64407, -2.66610, 0.13263, -1.14747, 0.09539, -2.73678, 0.90502
1.18667, 2.08701, -1.64483, -2.67182, 0.12761, -1.15600, 0.09607, -2.73293, 0.90419
1.19078, 2.07444, -1.64468, -2.67902, 0.12234, -1.13192, 0.09470, -2.72988, 0.90471
1.19508, 2.05904, -1.64237, -2.68602, 0.12178, -1.09642, 0.09207, -2.72767, 0.90492
1.19938, 2.04287, -1.63988, -2.69227, 0.12112, -1.06067, 0.08872, -2.72636, 0.90431
1.20420, 2.02153, -1.63321, -2.69815, 0.11998, -0.96374, 0.08403, -2.72721, 0.90400
1.20911, 1.99775, -1.62479, -2.70325, 0.12041, -0.85501, 0.07851, -2.72893, 0.90505
1.21386, 1.97694, -1.61933, -2.70743, 0.12220, -0.81320, 0.07535, -2.73170, 0.90680
1.22083, 1.95729, -1.61259, -2.71104, 0.12558, -0.80375, 0.07485, -2.73485, 0.90733
1.23006, 1.93937, -1.60505, -2.71400, 0.12851, -0.80974, 0.07479, -2.73807, 0.90702
1.24109, 1.92344, -1.59758, -2.71635, 0.12936, -0.82287, 0.07461, -2.74013, 0.90789
1.25342, 1.90723, -1.58875, -2.71830, 0.12984, -0.83847, 0.07502, -2.73954, 0.90984
1.26653, 1.88871, -1.57731, -2.71963, 0.13085, -0.85358, 0.07564, -2.73868, 0.91202
1.28000, 1.86856, -1.56433, -2.72064, 0.13179, -0.86755, 0.07601, -2.73758, 0.91398
1.29341, 1.84645, -1.54987, -2.72153, 0.13157, -0.87724, 0.07543, -2.73509, 0.91588
1.30682, 1.82599, -1.53739, -2.72202, 0.12566, -0.88426, 0.07506, -2.73027, 0.91734
1.32028, 1.80677, -1.52664, -2.72250, 0.11715, -0.89135, 0.07535, -2.72677, 0.91848
1.33345, 1.78406, -1.51312, -2.72328, 0.11271, -0.89761, 0.07448, -2.72379, 0.91823
1.34778, 1.77712, -1.51380, -2.72272, 0.07606, -0.90086, 0.07105, -2.68617, 0.91647
1.36279, 1.77746, -1.52174, -2.72240, 0.02493, -0.90207, 0.06974, -2.64189, 0.91379
1.37759, 1.76418, -1.51773, -2.72322, 0.01157, -0.89972, 0.07177, -2.62679, 0.91150
1.39217, 1.74344, -1.50727, -2.72405, 0.01730, -0.89615, 0.07505, -2.62147, 0.91088
1.40663, 1.72133, -1.49609, -2.72461, 0.02601, -0.89402, 0.07768, -2.62002, 0.91047
1.42288, 1.73056, -1.51648, -2.72279, -0.06320, -0.89361, 0.07884, -2.62331, 0.90900
1.43866, 1.75964, -1.55723, -2.71913, -0.21695, -0.89549, 0.08037, -2.63078, 0.90721
1.45374, 1.74160, -1.55204, -2.71893, -0.22728, -0.89789, 0.08360, -2.63332, 0.90758
1.46807, 1.72475, -1.54767, -2.71832, -0.24660, -0.89971, 0.08574, -2.58811, 0.90881
1.48337, 1.70956, -1.54689, -2.71855, -0.26740, -0.90281, 0.08872, -2.60782, 0.91172
1.49892, 1.69400, -1.54667, -2.71779, -0.28806, -0.90580, 0.09043, -2.64679, 0.91409
1.51334, 1.66233, -1.52977, -2.71810, -0.26468, -0.90957, 0.09258, -2.61752, 0.91497
1.52851, 1.64191, -1.52560, -2.71743, -0.27557, -0.91175, 0.09452, -2.63708, 0.91537
1.54383, 1.63322, -1.53361, -2.71763, -0.32265, -0.91209, 0.09585, -2.65234, 0.91581
1.55879, 1.61634, -1.53380, -2.71797, -0.34737, -0.91141, 0.09672, -2.65242, 0.91604
1.57346, 1.62408, -1.55887, -2.71797, -0.44858, -0.91049, 0.09657, -2.64732, 0.91570
1.58847, 1.56872, -1.52212, -2.72224, -0.35252, -0.91197, 0.09672, -2.64438, 0.91556
1.60232, 1.51848, -1.49104, -2.72369, -0.27719, -0.91301, 0.09570, -2.64760, 0.91482
1.61680, 1.50413, -1.49593, -2.72228, -0.33959, -0.91458, 0.09360, -2.62682, 0.91142
1.62201, 1.40337, -1.41680, -2.72592, -0.26828, -0.91945, 0.09309, -2.58024, 0.90994
1.62087, 1.29795, -1.33553, -2.72662, -0.28889, -0.92067, 0.09155, -2.62161, 0.91184
1.63392, 1.29533, -1.35664, -2.71981, -0.64830, -0.91663, 0.08693, -2.63223, 0.90674
1.65078, 1.44491, -1.51347, -2.70961, -1.31704, -0.91216, -0.07445, -2.52801, 0.90310
1.63683, 1.56776, -1.62825, -2.58623, -2.05937, -0.90898, -0.30540, -2.27630, 0.90168
1.61884, 1.65692, -1.68834, -2.29258, -2.69392, -0.90962, -0.58096, -1.88792, 0.89943
1.62711, 1.62136, -1.62050, -1.78097, -3.03699, -0.90908, -0.66238, -1.65727, 0.89405
1.63018, 1.41172, -1.39009, -1.25386, -3.06791, -0.90571, -0.45865, -1.58827, 0.88667
1.60118, 1.21739, -1.16945, -1.06626, -2.77457, -0.90399, -0.12942, -1.74026, 0.88519
1.60686, 1.13338, -1.06208, -1.28416, -2.15776, -0.90547, 0.19182, -2.19473, 0.89043
1.69861, 1.18667, -1.11307, -1.90517, -1.14026, -0.91027, 0.30649, -2.70706, 0.89702
1.77705, 1.25141, -1.18617, -2.81228, 0.38008, -0.91712, 0.33468, -2.97497, 0.90039
1.80513, 1.28916, -1.21441, -3.36653, 1.31305, -0.91571, 0.32047, -3.00551, 0.90213
1.84622, 1.35292, -1.25001, -3.53729, 1.58795, -0.90731, 0.28801, -2.95271, 0.90405
1.90759, 1.45469, -1.31418, -3.51997, 1.54710, -0.89870, 0.25234, -2.90387, 0.90698
1.97200, 1.57267, -1.38887, -3.42293, 1.37830, -0.89303, 0.22005, -2.86266, 0.91045
2.03065, 1.69236, -1.46325, -3.30318, 1.16845, -0.89062, 0.19337, -2.83123, 0.91385
2.08106, 1.80034, -1.52681, -3.18708, 0.96183, -0.89186, 0.17248, -2.80821, 0.91694
2.12536, 1.88857, -1.57302, -3.08449, 0.77864, -0.89491, 0.15679, -2.79190, 0.91943
2.16665, 1.95811, -1.60311, -2.99705, 0.62603, -0.89925, 0.14511, -2.78028, 0.92082
2.20653, 2.02130, -1.62858, -2.92321, 0.50441, -0.90311, 0.13603, -2.77176, 0.92169
2.24542, 2.08156, -1.65260, -2.86283, 0.40953, -0.90445, 0.12863, -2.76603, 0.92234
2.28339, 2.14154, -1.67775, -2.81718, 0.33711, -0.90545, 0.12280, -2.76259, 0.92294
2.32055, 2.20076, -1.70338, -2.78200, 0.28153, -0.90545, 0.11819, -2.76057, 0.92343
2.36088, 2.22805, -1.69715, -2.70397, 0.23789, -0.90458, 0.11562, -2.75868, 0.92408
2.40179, 2.24628, -1.68263, -2.62034, 0.20678, -0.90140, 0.11371, -2.75346, 0.92458
2.44334, 2.24795, -1.65213, -2.51684, 0.18473, -0.89965, 0.11290, -2.74559, 0.92516
2.48259, 2.27839, -1.65202, -2.46567, 0.17142, -0.89572, 0.11093, -2.73827, 0.92478
2.52210, 2.30130, -1.64512, -2.40565, 0.16130, -0.89293, 0.10973, -2.73280, 0.92504
2.56141, 2.32597, -1.64091, -2.35151, 0.15520, -0.89063, 0.10808, -2.73096, 0.92403
2.60061, 2.34976, -1.63667, -2.29832, 0.14997, -0.88804, 0.10758, -2.72883, 0.92311
2.64135, 2.36730, -1.62792, -2.25995, 0.14567, -0.70054, 0.10695, -2.72885, 0.92237
2.68151, 2.39065, -1.62555, -2.22680, 0.14307, -0.56111, 0.10609, -2.73117, 0.92215
2.71916, 2.41028, -1.61871, -2.15262, 0.14318, -0.72560, 0.10480, -2.73320, 0.92169
2.75586, 2.41336, -1.59594, -2.04430, 0.14214, -0.96770, 0.10475, -2.73424, 0.92183
2.79422, 2.41113, -1.56990, -1.96281, 0.13982, -0.92874, 0.10423, -2.73433, 0.92233
2.83273, 2.40554, -1.54169, -1.89118, 0.13720, -0.77199, 0.10319, -2.73415, 0.92321
2.87003, 2.39418, -1.50848, -1.81338, 0.13557, -0.59951, 0.10080, -2.73520, 0.92337
2.90597, 2.37569, -1.46905, -1.73400, 0.13377, -0.35603, 0.09898, -2.73600, 0.92352
2.94206, 2.35842, -1.43162, -1.67526, 0.13320, 0.03601, 0.09628, -2.73410, 0.92295
2.97838, 2.34723, -1.40086, -1.63005, 0.13336, 0.44774, 0.09447, -2.73222, 0.92272
3.01561, 2.34198, -1.37672, -1.59871, 0.13383, 0.88732, 0.09338, -2.73267, 0.92271
3.05234, 2.34118, -1.35749, -1.56125, 0.13489, 1.19569, 0.09408, -2.73335, 0.92336
3.08996, 2.35283, -1.35119, -1.51831, 0.13823, 1.26588, 0.09419, -2.73451, 0.92365
3.12756, 2.37048, -1.35154, -1.46504, 0.14069, 1.14956, 0.09565, -2.73408, 0.92424
3.16534, 2.39046, -1.35504, -1.40930, 0.14237, 0.96653, 0.09683, -2.73061, 0.92419
3.20278, 2.40520, -1.35401, -1.35637, 0.14138, 0.87569, 0.09927, -2.72094, 0.92432
3.24095, 2.42009, -1.35384, -1.31145, 0.14126, 0.83680, 0.10072, -2.70814, 0.92443
3.27921, 2.43608, -1.35562, -1.26428, 0.14091, 0.75235, 0.10242, -2.69571, 0.92353
3.31850, 2.44987, -1.35580, -1.23121, 0.13940, 0.82541, 0.10289, -2.68488, 0.92205
3.35861, 2.46785, -1.36115, -1.19978, 0.13842, 0.84058, 0.10403, -2.68043, 0.92210
3.39655, 2.48025, -1.36005, -1.15937, 0.13884, 0.79380, 0.10353, -2.61435, 0.92145
3.43662, 2.49458, -1.36273, -1.13296, 0.13744, 0.87872, 0.10501, -2.59725, 0.92188
3.47618, 2.50791, -1.36517, -1.10106, 0.13748, 0.91123, 0.10505, -2.57840, 0.92099
3.51496, 2.51813, -1.36532, -1.06262, 0.13674, 0.91884, 0.10631, -2.55791, 0.92075
3.55443, 2.53026, -1.36826, -1.02755, 0.13745, 0.91655, 0.10616, -2.54334, 0.92022
3.59012, 2.52955, -1.35710, -0.97933, 0.13727, 0.91051, 0.10636, -2.45143, 0.92009
3.63413, 2.55509, -1.37732, -0.95927, 0.13761, 0.90785, 0.10738, -2.52749, 0.92221
3.67630, 2.58046, -1.39859, -0.92048, 0.13880, 0.69651, 0.10791, -2.59152, 0.92330
3.71845, 2.60625, -1.42061, -0.88702, 0.13928, 0.51689, 0.10777, -2.64494, 0.92424
3.75796, 2.62033, -1.42981, -0.84378, 0.13939, 0.34228, 0.10735, -2.62732, 0.92417
3.79758, 2.63434, -1.43953, -0.80249, 0.13977, 0.16709, 0.10650, -2.60409, 0.92449
3.83710, 2.64680, -1.44848, -0.76042, 0.13978, -0.00589, 0.10633, -2.57936, 0.92473
3.87664, 2.65789, -1.45644, -0.72089, 0.14004, -0.15806, 0.10585, -2.54591, 0.92522
3.91561, 2.66507, -1.46090, -0.67845, 0.13982, -0.30769, 0.10608, -2.49548, 0.92537
3.95432, 2.66966, -1.46316, -0.63600, 0.13993, -0.45123, 0.10582, -2.43243, 0.92469
3.99294, 2.67145, -1.46310, -0.59517, 0.13958, -0.55083, 0.10630, -2.36423, 0.92373
4.03191, 2.67138, -1.46212, -0.55539, 0.13938, -0.60651, 0.10638, -2.31140, 0.91986
4.07083, 2.66880, -1.45981, -0.51069, 0.13907, -0.66824, 0.10649, -2.26740, 0.91564
4.10915, 2.66157, -1.45316, -0.46366, 0.13932, -0.72288, 0.10570, -2.20725, 0.91433
4.14588, 2.64577, -1.43832, -0.40781, 0.13947, -0.78606, 0.10588, -2.11808, 0.91400
4.18166, 2.62412, -1.41810, -0.34879, 0.13899, -0.81616, 0.10572, -2.02239, 0.91512
4.21560, 2.59446, -1.38991, -0.28725, 0.13777, -0.77525, 0.10618, -1.90988, 0.91642
4.24813, 2.56125, -1.35841, -0.22656, 0.13648, -0.69908, 0.10597, -1.79168, 0.91774
4.27856, 2.52338, -1.32244, -0.16488, 0.13500, -0.58087, 0.10648, -1.66451, 0.91863
4.30313, 2.47197, -1.27219, -0.09431, 0.13410, -0.41493, 0.10568, -1.49983, 0.91924
4.33878, 2.45163, -1.25488, -0.06564, 0.13223, -0.11321, 0.10692, -1.45532, 0.92068
4.37772, 2.44004, -1.24606, -0.06222, 0.13153, 0.31529, 0.10633, -1.42966, 0.92193
4.39892, 2.38839, -1.19237, -0.04070, 0.13040, 0.95308, 0.10503, -1.26156, 0.92176
4.38004, 2.27091, -1.06670, 0.07178, 0.13184, 1.30505, 0.10029, -0.85812, 0.91893
4.35209, 2.16776, -0.94965, 0.10699, 0.13810, 1.42300, 0.08932, -0.29063, 0.91345
4.33001, 2.08144, -0.84950, 0.07890, 0.14196, 1.42269, 0.07891, 0.33358, 0.91026
4.38704, 2.08577, -0.86636, -0.04411, 0.14110, 1.27630, 0.07941, 0.61684, 0.91318
4.49640, 2.15822, -0.96645, -0.25495, 0.14123, 1.08365, 0.08348, 0.68736, 0.91723
4.60727, 2.25377, -1.08654, -0.47379, 0.13935, 0.94700, 0.09080, 0.66077, 0.92055
4.68033, 2.30593, -1.15517, -0.55856, 0.13352, 0.85027, 0.10269, 0.59616, 0.92320
4.72220, 2.30404, -1.16614, -0.50584, 0.12647, 0.80980, 0.11474, 0.52110, 0.92547
4.76858, 2.31099, -1.18657, -0.47403, 0.12539, 0.80402, 0.11797, 0.44530, 0.92650
4.81398, 2.31496, -1.20443, -0.44064, 0.12531, 0.81131, 0.11937, 0.37886, 0.92689
4.85885, 2.31682, -1.22067, -0.40726, 0.12719, 0.82486, 0.11776, 0.32264, 0.92673
4.90275, 2.31497, -1.23383, -0.37239, 0.12874, 0.83960, 0.11647, 0.27807, 0.92619
4.94739, 2.31394, -1.24840, -0.34381, 0.13040, 0.85409, 0.11337, 0.24240, 0.92530
4.99247, 2.31301, -1.26367, -0.32215, 0.13102, 0.86796, 0.11161, 0.21532, 0.92445
5.03830, 2.31374, -1.28109, -0.30861, 0.13305, 0.88042, 0.10896, 0.19400, 0.92393
5.08294, 2.31034, -1.29508, -0.29063, 0.13313, 0.89050, 0.10846, 0.17879, 0.92419
5.12721, 2.30540, -1.30815, -0.27123, 0.13376, 0.89817, 0.10707, 0.16698, 0.92460
5.17061, 2.29682, -1.31835, -0.24772, 0.13359, 0.90297, 0.10753, 0.15901, 0.92494
5.21451, 2.28944, -1.33027, -0.22836, 0.13443, 0.90706, 0.10668, 0.15248, 0.92510
5.25896, 2.28357, -1.34423, -0.21562, 0.13379, 0.91041, 0.10700, 0.14823, 0.92549
5.30441, 2.28181, -1.36263, -0.21342, 0.13457, 0.91316, 0.10580, 0.14455, 0.92571
5.34904, 2.27690, -1.37862, -0.20654, 0.13436, 0.91525, 0.10645, 0.14101, 0.92610
5.39291, 2.26881, -1.39218, -0.19295, 0.13486, 0.91728, 0.10623, 0.13741, 0.92627
5.43574, 2.25509, -1.40102, -0.17025, 0.13449, 0.91897, 0.10762, 0.13687, 0.92640
5.47873, 2.24169, -1.41074, -0.14888, 0.13562, 0.92059, 0.10736, 0.13657, 0.92605
5.52125, 2.22485, -1.41786, -0.12237, 0.13581, 0.92094, 0.10853, 0.13747, 0.92539
5.56405, 2.20898, -1.42649, -0.09784, 0.13684, 0.92109, 0.10804, 0.13748, 0.92483
5.60713, 2.19410, -1.43663, -0.07784, 0.13693, 0.92152, 0.10863, 0.13759, 0.92490
5.65061, 2.18184, -1.44976, -0.06384, 0.13794, 0.92246, 0.10764, 0.13684, 0.92514
5.69380, 2.16733, -1.46142, -0.04700, 0.13782, 0.92154, 0.10808, 0.13654, 0.92557
5.73708, 2.15374, -1.47450, -0.03242, 0.13876, 0.92051, 0.10717, 0.13545, 0.92578
5.78005, 2.13706, -1.48528, -0.01372, 0.13812, 0.92038, 0.10778, 0.13598, 0.92588
5.82295, 2.11962, -1.49596, 0.00692, 0.13712, 0.92094, 0.10712, 0.13616, 0.92559
5.86626, 2.10822, -1.51277, 0.01172, 0.13595, 0.92042, 0.10706, 0.13640, 0.92534
5.90953, 2.10071, -1.53369, 0.00654, 0.13651, 0.91920, 0.10615, 0.13597, 0.92519
5.95235, 2.08983, -1.55208, 0.00608, 0.13632, 0.91883, 0.10672, 0.13639, 0.92516
5.99475, 2.06646, -1.55956, 0.03234, 0.13588, 0.91834, 0.10798, 0.13708, 0.92520
6.03720, 2.04875, -1.57283, 0.04545, 0.13648, 0.91655, 0.10809, 0.13670, 0.92511
6.07951, 2.03191, -1.58745, 0.05542, 0.13724, 0.91496, 0.10774, 0.13644, 0.92519
6.12163, 2.01550, -1.60305, 0.06332, 0.13764, 0.91405, 0.10710, 0.13643, 0.92445
6.16351, 1.99931, -1.61943, 0.06920, 0.13783, 0.91397, 0.10657, 0.13643, 0.92326
6.20513, 1.98308, -1.63636, 0.07386, 0.13804, 0.91504, 0.10637, 0.13520, 0.92241
6.24652, 1.96613, -1.65320, 0.07835, 0.13830, 0.91647, 0.10647, 0.13386, 0.92215
6.28768, 1.94858, -1.67006, 0.08242, 0.13872, 0.91660, 0.10626, 0.13381, 0.92237
6.32848, 1.93132, -1.68785, 0.08613, 0.13881, 0.91562, 0.10614, 0.13042, 0.92289
6.36897, 1.91371, -1.70594, 0.08940, 0.13826, 0.91558, 0.10625, 0.12682, 0.92193
6.40912, 1.89578, -1.72430, 0.09048, 0.13768, 0.91525, 0.10624, 0.12644, 0.92050
6.44900, 1.87710, -1.74254, 0.09072, 0.13723, 0.91493, 0.10637, 0.12762, 0.91974
6.48850, 1.85822, -1.76123, 0.09005, 0.13665, 0.91555, 0.10668, 0.12804, 0.91872
6.52777, 1.83830, -1.77957, 0.08989, 0.13625, 0.91675, 0.10709, 0.12850, 0.91820
6.56693, 1.81695, -1.79717, 0.09073, 0.13638, 0.91790, 0.10751, 0.12987, 0.91845
6.60585, 1.79478, -1.81465, 0.09192, 0.13688, 0.91775, 0.10790, 0.13112, 0.91904
6.64450, 1.77203, -1.83225, 0.09375, 0.13748, 0.91734, 0.10817, 0.13068, 0.91999
6.68275, 1.74902, -1.85027, 0.09493, 0.13808, 0.91698, 0.10813, 0.13006, 0.92088
6.72078, 1.72517, -1.86812, 0.09600, 0.13866, 0.91703, 0.10807, 0.13047, 0.92154
6.75850, 1.70073, -1.88611, 0.09763, 0.13908, 0.91558, 0.10748, 0.13073, 0.92183
6.79622, 1.67427, -1.90222, 0.09924, 0.13946, 0.91403, 0.10689, 0.13109, 0.92198
6.84082, 1.61015, -1.86674, 0.10172, 0.14148, 0.91491, 0.10834, 0.13333, 0.92240
6.88527, 1.52051, -1.79433, 0.08943, 0.14423, 0.91632, 0.10940, 0.13553, 0.92141
6.92418, 1.41892, -1.70598, 0.07020, 0.14588, 0.91101, 0.11009, 0.13739, 0.92049
6.95469, 1.31491, -1.61425, 0.06040, 0.14725, 0.90273, 0.10967, 0.13840, 0.92087
6.97068, 1.25999, -1.56447, 0.05604, 0.15273, 0.89716, 0.10609, 0.13803, 0.92201
6.97841, 1.24281, -1.54728, 0.05467, 0.15700, 0.89510, 0.10319, 0.13733, 0.92362
6.98199, 1.24312, -1.54577, 0.05750, 0.15884, 0.89825, 0.10206, 0.13643, 0.92520
6.98374, 1.25227, -1.55246, 0.06306, 0.15812, 0.90225, 0.10171, 0.13563, 0.92413
6.98472, 1.26599, -1.56387, 0.06938, 0.15490, 0.90564, 0.10092, 0.13508, 0.92043
6.98507, 1.28013, -1.57539, 0.07522, 0.15002, 0.90843, 0.10053, 0.13419, 0.91794
6.98517, 1.29453, -1.58690, 0.08013, 0.14573, 0.91088, 0.10092, 0.13285, 0.91187
6.98506, 1.30905, -1.59839, 0.08339, 0.14204, 0.91337, 0.10147, 0.13148, 0.90584
6.98471, 1.32249, -1.60906, 0.08577, 0.13934, 0.91540, 0.10164, 0.13008, 0.90086
6.98422, 1.33420, -1.61837, 0.08865, 0.13743, 0.91667, 0.10168, 0.12924, 0.89751
6.98366, 1.34448, -1.62657, 0.09174, 0.13612, 0.91783, 0.10098, 0.12895, 0.89576
6.98297, 1.35477, -1.63479, 0.09323, 0.13532, 0.91870, 0.09753, 0.12938, 0.89151
6.98229, 1.36369, -1.64192, 0.09355, 0.13506, 0.91901, 0.09469, 0.13024, 0.88933
6.98170, 1.37070, -1.64752, 0.09383, 0.13439, 0.91954, 0.09344, 0.13068, 0.89134
6.98121, 1.37608, -1.65183, 0.09444, 0.13393, 0.91872, 0.09274, 0.13067, 0.89349
6.98077, 1.38058, -1.65544, 0.09470, 0.13277, 0.91715, 0.09136, 0.13037, 0.89633
6.98044, 1.38381, -1.65804, 0.09422, 0.13102, 0.91629, 0.09032, 0.13056, 0.90055
6.98026, 1.38542, -1.65933, 0.09392, 0.13033, 0.91588, 0.09077, 0.12740, 0.90438
6.98025, 1.38538, -1.65930, 0.09428, 0.12949, 0.91430, 0.09178, 0.12365, 0.90751
6.98047, 1.38307, -1.65744, 0.09524, 0.12889, 0.91173, 0.09340, 0.12298, 0.90957
6.98086, 1.37922, -1.65434, 0.09565, 0.12939, 0.91009, 0.09507, 0.12353, 0.91021
6.98134, 1.37438, -1.65046, 0.09501, 0.12902, 0.91031, 0.09669, 0.12472, 0.91055
6.98195, 1.36819, -1.64550, 0.09477, 0.12723, 0.91151, 0.09829, 0.12636, 0.90939
6.98265, 1.36073, -1.63952, 0.09548, 0.12431, 0.91294, 0.09926, 0.12827, 0.90357
6.98336, 1.35276, -1.63313, 0.09560, 0.12218, 0.91343, 0.10007, 0.12527, 0.89943
6.98411, 1.34374, -1.62590, 0.09445, 0.12192, 0.91144, 0.10080, 0.12114, 0.89816
6.98467, 1.33661, -1.62021, 0.09380, 0.12229, 0.91018, 0.10185, 0.11965, 0.89724
6.98484, 1.33455, -1.61861, 0.09345, 0.12301, 0.91084, 0.10219, 0.11744, 0.89787
6.98484, 1.33516, -1.61914, 0.09342, 0.12347, 0.91223, 0.10202, 0.11633, 0.89747
6.98480, 1.33599, -1.61982, 0.09394, 0.12278, 0.91404, 0.10202, 0.11781, 0.89559
6.98472, 1.33755, -1.62107, 0.09454, 0.12131, 0.91479, 0.10218, 0.11863, 0.89413
6.98462, 1.33966, -1.62275, 0.09465, 0.11996, 0.91462, 0.10191, 0.11949, 0.89517
6.98450, 1.34308, -1.62548, 0.09291, 0.11911, 0.91457, 0.10137, 0.12065, 0.89338
6.98431, 1.34719, -1.62875, 0.09068, 0.11978, 0.91299, 0.10031, 0.12004, 0.89126
6.98418, 1.34935, -1.63046, 0.09000, 0.12154, 0.91189, 0.09939, 0.12000, 0.89325
6.98419, 1.34946, -1.63053, 0.08966, 0.12393, 0.91020, 0.09916, 0.12131, 0.89591
6.98424, 1.34879, -1.62998, 0.08968, 0.12435, 0.90843, 0.09897, 0.12015, 0.89506
6.98428, 1.34819, -1.62950, 0.09097, 0.12203, 0.90798, 0.09936, 0.11587, 0.89467
6.98433, 1.34802, -1.62937, 0.09251, 0.12067, 0.90585, 0.10019, 0.11244, 0.89698
6.98441, 1.34724, -1.62875, 0.09334, 0.12171, 0.90379, 0.10105, 0.11207, 0.89929
6.98455, 1.34636, -1.62803, 0.09419, 0.12414, 0.89988, 0.10178, 0.11417, 0.90168
6.98471, 1.34593, -1.62768, 0.09524, 0.12611, 0.89517, 0.10241, 0.11748, 0.90089
6.98474, 1.34603, -1.62775, 0.09450, 0.12778, 0.89419, 0.10284, 0.12089, 0.89944
6.98475, 1.34556, -1.62737, 0.09345, 0.12979, 0.89535, 0.10320, 0.12413, 0.89937
6.98482, 1.34424, -1.62632, 0.09394, 0.13053, 0.89736, 0.10278, 0.12618, 0.89904
6.98481, 1.34362, -1.62583, 0.09340, 0.13046, 0.90058, 0.10132, 0.12760, 0.89990
6.98474, 1.34416, -1.62627, 0.09185, 0.12970, 0.90349, 0.10033, 0.12785, 0.90150
6.98465, 1.34528, -1.62719, 0.08988, 0.12956, 0.90473, 0.10039, 0.12747, 0.90153
6.98464, 1.34527, -1.62718, 0.08899, 0.13039, 0.90620, 0.10099, 0.12706, 0.90117
6.98465, 1.34512, -1.62707, 0.08825, 0.13147, 0.90729, 0.10083, 0.12717, 0.89429
6.98465, 1.34501, -1.62698, 0.08738, 0.13232, 0.90824, 0.10040, 0.12759, 0.88663
6.98458, 1.34617, -1.62792, 0.08589, 0.13176, 0.90899, 0.10007, 0.12803, 0.88557
6.98452, 1.34732, -1.62884, 0.08502, 0.13115, 0.91003, 0.10019, 0.12848, 0.88835
6.98456, 1.34705, -1.62862, 0.08634, 0.12984, 0.91096, 0.10071, 0.12680, 0.89280
6.98461, 1.34663, -1.62828, 0.08823, 0.12772, 0.91119, 0.10074, 0.12365, 0.89611
6.98463, 1.34639, -1.62809, 0.08872, 0.12631, 0.91227, 0.10059, 0.12085, 0.89929
6.98467, 1.34551, -1.62738, 0.08872, 0.12630, 0.91430, 0.10057, 0.11914, 0.90188
6.98479, 1.34325, -1.62556, 0.08931, 0.12772, 0.91637, 0.10075, 0.11919, 0.90227
6.98491, 1.34080, -1.62359, 0.08993, 0.12945, 0.91815, 0.10142, 0.12008, 0.90315
6.98498, 1.33911, -1.62223, 0.09090, 0.12921, 0.91972, 0.10152, 0.12159, 0.90464
6.98501, 1.33837, -1.62166, 0.09143, 0.12860, 0.92044, 0.10103, 0.12305, 0.90649
6.98497, 1.33871, -1.62194, 0.09039, 0.12894, 0.92085, 0.09969, 0.12468, 0.90753
6.98492, 1.33944, -1.62253, 0.08989, 0.12941, 0.92084, 0.09889, 0.12513, 0.90715
6.98490, 1.34180, -1.62442, 0.09097, 0.12917, 0.91425, 0.09879, 0.12370, 0.90689
6.98478, 1.34586, -1.62766, 0.09020, 0.12860, 0.90688, 0.09876, 0.12247, 0.90795
6.98465, 1.34872, -1.62994, 0.08880, 0.12910, 0.90338, 0.09937, 0.12131, 0.90757
6.98450, 1.35105, -1.63180, 0.08708, 0.12965, 0.90151, 0.09843, 0.11864, 0.90558
6.98444, 1.35172, -1.63231, 0.08583, 0.13000, 0.90090, 0.09718, 0.11704, 0.90401
6.98457, 1.34982, -1.63077, 0.08650, 0.13097, 0.90047, 0.09713, 0.11757, 0.90240
6.98472, 1.34740, -1.62883, 0.08779, 0.13162, 0.90120, 0.09731, 0.11879, 0.90114
6.98484, 1.34517, -1.62705, 0.08964, 0.13125, 0.90240, 0.09752, 0.12075, 0.90162
6.98494, 1.34353, -1.62575, 0.09135, 0.13059, 0.90300, 0.09790, 0.12313, 0.90392
6.98503, 1.34205, -1.62458, 0.09302, 0.13005, 0.90345, 0.09860, 0.12271, 0.90634
6.98510, 1.34067, -1.62348, 0.09487, 0.12899, 0.90436, 0.09915, 0.12107, 0.90835
6.98514, 1.33991, -1.62290, 0.09669, 0.12690, 0.90535, 0.09938, 0.12106, 0.91051
6.98502, 1.34150, -1.62419, 0.09673, 0.12429, 0.90643, 0.09788, 0.12012, 0.91328
6.98493, 1.34338, -1.62569, 0.09636, 0.12250, 0.90763, 0.09670, 0.12005, 0.91179
6.98491, 1.34446, -1.62655, 0.09569, 0.12177, 0.90898, 0.09723, 0.12099, 0.90763
6.98490, 1.34473, -1.62675, 0.09505, 0.12135, 0.91096, 0.09800, 0.12238, 0.90463
6.98498, 1.34341, -1.62568, 0.09551, 0.12193, 0.91317, 0.09775, 0.12486, 0.90318
6.98512, 1.34155, -1.62419, 0.09638, 0.12292, 0.91417, 0.09800, 0.12414, 0.90333
6.98522, 1.34057, -1.62341, 0.09699, 0.12328, 0.90983, 0.09892, 0.12274, 0.90503
6.98534, 1.33992, -1.62288, 0.09777, 0.12426, 0.90570, 0.09914, 0.12351, 0.90776
6.98537, 1.34043, -1.62329, 0.09763, 0.12500, 0.90330, 0.09860, 0.12437, 0.90938
6.98543, 1.34152, -1.62415, 0.09759, 0.12638, 0.89874, 0.09825, 0.12493, 0.91035
6.98551, 1.34192, -1.62446, 0.09812, 0.12829, 0.89389, 0.09831, 0.12548, 0.91155
6.98560, 1.34158, -1.62419, 0.09857, 0.12991, 0.89209, 0.09876, 0.12604, 0.91285
6.98565, 1.34101, -1.62373, 0.09874, 0.13084, 0.89241, 0.09960, 0.12687, 0.91376
6.98561, 1.34189, -1.62446, 0.09900, 0.12870, 0.89314, 0.10010, 0.12747, 0.91404
6.98555, 1.34304, -1.62539, 0.09890, 0.12650, 0.89547, 0.10035, 0.12765, 0.91399
6.98545, 1.34423, -1.62635, 0.09675, 0.12631, 0.89900, 0.10053, 0.12740, 0.91335
6.98536, 1.34512, -1.62706, 0.09399, 0.12686, 0.90301, 0.10065, 0.12748, 0.91044
6.98528, 1.34585, -1.62765, 0.09254, 0.12456, 0.90688, 0.10080, 0.12776, 0.90680
6.98521, 1.34658, -1.62824, 0.09175, 0.12236, 0.90950, 0.10110, 0.12775, 0.90501
6.98524, 1.34563, -1.62746, 0.09200, 0.12233, 0.91100, 0.10176, 0.12803, 0.90522
6.98534, 1.34376, -1.62596, 0.09312, 0.12312, 0.91232, 0.10269, 0.12473, 0.90484
6.98550, 1.34100, -1.62374, 0.09465, 0.12476, 0.91348, 0.10333, 0.12122, 0.90458
6.98571, 1.33748, -1.62092, 0.09644, 0.12713, 0.91380, 0.10369, 0.12137, 0.90524
6.98589, 1.33440, -1.61846, 0.09780, 0.12966, 0.91418, 0.10444, 0.12276, 0.90530
6.98604, 1.33197, -1.61653, 0.09882, 0.13185, 0.91420, 0.10510, 0.12468, 0.90528
6.98610, 1.33082, -1.61562, 0.09866, 0.13343, 0.91403, 0.10498, 0.12633, 0.90627
6.98608, 1.33151, -1.61618, 0.09781, 0.13328, 0.91363, 0.10422, 0.12661, 0.90721
6.98606, 1.33220, -1.61674, 0.09727, 0.13289, 0.91362, 0.10350, 0.12710, 0.90744
6.98611, 1.33276, -1.61717, 0.09708, 0.13282, 0.91392, 0.10352, 0.12870, 0.90397
6.98619, 1.33384, -1.61801, 0.09687, 0.13264, 0.91416, 0.10343, 0.13045, 0.89895
6.98625, 1.33514, -1.61904, 0.09679, 0.13238, 0.91493, 0.10365, 0.13095, 0.89450
6.98628, 1.33634, -1.61999, 0.09591, 0.13178, 0.91603, 0.10406, 0.13070, 0.89274
6.98629, 1.33682, -1.62036, 0.09412, 0.13011, 0.91619, 0.10417, 0.13017, 0.89391
6.98632, 1.33667, -1.62025, 0.09312, 0.12901, 0.91622, 0.10395, 0.12786, 0.89640
6.98637, 1.33713, -1.62062, 0.09318, 0.12873, 0.91414, 0.10356, 0.12562, 0.89965
6.98638, 1.33873, -1.62190, 0.09334, 0.12896, 0.91122, 0.10268, 0.12425, 0.90140
6.98635, 1.34172, -1.62429, 0.09327, 0.12871, 0.90715, 0.10174, 0.12282, 0.89992
6.98633, 1.34450, -1.62651, 0.09363, 0.12730, 0.90330, 0.10113, 0.12269, 0.89728
6.98619, 1.34768, -1.62906, 0.09452, 0.12161, 0.90314, 0.10053, 0.12333, 0.89283
6.98604, 1.35043, -1.63127, 0.09564, 0.11598, 0.90518, 0.10038, 0.12388, 0.88882
6.98602, 1.35097, -1.63170, 0.09674, 0.11485, 0.90763, 0.10074, 0.12443, 0.88172
6.98602, 1.35107, -1.63178, 0.09594, 0.11648, 0.91011, 0.10075, 0.12291, 0.87419
6.98601, 1.35109, -1.63180, 0.09440, 0.11839, 0.91236, 0.10075, 0.12132, 0.87385
6.98604, 1.34984, -1.63080, 0.09385, 0.12040, 0.91178, 0.10140, 0.12070, 0.87869
6.98611, 1.34776, -1.62912, 0.09402, 0.12258, 0.91034, 0.10196, 0.12153, 0.88427
6.98614, 1.34593, -1.62764, 0.09397, 0.12473, 0.90829, 0.10097, 0.12347, 0.88985
6.98613, 1.34486, -1.62680, 0.09334, 0.12569, 0.90675, 0.09939, 0.12282, 0.89593
6.98602, 1.34664, -1.62825, 0.09230, 0.12492, 0.90759, 0.09920, 0.11692, 0.90018
6.98593, 1.34865, -1.62987, 0.09227, 0.12281, 0.90848, 0.09990, 0.11228, 0.90244
6.98597, 1.34882, -1.63000, 0.09287, 0.12084, 0.90950, 0.10048, 0.11239, 0.90231
6.98603, 1.34838, -1.62965, 0.09332, 0.12063, 0.91131, 0.10072, 0.11291, 0.90253
6.98613, 1.34679, -1.62837, 0.09413, 0.12189, 0.91256, 0.10122, 0.11359, 0.90467
6.98629, 1.34435, -1.62641, 0.09444, 0.12374, 0.91195, 0.10112, 0.11543, 0.90704
6.98643, 1.34198, -1.62452, 0.09312, 0.12599, 0.91159, 0.10051, 0.11825, 0.90925
6.98651, 1.34122, -1.62392, 0.09131, 0.12830, 0.91144, 0.09967, 0.12109, 0.90777
6.98654, 1.34157, -1.62421, 0.09011, 0.12976, 0.91090, 0.09834, 0.12324, 0.90543
6.98656, 1.34173, -1.62434, 0.08969, 0.13057, 0.91025, 0.09763, 0.12493, 0.90403
6.98651, 1.34252, -1.62499, 0.08913, 0.12992, 0.91067, 0.09800, 0.12668, 0.90279
6.98648, 1.34403, -1.62620, 0.08930, 0.12894, 0.90855, 0.09887, 0.12766, 0.90324
6.98648, 1.34513, -1.62707, 0.08958, 0.12920, 0.90637, 0.09941, 0.12824, 0.90429
6.98649, 1.34533, -1.62722, 0.08974, 0.12909, 0.90755, 0.09988, 0.12912, 0.90512
6.98654, 1.34463, -1.62665, 0.09053, 0.12899, 0.90828, 0.10074, 0.12857, 0.90655
6.98655, 1.34450, -1.62655, 0.09198, 0.12660, 0.90885, 0.10024, 0.12737, 0.90504
6.98658, 1.34415, -1.62627, 0.09379, 0.12368, 0.91070, 0.09926, 0.12511, 0.90340
6.98674, 1.34196, -1.62452, 0.09587, 0.12364, 0.91146, 0.09905, 0.12368, 0.90410
6.98689, 1.33988, -1.62285, 0.09662, 0.12556, 0.91063, 0.09868, 0.12435, 0.90500
6.98692, 1.34011, -1.62305, 0.09415, 0.12827, 0.91032, 0.09852, 0.12624, 0.90118
6.98691, 1.34150, -1.62417, 0.09106, 0.13094, 0.90913, 0.09921, 0.12712, 0.89768
6.98689, 1.34267, -1.62511, 0.08911, 0.13242, 0.90806, 0.10026, 0.12699, 0.89803
6.98686, 1.34377, -1.62599, 0.08846, 0.13222, 0.90707, 0.10081, 0.12746, 0.89896
6.98689, 1.34384, -1.62604, 0.08894, 0.13218, 0.90661, 0.10121, 0.12871, 0.89915
6.98699, 1.34254, -1.62499, 0.08982, 0.13285, 0.90769, 0.10191, 0.12978, 0.90039
6.98709, 1.34080, -1.62359, 0.09046, 0.13390, 0.90906, 0.10221, 0.12999, 0.90160
6.98723, 1.33857, -1.62180, 0.09158, 0.13496, 0.90973, 0.10217, 0.12985, 0.90159
6.98734, 1.33659, -1.62022, 0.09216, 0.13595, 0.91090, 0.10157, 0.12946, 0.90027
6.98740, 1.33615, -1.61988, 0.09202, 0.13645, 0.91174, 0.10117, 0.12808, 0.89818
6.98742, 1.33636, -1.62006, 0.09271, 0.13591, 0.91137, 0.10158, 0.12624, 0.89717
6.98746, 1.33670, -1.62033, 0.09371, 0.13531, 0.91099, 0.10196, 0.12597, 0.89538
6.98749, 1.33707, -1.62062, 0.09386, 0.13480, 0.91112, 0.10204, 0.12658, 0.89473
6.98751, 1.33725, -1.62077, 0.09354, 0.13418, 0.91068, 0.10236, 0.12683, 0.89496
6.98753, 1.33706, -1.62061, 0.09336, 0.13391, 0.91053, 0.10302, 0.12683, 0.89585
6.98753, 1.33645, -1.62012, 0.09358, 0.13384, 0.91144, 0.10290, 0.12751, 0.89866
6.98753, 1.33529, -1.61917, 0.09430, 0.13404, 0.91253, 0.10259, 0.12864, 0.90204
6.98756, 1.33407, -1.61819, 0.09522, 0.13426, 0.91375, 0.10229, 0.13035, 0.90312
6.98756, 1.33381, -1.61799, 0.09637, 0.13237, 0.91538, 0.10158, 0.13133, 0.90330
6.98757, 1.33414, -1.61826, 0.09760, 0.12980, 0.91572, 0.10118, 0.13174, 0.90238
6.98760, 1.33488, -1.61886, 0.09893, 0.12738, 0.91438, 0.10111, 0.13166, 0.90061
6.98760, 1.33578, -1.61958, 0.09992, 0.12642, 0.91120, 0.10058, 0.13135, 0.90085
6.98759, 1.33660, -1.62024, 0.10062, 0.12612, 0.90802, 0.10048, 0.12966, 0.90259
6.98758, 1.33696, -1.62053, 0.10124, 0.12519, 0.90731, 0.10092, 0.12753, 0.90529
6.98752, 1.33770, -1.62112, 0.10084, 0.12387, 0.90819, 0.10088, 0.12702, 0.90765
6.98739, 1.33986, -1.62286, 0.09823, 0.12384, 0.90823, 0.10073, 0.12764, 0.90666
6.98725, 1.34247, -1.62496, 0.09449, 0.12551, 0.90713, 0.10084, 0.12888, 0.90548
6.98718, 1.34377, -1.62600, 0.09227, 0.12767, 0.90696, 0.10125, 0.12906, 0.90624
6.98720, 1.34350, -1.62578, 0.09135, 0.12994, 0.90781, 0.10168, 0.12823, 0.90765
6.98732, 1.34173, -1.62434, 0.09134, 0.13180, 0.90955, 0.10224, 0.12820, 0.90491
6.98752, 1.33883, -1.62201, 0.09217, 0.13242, 0.91173, 0.10268, 0.12882, 0.90212
6.98768, 1.33649, -1.62014, 0.09322, 0.13265, 0.91282, 0.10271, 0.12982, 0.90283
6.98782, 1.33431, -1.61841, 0.09456, 0.13325, 0.91298, 0.10237, 0.13128, 0.90320
6.98790, 1.33351, -1.61778, 0.09517, 0.13347, 0.91262, 0.10159, 0.13092, 0.90308
6.98786, 1.33419, -1.61833, 0.09478, 0.13320, 0.91250, 0.10016, 0.13012, 0.90412
6.98781, 1.33449, -1.61857, 0.09502, 0.13307, 0.91301, 0.09864, 0.13039, 0.90590
6.98777, 1.33441, -1.61851, 0.09548, 0.13338, 0.91353, 0.09793, 0.13044, 0.90765
6.98761, 1.33858, -1.62185, 0.09296, 0.13342, 0.90831, 0.09703, 0.13044, 0.90861
6.98733, 1.34545, -1.62734, 0.08922, 0.13146, 0.90258, 0.09593, 0.13131, 0.90757
6.98711, 1.34975, -1.63077, 0.08790, 0.12942, 0.90090, 0.09576, 0.13171, 0.90590
6.98698, 1.35202, -1.63257, 0.08721, 0.12899, 0.90049, 0.09611, 0.13162, 0.90601
6.98691, 1.35312, -1.63344, 0.08484, 0.12951, 0.90082, 0.09691, 0.13199, 0.90455
6.98696, 1.35241, -1.63287, 0.08356, 0.13032, 0.90165, 0.09807, 0.13234, 0.89925
6.98704, 1.35084, -1.63160, 0.08323, 0.13156, 0.90351, 0.09895, 0.13198, 0.89567
6.98711, 1.34910, -1.63021, 0.08327, 0.13269, 0.90568, 0.09915, 0.13191, 0.89228
6.98725, 1.34632, -1.62797, 0.08479, 0.13363, 0.90785, 0.09895, 0.13236, 0.89063
6.98729, 1.34548, -1.62731, 0.08542, 0.13292, 0.90950, 0.09854, 0.13293, 0.89139
6.98728, 1.34576, -1.62755, 0.08592, 0.13126, 0.91064, 0.09862, 0.13185, 0.89024
6.98726, 1.34588, -1.62766, 0.08658, 0.12931, 0.91241, 0.09877, 0.12806, 0.88851
6.98720, 1.34661, -1.62826, 0.08644, 0.12837, 0.91282, 0.09798, 0.12479, 0.88816
6.98721, 1.34649, -1.62817, 0.08749, 0.12800, 0.91154, 0.09755, 0.12394, 0.88968
6.98730, 1.34506, -1.62701, 0.08920, 0.12820, 0.91079, 0.09818, 0.12457, 0.89246
6.98741, 1.34331, -1.62561, 0.09068, 0.12896, 0.91151, 0.09903, 0.12603, 0.89374
6.98748, 1.34188, -1.62446, 0.09255, 0.12905, 0.91232, 0.09943, 0.12687, 0.89578
6.98751, 1.34058, -1.62342, 0.09381, 0.12883, 0.91296, 0.10006, 0.12624, 0.89909
6.98751, 1.34008, -1.62302, 0.09462, 0.12910, 0.91424, 0.10080, 0.12416, 0.90165
6.98743, 1.34106, -1.62383, 0.09489, 0.12267, 0.91449, 0.10114, 0.12205, 0.90445
6.98735, 1.34244, -1.62493, 0.09489, 0.11575, 0.91406, 0.10160, 0.12069, 0.90511
6.98735, 1.34237, -1.62487, 0.09477, 0.11482, 0.91400, 0.10180, 0.11848, 0.90462
6.98729, 1.34321, -1.62555, 0.09439, 0.11408, 0.91492, 0.10152, 0.11638, 0.90580
6.98722, 1.34408, -1.62624, 0.09379, 0.11428, 0.91526, 0.10137, 0.11660, 0.90775
6.98722, 1.34432, -1.62644, 0.09374, 0.11594, 0.91354, 0.10161, 0.11731, 0.90878
6.98729, 1.34386, -1.62606, 0.09455, 0.11766, 0.91192, 0.10215, 0.11691, 0.90841
6.98734, 1.34301, -1.62538, 0.09502, 0.11936, 0.91195, 0.10185, 0.11724, 0.90609
6.98733, 1.34289, -1.62528, 0.09433, 0.12085, 0.91274, 0.10036, 0.11849, 0.90400
6.98734, 1.34324, -1.62556, 0.09363, 0.12190, 0.91285, 0.09981, 0.11957, 0.90107
6.98737, 1.34336, -1.62565, 0.09296, 0.12323, 0.91304, 0.10014, 0.12022, 0.89877
6.98738, 1.34291, -1.62528, 0.09237, 0.12492, 0.91416, 0.09970, 0.12175, 0.89930
6.98740, 1.34323, -1.62553, 0.09151, 0.12598, 0.91427, 0.09951, 0.12430, 0.89653
6.98741, 1.34393, -1.62609, 0.08994, 0.12721, 0.91419, 0.09978, 0.12663, 0.89390
6.98742, 1.34428, -1.62636, 0.08851, 0.12868, 0.91381, 0.09965, 0.12796, 0.89551
6.98746, 1.34391, -1.62607, 0.08784, 0.13003, 0.91364, 0.09946, 0.12900, 0.89929
6.98754, 1.34254, -1.62497, 0.08835, 0.13076, 0.91432, 0.09918, 0.13043, 0.90259
6.98760, 1.34222, -1.62472, 0.08876, 0.13137, 0.91274, 0.09837, 0.12824, 0.90536
6.98762, 1.34240, -1.62487, 0.08867, 0.13234, 0.91061, 0.09812, 0.12369, 0.90526
6.98772, 1.34124, -1.62394, 0.08937, 0.13339, 0.91024, 0.09888, 0.12210, 0.90253
6.98780, 1.34015, -1.62308, 0.09031, 0.13321, 0.91109, 0.09953, 0.12310, 0.90069
6.98779, 1.34059, -1.62344, 0.09055, 0.13201, 0.91142, 0.09877, 0.12467, 0.89964
6.98773, 1.34129, -1.62401, 0.09078, 0.13160, 0.91174, 0.09805, 0.12476, 0.90041
6.98773, 1.34082, -1.62362, 0.09183, 0.13211, 0.91285, 0.09822, 0.12480, 0.90195
6.98774, 1.33988, -1.62286, 0.09309, 0.13256, 0.91325, 0.09860, 0.12514, 0.90343
6.98767, 1.34035, -1.62325, 0.09347, 0.13307, 0.91106, 0.09854, 0.12320, 0.90596
6.98753, 1.34168, -1.62432, 0.09268, 0.13315, 0.90678, 0.09753, 0.12139, 0.90883
6.98751, 1.34247, -1.62495, 0.09165, 0.13282, 0.90452, 0.09688, 0.12245, 0.90740
6.98747, 1.34413, -1.62627, 0.09182, 0.12851, 0.90588, 0.09637, 0.12463, 0.90368
6.98737, 1.34586, -1.62765, 0.09260, 0.12282, 0.90854, 0.09628, 0.12655, 0.90253
6.98734, 1.34624, -1.62795, 0.09327, 0.12081, 0.90963, 0.09712, 0.12509, 0.90348
6.98740, 1.34510, -1.62703, 0.09391, 0.12184, 0.91022, 0.09802, 0.12279, 0.90536
6.98753, 1.34276, -1.62514, 0.09473, 0.12389, 0.91137, 0.09888, 0.12170, 0.90753
6.98773, 1.33961, -1.62262, 0.09606, 0.12628, 0.91172, 0.09971, 0.12194, 0.91005
6.98785, 1.33740, -1.62085, 0.09674, 0.12755, 0.91238, 0.09995, 0.12354, 0.91161
6.98791, 1.33600, -1.61975, 0.09661, 0.12827, 0.91399, 0.10002, 0.12565, 0.91233
6.98798, 1.33463, -1.61865, 0.09703, 0.12906, 0.91451, 0.10039, 0.12743, 0.91251
6.98802, 1.33527, -1.61918, 0.09777, 0.12715, 0.91401, 0.10072, 0.12787, 0.90849
6.98806, 1.33885, -1.62201, 0.09785, 0.12495, 0.91380, 0.10191, 0.12640, 0.89835
6.98806, 1.34304, -1.62530, 0.09747, 0.12329, 0.91457, 0.10332, 0.12379, 0.89132
6.98802, 1.34561, -1.62732, 0.09716, 0.12232, 0.91570, 0.10430, 0.12252, 0.88668
6.98799, 1.34679, -1.62827, 0.09669, 0.12173, 0.91427, 0.10467, 0.12274, 0.88380
6.98805, 1.34631, -1.62789, 0.09649, 0.12196, 0.91194, 0.10453, 0.12391, 0.88579
6.98824, 1.34388, -1.62594, 0.09683, 0.12372, 0.91153, 0.10439, 0.12551, 0.89005
6.98852, 1.33999, -1.62284, 0.09727, 0.12569, 0.91246, 0.10428, 0.12702, 0.89324
6.98884, 1.33521, -1.61902, 0.09753, 0.12751, 0.91407, 0.10421, 0.12846, 0.89669
6.98899, 1.33279, -1.61711, 0.09695, 0.12925, 0.91470, 0.10412, 0.12855, 0.90037
6.98901, 1.33329, -1.61756, 0.09626, 0.13073, 0.91133, 0.10337, 0.12672, 0.90380
6.98888, 1.33631, -1.62000, 0.09527, 0.13196, 0.90738, 0.10010, 0.12540, 0.90671
6.98867, 1.34047, -1.62335, 0.09454, 0.13138, 0.90470, 0.09702, 0.12271, 0.90871
6.98853, 1.34369, -1.62593, 0.09472, 0.13014, 0.90360, 0.09574, 0.12027, 0.90864
6.98846, 1.34670, -1.62832, 0.09510, 0.12962, 0.90293, 0.09457, 0.12015, 0.90488
6.98838, 1.34999, -1.63093, 0.09510, 0.12877, 0.90271, 0.09436, 0.11816, 0.90144
6.98837, 1.35273, -1.63308, 0.09487, 0.12830, 0.90412, 0.09557, 0.11683, 0.89557
6.98851, 1.35591, -1.63558, 0.09500, 0.12806, 0.90626, 0.09716, 0.11775, 0.88402
6.98860, 1.35905, -1.63812, 0.09559, 0.12827, 0.90804, 0.09755, 0.11827, 0.87593
6.98865, 1.36055, -1.63933, 0.09621, 0.12939, 0.90963, 0.09736, 0.11960, 0.87270
6.98875, 1.36029, -1.63912, 0.09691, 0.13077, 0.91153, 0.09778, 0.12086, 0.87294
6.98888, 1.35919, -1.63825, 0.09673, 0.13053, 0.91256, 0.09827, 0.12140, 0.87703
6.98901, 1.35771, -1.63708, 0.09523, 0.12704, 0.91318, 0.09843, 0.12285, 0.87765
6.98926, 1.35476, -1.63472, 0.09373, 0.12408, 0.91369, 0.09904, 0.12332, 0.87766
6.98967, 1.34964, -1.63061, 0.09318, 0.12395, 0.91399, 0.10010, 0.12307, 0.88084
6.99000, 1.34421, -1.62625, 0.09322, 0.12501, 0.91437, 0.10137, 0.12379, 0.88571
6.99021, 1.33937, -1.62236, 0.09348, 0.12629, 0.91527, 0.10266, 0.12538, 0.89066
6.99031, 1.33726, -1.62068, 0.09321, 0.12809, 0.91389, 0.10290, 0.12648, 0.89370
6.99032, 1.33757, -1.62096, 0.09265, 0.12878, 0.91171, 0.10200, 0.12695, 0.89548
6.99031, 1.33808, -1.62139, 0.09256, 0.12878, 0.91092, 0.10172, 0.12660, 0.89660
6.99026, 1.33922, -1.62233, 0.09134, 0.12993, 0.90992, 0.10178, 0.12570, 0.89840
6.99020, 1.34036, -1.62324, 0.09009, 0.13093, 0.90986, 0.10124, 0.12522, 0.90182
6.99000, 1.34304, -1.62540, 0.08760, 0.13024, 0.91165, 0.09855, 0.12543, 0.90529
6.98970, 1.34777, -1.62921, 0.08298, 0.12980, 0.91224, 0.09571, 0.12609, 0.90509
6.98943, 1.35197, -1.63257, 0.08019, 0.12767, 0.91260, 0.09498, 0.12673, 0.90205
6.98930, 1.35410, -1.63428, 0.08055, 0.12410, 0.91344, 0.09556, 0.12682, 0.89993
6.98931, 1.35405, -1.63422, 0.08250, 0.12178, 0.91380, 0.09690, 0.12591, 0.89992
6.98934, 1.35371, -1.63395, 0.08491, 0.11872, 0.91469, 0.09750, 0.12476, 0.90100
6.98935, 1.35447, -1.63455, 0.08580, 0.11785, 0.91241, 0.09707, 0.12488, 0.90012
6.98946, 1.35429, -1.63439, 0.08663, 0.12003, 0.90959, 0.09711, 0.12614, 0.89654
6.98967, 1.35221, -1.63271, 0.08810, 0.12277, 0.90952, 0.09738, 0.12743, 0.89537
6.98995, 1.34888, -1.63003, 0.08921, 0.12512, 0.90990, 0.09797, 0.12820, 0.89399
6.99030, 1.34445, -1.62648, 0.09016, 0.12740, 0.91035, 0.09859, 0.12929, 0.89044
6.99054, 1.34080, -1.62356, 0.09046, 0.13016, 0.91137, 0.09869, 0.13079, 0.88984
6.99068, 1.33814, -1.62145, 0.09091, 0.13233, 0.91192, 0.09920, 0.13207, 0.89146
6.99076, 1.33682, -1.62041, 0.09169, 0.13342, 0.91238, 0.09948, 0.13285, 0.89232
6.99078, 1.33817, -1.62150, 0.09290, 0.13227, 0.90975, 0.09876, 0.13233, 0.89370
6.99075, 1.34128, -1.62398, 0.09249, 0.13123, 0.90558, 0.09811, 0.13097, 0.89709
6.99068, 1.34362, -1.62584, 0.09151, 0.13159, 0.90339, 0.09740, 0.12962, 0.90149
6.99069, 1.34422, -1.62631, 0.09152, 0.13206, 0.90257, 0.09640, 0.12899, 0.90477
6.99075, 1.34354, -1.62576, 0.09149, 0.13162, 0.90314, 0.09587, 0.12888, 0.90512
6.99068, 1.34483, -1.62681, 0.09165, 0.12698, 0.90544, 0.09519, 0.12810, 0.89688
6.99058, 1.34663, -1.62825, 0.09215, 0.12220, 0.90849, 0.09530, 0.12705, 0.88841
6.99049, 1.34770, -1.62911, 0.09277, 0.12118, 0.91057, 0.09662, 0.12342, 0.88689
6.99044, 1.34805, -1.62939, 0.09377, 0.12085, 0.91042, 0.09833, 0.12014, 0.88925
6.99050, 1.34694, -1.62849, 0.09422, 0.12087, 0.91028, 0.09996, 0.11969, 0.89207
6.99062, 1.34523, -1.62712, 0.09415, 0.12223, 0.90895, 0.10126, 0.12100, 0.89271
6.99077, 1.34304, -1.62536, 0.09487, 0.12456, 0.90721, 0.10230, 0.12291, 0.89356
6.99092, 1.34056, -1.62338, 0.09595, 0.12719, 0.90598, 0.10303, 0.12491, 0.89514
6.99104, 1.33875, -1.62194, 0.09680, 0.12887, 0.90626, 0.10389, 0.12627, 0.89485
6.99105, 1.33868, -1.62190, 0.09629, 0.12952, 0.90735, 0.10347, 0.12638, 0.89538
6.99097, 1.33973, -1.62275, 0.09441, 0.13023, 0.90815, 0.10239, 0.12509, 0.89734
6.99086, 1.34117, -1.62392, 0.09311, 0.13124, 0.90889, 0.10200, 0.12204, 0.89935
6.99081, 1.34182, -1.62444, 0.09344, 0.13033, 0.90993, 0.10221, 0.11981, 0.90118
6.99086, 1.34091, -1.62371, 0.09446, 0.12625, 0.91174, 0.10268, 0.12040, 0.90351
6.99096, 1.33916, -1.62229, 0.09550, 0.12372, 0.91363, 0.10307, 0.12224, 0.90500
6.99106, 1.33721, -1.62073, 0.09608, 0.12433, 0.91440, 0.10315, 0.12330, 0.90633
6.99104, 1.33781, -1.62122, 0.09502, 0.12461, 0.91415, 0.10277, 0.12410, 0.90802
6.99094, 1.33972, -1.62276, 0.09360, 0.12437, 0.91379, 0.10065, 0.12566, 0.90960
6.99093, 1.34062, -1.62348, 0.09302, 0.12529, 0.91239, 0.09857, 0.12756, 0.90952
6.99085, 1.34267, -1.62512, 0.09145, 0.12579, 0.91068, 0.09782, 0.12881, 0.90743
6.99068, 1.34571, -1.62757, 0.08997, 0.12375, 0.91060, 0.09751, 0.12858, 0.90480
6.99054, 1.34792, -1.62933, 0.08916, 0.12203, 0.91137, 0.09612, 0.12838, 0.90310
6.99050, 1.34847, -1.62976, 0.08908, 0.12163, 0.91219, 0.09494, 0.12873, 0.90273
6.99057, 1.34723, -1.62875, 0.09008, 0.12224, 0.91273, 0.09521, 0.12841, 0.90321
6.99070, 1.34521, -1.62713, 0.09209, 0.12222, 0.91329, 0.09605, 0.12781, 0.90501
6.99082, 1.34327, -1.62557, 0.09416, 0.12161, 0.91406, 0.09691, 0.12810, 0.90738
6.99093, 1.34161, -1.62425, 0.09535, 0.12226, 0.91383, 0.09775, 0.12788, 0.90982
6.99105, 1.33964, -1.62267, 0.09642, 0.12356, 0.91382, 0.09862, 0.12760, 0.91216
6.99115, 1.33851, -1.62177, 0.09789, 0.12295, 0.91378, 0.09935, 0.12797, 0.91407
6.99121, 1.33803, -1.62139, 0.09905, 0.12188, 0.91378, 0.10022, 0.12824, 0.91505
6.99129, 1.33738, -1.62087, 0.09943, 0.12309, 0.91246, 0.10010, 0.12897, 0.91468
6.99130, 1.33761, -1.62105, 0.09831, 0.12525, 0.91076, 0.09948, 0.12987, 0.91171
6.99126, 1.33906, -1.62222, 0.09661, 0.12654, 0.90873, 0.09941, 0.12936, 0.90623
6.99123, 1.34032, -1.62323, 0.09536, 0.12768, 0.90727, 0.09964, 0.12646, 0.90249
6.99121, 1.34074, -1.62356, 0.09460, 0.12818, 0.90789, 0.10006, 0.12327, 0.90252
6.99120, 1.34049, -1.62335, 0.09415, 0.12868, 0.90914, 0.10056, 0.12193, 0.90376
6.99126, 1.34060, -1.62343, 0.09403, 0.13028, 0.90685, 0.10079, 0.12234, 0.90212
6.99130, 1.34156, -1.62418, 0.09367, 0.13124, 0.90378, 0.10041, 0.12402, 0.89907
6.99132, 1.34261, -1.62502, 0.09377, 0.13120, 0.90048, 0.10029, 0.12539, 0.89685
6.99138, 1.34300, -1.62532, 0.09461, 0.13130, 0.89850, 0.10085, 0.12530, 0.89314
6.99143, 1.34291, -1.62525, 0.09551, 0.13054, 0.89966, 0.10103, 0.12546, 0.89087
6.99137, 1.34388, -1.62603, 0.09378, 0.12686, 0.90270, 0.10062, 0.12665, 0.88896
6.99120, 1.34593, -1.62769, 0.09095, 0.12401, 0.90584, 0.10042, 0.12818, 0.88861
6.99118, 1.34564, -1.62745, 0.09020, 0.12414, 0.90847, 0.10084, 0.12989, 0.89146
6.99126, 1.34385, -1.62600, 0.09095, 0.12521, 0.91095, 0.10130, 0.13141, 0.89590
6.99134, 1.34194, -1.62447, 0.09176, 0.12640, 0.91291, 0.10142, 0.13111, 0.89986
6.99142, 1.34020, -1.62308, 0.09221, 0.12802, 0.91392, 0.10108, 0.13025, 0.90319
6.99149, 1.33891, -1.62207, 0.09248, 0.12936, 0.91419, 0.10093, 0.12915, 0.90447
6.99156, 1.33787, -1.62125, 0.09337, 0.13046, 0.91308, 0.10146, 0.12359, 0.90516
6.99162, 1.33765, -1.62108, 0.09459, 0.13146, 0.91002, 0.10192, 0.11874, 0.90649
6.99183, 1.33848, -1.62168, 0.09563, 0.13228, 0.90808, 0.10253, 0.11883, 0.90126
6.99205, 1.34000, -1.62282, 0.09564, 0.13223, 0.90879, 0.10322, 0.12029, 0.89579
6.99217, 1.34084, -1.62354, 0.09543, 0.13216, 0.90941, 0.10397, 0.12063, 0.89478
6.99207, 1.34361, -1.62581, 0.09423, 0.13209, 0.91021, 0.10407, 0.11658, 0.89614
6.99183, 1.34809, -1.62943, 0.09266, 0.12852, 0.91159, 0.10354, 0.11142, 0.89643
6.99162, 1.35154, -1.63220, 0.09146, 0.12355, 0.91294, 0.10192, 0.11059, 0.89459
6.99154, 1.35298, -1.63336, 0.08994, 0.12166, 0.91392, 0.10041, 0.11224, 0.89254
6.99161, 1.35223, -1.63274, 0.08872, 0.12228, 0.91420, 0.10018, 0.11452, 0.89222
6.99180, 1.34977, -1.63077, 0.08842, 0.12364, 0.91386, 0.10084, 0.11558, 0.89343
6.99200, 1.34701, -1.62855, 0.08848, 0.12446, 0.91353, 0.10179, 0.11687, 0.89406
6.99216, 1.34478, -1.62677, 0.08946, 0.12414, 0.91409, 0.10221, 0.11921, 0.89372
6.99222, 1.34319, -1.62551, 0.09082, 0.12388, 0.91488, 0.10246, 0.12008, 0.89526
6.99220, 1.34233, -1.62482, 0.09092, 0.12507, 0.91544, 0.10215, 0.12029, 0.89869
6.99226, 1.34231, -1.62479, 0.09045, 0.12707, 0.91516, 0.10187, 0.12250, 0.89659
6.99240, 1.34238, -1.62482, 0.09076, 0.12884, 0.91339, 0.10200, 0.12549, 0.89332
6.99245, 1.34280, -1.62515, 0.09189, 0.12736, 0.91252, 0.10136, 0.12804, 0.89363
6.99250, 1.34274, -1.62511, 0.09301, 0.12566, 0.91313, 0.10075, 0.12962, 0.89583
6.99252, 1.34249, -1.62492, 0.09221, 0.12642, 0.91425, 0.09982, 0.13030, 0.89938
6.99249, 1.34300, -1.62534, 0.09080, 0.12677, 0.91484, 0.09894, 0.12782, 0.90352
6.99247, 1.34315, -1.62546, 0.08969, 0.12725, 0.91544, 0.09854, 0.12544, 0.90592
6.99256, 1.34173, -1.62433, 0.08984, 0.12898, 0.91512, 0.09880, 0.12547, 0.90622
6.99264, 1.34094, -1.62371, 0.08963, 0.13109, 0.91341, 0.09919, 0.12293, 0.90714
6.99267, 1.34090, -1.62369, 0.08913, 0.13222, 0.91230, 0.09924, 0.12075, 0.90819
6.99270, 1.34074, -1.62356, 0.08956, 0.13266, 0.91260, 0.09872, 0.12147, 0.90787
6.99265, 1.34178, -1.62441, 0.08884, 0.13272, 0.91315, 0.09781, 0.12321, 0.90805
6.99252, 1.34406, -1.62625, 0.08816, 0.12957, 0.91385, 0.09711, 0.12479, 0.90823
6.99245, 1.34530, -1.62724, 0.08930, 0.12628, 0.91401, 0.09726, 0.12492, 0.90742
6.99249, 1.34486, -1.62688, 0.09064, 0.12549, 0.91432, 0.09738, 0.12445, 0.90558
6.99263, 1.34289, -1.62529, 0.09209, 0.12631, 0.91352, 0.09774, 0.12371, 0.90457
6.99281, 1.34140, -1.62408, 0.09383, 0.12737, 0.90946, 0.09850, 0.12271, 0.90531
6.99290, 1.34121, -1.62393, 0.09501, 0.12712, 0.90637, 0.09922, 0.12141, 0.90690
6.99286, 1.34227, -1.62479, 0.09437, 0.12653, 0.90566, 0.09952, 0.11945, 0.90922
6.99278, 1.34351, -1.62578, 0.09296, 0.12658, 0.90636, 0.09842, 0.11917, 0.91174
6.99277, 1.34324, -1.62555, 0.09248, 0.12714, 0.90809, 0.09757, 0.12086, 0.91261
6.99285, 1.34166, -1.62428, 0.09308, 0.12835, 0.90996, 0.09819, 0.11965, 0.91205
6.99295, 1.34050, -1.62336, 0.09434, 0.12857, 0.91036, 0.09924, 0.11804, 0.91037
6.99302, 1.34009, -1.62303, 0.09550, 0.12681, 0.91043, 0.09980, 0.11914, 0.90895
6.99309, 1.33922, -1.62234, 0.09665, 0.12584, 0.91157, 0.10060, 0.12110, 0.90830
6.99317, 1.33811, -1.62145, 0.09675, 0.12680, 0.91298, 0.10171, 0.12283, 0.90684
6.99323, 1.33710, -1.62065, 0.09629, 0.12803, 0.91417, 0.10247, 0.12465, 0.90550
6.99329, 1.33751, -1.62097, 0.09614, 0.12916, 0.91052, 0.10254, 0.12669, 0.90480
6.99329, 1.33972, -1.62273, 0.09610, 0.12833, 0.90588, 0.10243, 0.12617, 0.90442
6.99324, 1.34146, -1.62412, 0.09629, 0.12619, 0.90504, 0.10253, 0.12345, 0.90549
6.99320, 1.34258, -1.62501, 0.09681, 0.12387, 0.90536, 0.10257, 0.12160, 0.90615
6.99316, 1.34347, -1.62573, 0.09669, 0.12239, 0.90624, 0.10208, 0.12124, 0.90564
6.99312, 1.34359, -1.62582, 0.09558, 0.12291, 0.90822, 0.10162, 0.12131, 0.90614
6.99312, 1.34312, -1.62544, 0.09538, 0.12297, 0.90993, 0.10122, 0.12149, 0.90282
6.99314, 1.34232, -1.62480, 0.09563, 0.12275, 0.91130, 0.10113, 0.12201, 0.89885
6.99312, 1.34222, -1.62473, 0.09560, 0.12370, 0.91317, 0.10151, 0.12068, 0.89875
6.99305, 1.34278, -1.62519, 0.09391, 0.12463, 0.91336, 0.10190, 0.11840, 0.90020
6.99305, 1.34297, -1.62534, 0.09186, 0.12504, 0.91268, 0.10256, 0.11774, 0.89977
6.99306, 1.34284, -1.62524, 0.09070, 0.12611, 0.91271, 0.10265, 0.11843, 0.89905
6.99307, 1.34417, -1.62630, 0.08993, 0.12766, 0.91258, 0.10219, 0.11895, 0.89600
6.99307, 1.34614, -1.62786, 0.08916, 0.12939, 0.91116, 0.10164, 0.12002, 0.89158
6.99309, 1.34674, -1.62832, 0.08751, 0.13119, 0.91065, 0.10138, 0.12171, 0.89027
6.99315, 1.34635, -1.62801, 0.08679, 0.13258, 0.91010, 0.10178, 0.12016, 0.89067
6.99322, 1.34547, -1.62730, 0.08796, 0.13360, 0.90964, 0.10274, 0.11816, 0.89210
6.99332, 1.34358, -1.62578, 0.08936, 0.13394, 0.90919, 0.10336, 0.11894, 0.89491
6.99339, 1.34258, -1.62499, 0.08975, 0.13273, 0.90850, 0.10367, 0.11973, 0.89637
6.99340, 1.34256, -1.62499, 0.08976, 0.13118, 0.90866, 0.10344, 0.11976, 0.89723
6.99333, 1.34309, -1.62542, 0.08927, 0.12961, 0.91010, 0.10295, 0.12081, 0.89788
6.99325, 1.34393, -1.62611, 0.08927, 0.12874, 0.90974, 0.10303, 0.11777, 0.89877
6.99321, 1.34435, -1.62645, 0.09011, 0.12824, 0.90870, 0.10343, 0.11444, 0.89951
6.99321, 1.34370, -1.62592, 0.09089, 0.12837, 0.90915, 0.10381, 0.11435, 0.90056
6.99321, 1.34344, -1.62571, 0.09219, 0.12978, 0.90560, 0.10291, 0.11542, 0.90287
6.99322, 1.34320, -1.62552, 0.09366, 0.13101, 0.90204, 0.10151, 0.11731, 0.90529
6.99329, 1.34205, -1.62460, 0.09356, 0.13198, 0.90277, 0.10071, 0.11979, 0.90683
6.99336, 1.34063, -1.62346, 0.09287, 0.13233, 0.90544, 0.10023, 0.12089, 0.90858
6.99344, 1.33890, -1.62207, 0.09312, 0.13255, 0.90841, 0.10045, 0.12191, 0.90957
6.99359, 1.33712, -1.62065, 0.09406, 0.13321, 0.91068, 0.10131, 0.12405, 0.90734
6.99373, 1.33598, -1.61974, 0.09507, 0.13369, 0.91244, 0.10183, 0.12654, 0.90396
6.99380, 1.33564, -1.61948, 0.09612, 0.13364, 0.91303, 0.10200, 0.12768, 0.90186
6.99384, 1.33544, -1.61932, 0.09701, 0.13334, 0.91341, 0.10246, 0.12737, 0.90167
6.99395, 1.33782, -1.62116, 0.09697, 0.13116, 0.91330, 0.10387, 0.12596, 0.89510
6.99413, 1.34172, -1.62416, 0.09626, 0.12903, 0.91285, 0.10510, 0.12521, 0.88723
6.99429, 1.34459, -1.62658, 0.09472, 0.12865, 0.91318, 0.10522, 0.12630, 0.88573
6.99438, 1.34592, -1.62774, 0.09337, 0.12929, 0.91299, 0.10524, 0.12585, 0.88825
6.99452, 1.34529, -1.62726, 0.09337, 0.13018, 0.91150, 0.10550, 0.12466, 0.88959
6.99472, 1.34311, -1.62552, 0.09335, 0.13093, 0.91068, 0.10553, 0.12477, 0.89006
6.99498, 1.33983, -1.62288, 0.09365, 0.12891, 0.91058, 0.10532, 0.12571, 0.89143
6.99521, 1.33665, -1.62032, 0.09506, 0.12663, 0.91115, 0.10535, 0.12730, 0.89152
6.99531, 1.33499, -1.61900, 0.09648, 0.12458, 0.91277, 0.10503, 0.12874, 0.89253
6.99519, 1.33712, -1.62073, 0.09628, 0.12222, 0.91334, 0.10531, 0.12324, 0.89600
6.99496, 1.34100, -1.62384, 0.09513, 0.12185, 0.91285, 0.10601, 0.11449, 0.89977
6.99482, 1.34302, -1.62545, 0.09479, 0.12360, 0.91164, 0.10637, 0.11007, 0.90218
6.99483, 1.34281, -1.62526, 0.09512, 0.12576, 0.91138, 0.10670, 0.11005, 0.90394
6.99490, 1.34164, -1.62430, 0.09426, 0.12794, 0.90974, 0.10640, 0.11276, 0.90485
6.99497, 1.34023, -1.62316, 0.09300, 0.12947, 0.90814, 0.10591, 0.11658, 0.90497
6.99500, 1.33936, -1.62246, 0.09193, 0.13082, 0.90803, 0.10545, 0.12054, 0.90511
6.99503, 1.33854, -1.62180, 0.09150, 0.13196, 0.90841, 0.10516, 0.12351, 0.90646
6.99504, 1.33766, -1.62109, 0.09180, 0.13229, 0.90986, 0.10377, 0.12577, 0.90215
6.99502, 1.33720, -1.62073, 0.09249, 0.13138, 0.91183, 0.10215, 0.12599, 0.89713
6.99497, 1.33698, -1.62056, 0.09325, 0.13062, 0.91353, 0.10186, 0.12456, 0.89698
6.99492, 1.33711, -1.62066, 0.09304, 0.13107, 0.91429, 0.10193, 0.12434, 0.89864
6.99493, 1.33709, -1.62064, 0.09331, 0.13239, 0.91217, 0.10206, 0.12556, 0.90130
6.99490, 1.33800, -1.62137, 0.09263, 0.13341, 0.91008, 0.10192, 0.12668, 0.90423
6.99482, 1.33948, -1.62256, 0.09159, 0.13337, 0.90894, 0.10178, 0.12747, 0.90696
6.99477, 1.34051, -1.62339, 0.09088, 0.13331, 0.90814, 0.10148, 0.12836, 0.90901
6.99462, 1.34261, -1.62508, 0.08933, 0.13170, 0.90909, 0.10116, 0.12915, 0.90973
6.99439, 1.34595, -1.62776, 0.08709, 0.12971, 0.90952, 0.10083, 0.12645, 0.90936
6.99427, 1.34785, -1.62928, 0.08616, 0.12949, 0.90956, 0.10026, 0.12262, 0.90913
6.99427, 1.34777, -1.62920, 0.08684, 0.12879, 0.91058, 0.09920, 0.12139, 0.90931
6.99386, 1.35421, -1.63437, 0.08711, 0.12731, 0.91026, 0.10042, 0.08185, 0.91130
6.99337, 1.36376, -1.64149, 0.08782, 0.12727, 0.90878, 0.10251, 0.04805, 0.91404
6.99316, 1.36787, -1.64379, 0.08938, 0.12793, 0.90709, 0.10182, 0.04092, 0.91518
6.99311, 1.36906, -1.64384, 0.09131, 0.12814, 0.90142, 0.10019, 0.04740, 0.91547
6.99313, 1.36854, -1.64284, 0.09311, 0.12832, 0.89587, 0.09963, 0.05713, 0.91537
6.99313, 1.36762, -1.64203, 0.09367, 0.12777, 0.89570, 0.09978, 0.06685, 0.91362
6.99304, 1.36729, -1.64239, 0.09217, 0.12627, 0.89608, 0.10032, 0.07539, 0.91023
6.99292, 1.36672, -1.64314, 0.09076, 0.12519, 0.89639, 0.10118, 0.08140, 0.90725
6.99281, 1.36540, -1.64373, 0.09043, 0.12382, 0.89644, 0.10175, 0.08654, 0.90656
6.99306, 1.36113, -1.64123, 0.09093, 0.12344, 0.89702, 0.10235, 0.09147, 0.90804
6.99363, 1.35418, -1.63589, 0.09226, 0.12422, 0.89595, 0.10303, 0.09713, 0.90856
6.99403, 1.34962, -1.63217, 0.09110, 0.12343, 0.89519, 0.10352, 0.10390, 0.90452
6.99418, 1.34786, -1.63056, 0.08988, 0.12185, 0.89786, 0.10372, 0.10979, 0.89982
6.99424, 1.34697, -1.62960, 0.08900, 0.12142, 0.90103, 0.10374, 0.11462, 0.89897
6.99423, 1.34665, -1.62911, 0.08744, 0.12296, 0.90427, 0.10362, 0.11888, 0.90009
6.99419, 1.34677, -1.62900, 0.08563, 0.12482, 0.90785, 0.10365, 0.12012, 0.90164
6.99419, 1.34659, -1.62869, 0.08569, 0.12554, 0.90944, 0.10383, 0.12047, 0.90369
6.99421, 1.34646, -1.62846, 0.08706, 0.12567, 0.90844, 0.10424, 0.11727, 0.90606
6.99422, 1.34652, -1.62841, 0.08830, 0.12519, 0.90801, 0.10433, 0.11379, 0.90658
6.99423, 1.34615, -1.62804, 0.08984, 0.12366, 0.90932, 0.10404, 0.11378, 0.90426
6.99423, 1.34565, -1.62759, 0.09086, 0.12262, 0.91110, 0.10281, 0.11500, 0.90168
6.99424, 1.34513, -1.62714, 0.09100, 0.12300, 0.91309, 0.10099, 0.11706, 0.89980
6.99428, 1.34398, -1.62618, 0.09109, 0.12449, 0.91534, 0.09986, 0.11985, 0.89928
6.99434, 1.34268, -1.62513, 0.09087, 0.12665, 0.91630, 0.09973, 0.12215, 0.89895
6.99440, 1.34262, -1.62507, 0.09088, 0.12837, 0.91477, 0.09965, 0.12369, 0.89668
6.99431, 1.34522, -1.62716, 0.09068, 0.12948, 0.91310, 0.09965, 0.12043, 0.89552
6.99418, 1.34807, -1.62945, 0.09001, 0.13012, 0.91270, 0.10014, 0.11684, 0.89636
6.99412, 1.34921, -1.63035, 0.08888, 0.12983, 0.91075, 0.10087, 0.11699, 0.89666
6.99411, 1.34946, -1.63054, 0.08681, 0.12917, 0.90849, 0.10069, 0.11845, 0.89656
6.99410, 1.34964, -1.63068, 0.08405, 0.12784, 0.90835, 0.10036, 0.11851, 0.89727
6.99410, 1.34946, -1.63054, 0.08347, 0.12635, 0.90968, 0.10072, 0.11431, 0.89931
6.99420, 1.34804, -1.62940, 0.08426, 0.12667, 0.91043, 0.10116, 0.11126, 0.90087
6.99430, 1.34624, -1.62795, 0.08469, 0.12850, 0.91109, 0.10154, 0.11254, 0.90116
6.99443, 1.34481, -1.62680, 0.08597, 0.13060, 0.90874, 0.10182, 0.11474, 0.90169
6.99455, 1.34484, -1.62682, 0.08712, 0.13265, 0.90354, 0.10142, 0.11602, 0.90196
6.99457, 1.34645, -1.62811, 0.08795, 0.13199, 0.89968, 0.10012, 0.11698, 0.90241
6.99453, 1.34798, -1.62933, 0.08814, 0.13074, 0.89882, 0.09925, 0.11873, 0.90294
6.99455, 1.34799, -1.62934, 0.08805, 0.13111, 0.90044, 0.09917, 0.12133, 0.90417
6.99460, 1.34702, -1.62856, 0.08910, 0.13047, 0.90305, 0.09931, 0.12266, 0.90602
6.99472, 1.34515, -1.62705, 0.09095, 0.12949, 0.90541, 0.09958, 0.12378, 0.90652
6.99488, 1.34241, -1.62485, 0.09294, 0.12912, 0.90774, 0.10013, 0.12577, 0.90719
6.99506, 1.33941, -1.62246, 0.09452, 0.12955, 0.90979, 0.10071, 0.12793, 0.90934
6.99513, 1.33780, -1.62118, 0.09447, 0.13006, 0.91190, 0.10055, 0.12952, 0.90831
6.99513, 1.33778, -1.62118, 0.09370, 0.12998, 0.91291, 0.09986, 0.13063, 0.90609
6.99515, 1.33766, -1.62110, 0.09367, 0.13001, 0.91282, 0.09882, 0.13010, 0.90660
6.99517, 1.33717, -1.62071, 0.09353, 0.13058, 0.91318, 0.09826, 0.12858, 0.90781
6.99520, 1.33718, -1.62072, 0.09336, 0.13081, 0.91390, 0.09845, 0.12822, 0.90619
6.99518, 1.34132, -1.62402, 0.09319, 0.12856, 0.91351, 0.10019, 0.12212, 0.90115
6.99512, 1.34714, -1.62860, 0.09268, 0.12670, 0.91325, 0.10203, 0.11541, 0.89793
6.99502, 1.35122, -1.63181, 0.09159, 0.12530, 0.91225, 0.10263, 0.11422, 0.89893
6.99491, 1.35411, -1.63416, 0.09089, 0.12266, 0.90885, 0.10244, 0.11447, 0.90172
6.99489, 1.35490, -1.63480, 0.09163, 0.12095, 0.90551, 0.10177, 0.11618, 0.90345
6.99495, 1.35441, -1.63442, 0.09099, 0.12170, 0.90406, 0.10107, 0.11761, 0.90505
6.99510, 1.35250, -1.63289, 0.08969, 0.12355, 0.90469, 0.10060, 0.11864, 0.90741
6.99542, 1.34853, -1.62972, 0.08984, 0.12557, 0.90647, 0.09997, 0.12076, 0.90951
6.99569, 1.34506, -1.62695, 0.09121, 0.12535, 0.90845, 0.09870, 0.12263, 0.91109
6.99586, 1.34236, -1.62481, 0.09308, 0.12429, 0.91077, 0.09760, 0.12452, 0.91092
6.99592, 1.34109, -1.62381, 0.09369, 0.12351, 0.91303, 0.09731, 0.12439, 0.91059
6.99592, 1.34057, -1.62341, 0.09348, 0.12344, 0.91489, 0.09776, 0.12288, 0.91138
6.99592, 1.34005, -1.62300, 0.09319, 0.12412, 0.91588, 0.09849, 0.12297, 0.91193
6.99594, 1.33952, -1.62258, 0.09333, 0.12473, 0.91620, 0.09921, 0.12242, 0.91255
6.99603, 1.33799, -1.62136, 0.09419, 0.12615, 0.91661, 0.09979, 0.12195, 0.91306
6.99613, 1.33807, -1.62142, 0.09496, 0.12586, 0.91618, 0.10045, 0.12308, 0.90871
6.99617, 1.33991, -1.62287, 0.09499, 0.12417, 0.91501, 0.10070, 0.12483, 0.90381
6.99618, 1.34121, -1.62391, 0.09530, 0.12303, 0.91360, 0.10113, 0.12404, 0.90226
6.99622, 1.34193, -1.62448, 0.09553, 0.12359, 0.91086, 0.10138, 0.12213, 0.90013
6.99621, 1.34288, -1.62524, 0.09578, 0.12428, 0.90928, 0.10191, 0.11899, 0.89959
6.99620, 1.34315, -1.62546, 0.09616, 0.12457, 0.91013, 0.10267, 0.11650, 0.90104
6.99621, 1.34265, -1.62506, 0.09568, 0.12428, 0.91174, 0.10299, 0.11615, 0.90307
6.99627, 1.34120, -1.62389, 0.09502, 0.12449, 0.91324, 0.10314, 0.11740, 0.90560
6.99635, 1.33909, -1.62219, 0.09508, 0.12571, 0.91445, 0.10340, 0.11918, 0.90800
6.99640, 1.33780, -1.62117, 0.09514, 0.12686, 0.91465, 0.10279, 0.12100, 0.90961
6.99641, 1.33795, -1.62131, 0.09467, 0.12748, 0.91363, 0.10188, 0.12234, 0.91040
6.99645, 1.33768, -1.62109, 0.09476, 0.12811, 0.91306, 0.10154, 0.12373, 0.91070
6.99649, 1.33703, -1.62058, 0.09514, 0.12913, 0.91346, 0.09950, 0.12466, 0.91141
6.99648, 1.33701, -1.62057, 0.09565, 0.12913, 0.91450, 0.09779, 0.12460, 0.91240
6.99649, 1.33773, -1.62115, 0.09649, 0.12901, 0.91428, 0.09701, 0.12474, 0.91086
6.99646, 1.33942, -1.62250, 0.09691, 0.12764, 0.91157, 0.09565, 0.12572, 0.90801
6.99644, 1.34103, -1.62378, 0.09687, 0.12639, 0.90875, 0.09469, 0.12669, 0.90502
6.99644, 1.34202, -1.62457, 0.09601, 0.12637, 0.90832, 0.09429, 0.12748, 0.90379
6.99655, 1.34338, -1.62561, 0.09385, 0.12692, 0.90772, 0.09513, 0.12906, 0.89805
6.99669, 1.34470, -1.62660, 0.09254, 0.12674, 0.90691, 0.09683, 0.12999, 0.89238
6.99676, 1.34515, -1.62698, 0.09167, 0.12650, 0.90777, 0.09836, 0.12990, 0.89279
6.99680, 1.34512, -1.62700, 0.09120, 0.12716, 0.90767, 0.09958, 0.12762, 0.89185
6.99690, 1.34433, -1.62639, 0.09181, 0.12820, 0.90608, 0.10062, 0.12560, 0.88795
6.99699, 1.34325, -1.62555, 0.09217, 0.12947, 0.90545, 0.10169, 0.12512, 0.88636
6.99705, 1.34171, -1.62431, 0.09248, 0.13088, 0.90668, 0.10249, 0.12552, 0.88870
6.99703, 1.34128, -1.62397, 0.09127, 0.13205, 0.90871, 0.10261, 0.12704, 0.88947
6.99700, 1.34159, -1.62423, 0.09019, 0.13249, 0.90939, 0.10231, 0.12919, 0.88728
6.99692, 1.34368, -1.62592, 0.09071, 0.12810, 0.90955, 0.10185, 0.13072, 0.88697
6.99678, 1.34672, -1.62836, 0.09065, 0.12329, 0.91019, 0.10178, 0.13098, 0.88960
6.99671, 1.34800, -1.62937, 0.09080, 0.12236, 0.91066, 0.10154, 0.13030, 0.88854
6.99672, 1.34801, -1.62938, 0.09086, 0.12265, 0.91151, 0.10113, 0.12882, 0.88669
6.99681, 1.34678, -1.62838, 0.09031, 0.12304, 0.91318, 0.10114, 0.12747, 0.88848
6.99693, 1.34477, -1.62676, 0.09011, 0.12440, 0.91494, 0.10066, 0.12738, 0.89263
6.99705, 1.34254, -1.62497, 0.09107, 0.12515, 0.91637, 0.09952, 0.12549, 0.89699
6.99712, 1.34069, -1.62349, 0.09278, 0.12469, 0.91772, 0.09890, 0.12307, 0.90061
6.99717, 1.33912, -1.62224, 0.09424, 0.12450, 0.91851, 0.09897, 0.12223, 0.90361
6.99724, 1.33770, -1.62112, 0.09567, 0.12503, 0.91767, 0.09932, 0.12288, 0.90536
6.99729, 1.33679, -1.62040, 0.09649, 0.12619, 0.91612, 0.09998, 0.12304, 0.90671
6.99729, 1.33651, -1.62018, 0.09650, 0.12781, 0.91532, 0.10025, 0.12299, 0.90775
6.99725, 1.33701, -1.62059, 0.09695, 0.12673, 0.91557, 0.09999, 0.12331, 0.90860
6.99718, 1.33921, -1.62236, 0.09659, 0.12466, 0.91661, 0.10023, 0.12169, 0.90756
6.99716, 1.34098, -1.62376, 0.09594, 0.12476, 0.91677, 0.10090, 0.12020, 0.90690
6.99723, 1.34056, -1.62341, 0.09597, 0.12634, 0.91682, 0.10134, 0.12110, 0.90858
6.99737, 1.33884, -1.62202, 0.09645, 0.12603, 0.91678, 0.10163, 0.12302, 0.90758
6.99754, 1.33641, -1.62007, 0.09679, 0.12565, 0.91537, 0.10212, 0.12467, 0.90632
6.99765, 1.33501, -1.61895, 0.09686, 0.12625, 0.91437, 0.10198, 0.12640, 0.90609
6.99769, 1.33512, -1.61905, 0.09651, 0.12669, 0.91313, 0.10079, 0.12813, 0.90622
6.99764, 1.33673, -1.62036, 0.09447, 0.12806, 0.91149, 0.09980, 0.12868, 0.90580
6.99744, 1.34020, -1.62315, 0.09135, 0.12744, 0.91162, 0.09918, 0.12835, 0.90453
6.99722, 1.34372, -1.62598, 0.08943, 0.12628, 0.91081, 0.09916, 0.12538, 0.90462
6.99710, 1.34579, -1.62764, 0.08839, 0.12692, 0.90871, 0.09968, 0.12190, 0.90638
6.99704, 1.34678, -1.62842, 0.08790, 0.12717, 0.90827, 0.10012, 0.12112, 0.90280
6.99706, 1.34618, -1.62793, 0.08894, 0.12692, 0.90865, 0.10047, 0.12236, 0.89835
6.99715, 1.34484, -1.62684, 0.09116, 0.12590, 0.90907, 0.10110, 0.12215, 0.89215
6.99722, 1.34387, -1.62605, 0.09278, 0.12515, 0.90999, 0.10179, 0.12179, 0.88777
6.99726, 1.34329, -1.62558, 0.09369, 0.12511, 0.90974, 0.10247, 0.12160, 0.88722
6.99724, 1.34374, -1.62595, 0.09355, 0.12492, 0.90932, 0.10204, 0.12163, 0.88827
6.99716, 1.34462, -1.62666, 0.09317, 0.12397, 0.90957, 0.10035, 0.12234, 0.89200
6.99709, 1.34559, -1.62744, 0.09319, 0.12242, 0.91021, 0.09955, 0.12150, 0.89543
6.99702, 1.34699, -1.62857, 0.09412, 0.11863, 0.91104, 0.09973, 0.12065, 0.89880
6.99699, 1.34769, -1.62914, 0.09568, 0.11524, 0.91206, 0.10011, 0.12087, 0.90109
6.99708, 1.34666, -1.62831, 0.09695, 0.11529, 0.91254, 0.10004, 0.12175, 0.90247
6.99728, 1.34400, -1.62616, 0.09804, 0.11701, 0.91289, 0.10003, 0.12319, 0.90389
6.99741, 1.34233, -1.62482, 0.09674, 0.12010, 0.91304, 0.09979, 0.12477, 0.90356
6.99740, 1.34254, -1.62501, 0.09521, 0.12082, 0.91342, 0.09962, 0.12500, 0.90305
6.99743, 1.34215, -1.62470, 0.09530, 0.12063, 0.91406, 0.09988, 0.12476, 0.90329
6.99753, 1.34035, -1.62325, 0.09577, 0.12245, 0.91440, 0.10030, 0.12522, 0.90307
6.99764, 1.33815, -1.62148, 0.09646, 0.12444, 0.91515, 0.10078, 0.12575, 0.90305
6.99771, 1.33614, -1.61986, 0.09713, 0.12639, 0.91583, 0.10098, 0.12677, 0.90423
6.99779, 1.33444, -1.61850, 0.09761, 0.12869, 0.91525, 0.10132, 0.12859, 0.90400
6.99777, 1.33479, -1.61879, 0.09734, 0.12986, 0.91514, 0.09959, 0.13074, 0.90329
6.99770, 1.33593, -1.61971, 0.09644, 0.12990, 0.91616, 0.09729, 0.13249, 0.90294
6.99766, 1.33651, -1.62018, 0.09461, 0.12944, 0.91766, 0.09639, 0.13317, 0.90273
6.99766, 1.33638, -1.62007, 0.09350, 0.12941, 0.91935, 0.09648, 0.13334, 0.90283
6.99776, 1.33573, -1.61955, 0.09404, 0.13000, 0.92020, 0.09793, 0.13357, 0.90065
6.99780, 1.33589, -1.61967, 0.09483, 0.12985, 0.92043, 0.09818, 0.13388, 0.89952
6.99777, 1.33651, -1.62017, 0.09539, 0.12914, 0.91969, 0.09781, 0.13337, 0.90008
6.99778, 1.33668, -1.62031, 0.09571, 0.12798, 0.91766, 0.09806, 0.13307, 0.89977
6.99776, 1.33741, -1.62089, 0.09512, 0.12724, 0.91628, 0.09804, 0.13237, 0.89918
6.99773, 1.33801, -1.62137, 0.09479, 0.12743, 0.91567, 0.09849, 0.13038, 0.90024
6.99775, 1.33762, -1.62106, 0.09560, 0.12749, 0.91481, 0.09930, 0.12912, 0.90288
6.99781, 1.33686, -1.62044, 0.09677, 0.12790, 0.91302, 0.09983, 0.12921, 0.90533
6.99785, 1.33741, -1.62089, 0.09755, 0.12702, 0.91057, 0.10021, 0.13011, 0.90745
6.99785, 1.33861, -1.62185, 0.09742, 0.12609, 0.90951, 0.10084, 0.13049, 0.90936
6.99787, 1.33881, -1.62201, 0.09691, 0.12713, 0.90878, 0.10174, 0.13037, 0.91103
6.99793, 1.33842, -1.62169, 0.09714, 0.12841, 0.90710, 0.10196, 0.13084, 0.91181
6.99794, 1.33853, -1.62179, 0.09674, 0.12929, 0.90608, 0.10150, 0.13129, 0.91084
6.99791, 1.33959, -1.62264, 0.09581, 0.12966, 0.90468, 0.10062, 0.13137, 0.91053
6.99785, 1.34119, -1.62392, 0.09433, 0.13009, 0.90326, 0.09937, 0.13154, 0.90768
6.99778, 1.34238, -1.62488, 0.09310, 0.13027, 0.90293, 0.09911, 0.12778, 0.90277
6.99776, 1.34242, -1.62490, 0.09352, 0.12927, 0.90361, 0.09938, 0.12330, 0.90072
6.99773, 1.34212, -1.62466, 0.09395, 0.12826, 0.90513, 0.09905, 0.12185, 0.90135
6.99765, 1.34289, -1.62527, 0.09303, 0.12769, 0.90614, 0.09883, 0.12188, 0.90240
6.99755, 1.34415, -1.62629, 0.09135, 0.12783, 0.90747, 0.09955, 0.12086, 0.90308
6.99751, 1.34461, -1.62666, 0.09009, 0.12850, 0.90908, 0.10008, 0.12042, 0.90101
6.99754, 1.34376, -1.62598, 0.09022, 0.12914, 0.91008, 0.10036, 0.12179, 0.89975
6.99761, 1.34239, -1.62487, 0.09085, 0.12986, 0.91151, 0.09972, 0.12405, 0.89967
6.99764, 1.34196, -1.62453, 0.09128, 0.12957, 0.91240, 0.09875, 0.12529, 0.90042
6.99769, 1.34098, -1.62375, 0.09244, 0.12951, 0.91236, 0.09892, 0.12537, 0.90258
6.99774, 1.33976, -1.62277, 0.09325, 0.12968, 0.91295, 0.09904, 0.12541, 0.90506
6.99772, 1.33963, -1.62267, 0.09337, 0.12818, 0.91445, 0.09861, 0.12486, 0.90777
6.99770, 1.34028, -1.62320, 0.09430, 0.12467, 0.91529, 0.09867, 0.12481, 0.90772
6.99769, 1.34104, -1.62382, 0.09514, 0.12263, 0.91594, 0.09853, 0.12440, 0.90494
6.99765, 1.34332, -1.62564, 0.09418, 0.12179, 0.91601, 0.09836, 0.12483, 0.89812
6.99766, 1.34607, -1.62780, 0.09332, 0.12059, 0.91496, 0.09908, 0.12576, 0.88884
6.99769, 1.34766, -1.62904, 0.09369, 0.12094, 0.91459, 0.09982, 0.12580, 0.88386
6.99769, 1.34851, -1.62971, 0.09455, 0.12045, 0.91415, 0.10029, 0.12477, 0.88234
6.99772, 1.34870, -1.62986, 0.09557, 0.11957, 0.91373, 0.10086, 0.12394, 0.88117
6.99779, 1.34787, -1.62920, 0.09658, 0.12018, 0.91175, 0.10105, 0.12451, 0.88248
6.99785, 1.34706, -1.62856, 0.09710, 0.12093, 0.90924, 0.10109, 0.12445, 0.88410
6.99791, 1.34714, -1.62864, 0.09606, 0.12230, 0.90873, 0.10172, 0.12418, 0.88159
6.99801, 1.34673, -1.62831, 0.09499, 0.12393, 0.90933, 0.10234, 0.12539, 0.87932
6.99813, 1.34530, -1.62717, 0.09475, 0.12433, 0.90460, 0.10276, 0.12712, 0.88023
6.99828, 1.34325, -1.62553, 0.09514, 0.12511, 0.89833, 0.10331, 0.12872, 0.88254
6.99841, 1.34092, -1.62366, 0.09599, 0.12654, 0.89700, 0.10359, 0.12886, 0.88631
6.99851, 1.33986, -1.62281, 0.09606, 0.12874, 0.89561, 0.10328, 0.12868, 0.89105
6.99851, 1.34037, -1.62323, 0.09511, 0.13052, 0.89456, 0.10095, 0.12934, 0.89556
6.99849, 1.34138, -1.62405, 0.09430, 0.13156, 0.89694, 0.09711, 0.12979, 0.89388
6.99834, 1.34509, -1.62702, 0.09448, 0.12692, 0.90152, 0.09395, 0.12921, 0.89094
6.99814, 1.34883, -1.63003, 0.09474, 0.12136, 0.90540, 0.09303, 0.12596, 0.89108
6.99807, 1.35023, -1.63115, 0.09468, 0.12061, 0.90605, 0.09403, 0.12329, 0.89225
6.99814, 1.34955, -1.63059, 0.09487, 0.12020, 0.90586, 0.09538, 0.12335, 0.89450
6.99830, 1.34749, -1.62894, 0.09539, 0.11821, 0.90725, 0.09662, 0.12454, 0.89708
6.99849, 1.34455, -1.62658, 0.09638, 0.11773, 0.90958, 0.09784, 0.12447, 0.89960
6.99866, 1.34161, -1.62422, 0.09786, 0.11798, 0.91184, 0.09893, 0.12452, 0.90218
6.99874, 1.34010, -1.62303, 0.09790, 0.11914, 0.91308, 0.09996, 0.12406, 0.90419
6.99880, 1.33895, -1.62212, 0.09741, 0.12142, 0.91353, 0.10125, 0.12326, 0.90507
6.99878, 1.33874, -1.62196, 0.09545, 0.12406, 0.91467, 0.10214, 0.12243, 0.90533
6.99874, 1.33879, -1.62201, 0.09344, 0.12650, 0.91554, 0.10242, 0.12251, 0.90628
6.99866, 1.34007, -1.62305, 0.09196, 0.12653, 0.91577, 0.10241, 0.12362, 0.90734
6.99849, 1.34300, -1.62541, 0.09082, 0.12340, 0.91658, 0.10188, 0.12466, 0.90776
6.99832, 1.34615, -1.62793, 0.08963, 0.12075, 0.91636, 0.10137, 0.12588, 0.90756
6.99817, 1.34917, -1.63035, 0.08780, 0.12007, 0.91484, 0.10086, 0.12757, 0.90743
6.99809, 1.35085, -1.63168, 0.08686, 0.12011, 0.91351, 0.10066, 0.12908, 0.90787
6.99815, 1.35023, -1.63116, 0.08759, 0.12139, 0.91303, 0.10124, 0.13041, 0.90920
6.99830, 1.34839, -1.62967, 0.08863, 0.12364, 0.91291, 0.10199, 0.13091, 0.90820
6.99841, 1.34697, -1.62854, 0.08930, 0.12498, 0.91233, 0.10248, 0.13111, 0.90470
6.99843, 1.34697, -1.62855, 0.08853, 0.12576, 0.91154, 0.10261, 0.13148, 0.90352
6.99841, 1.34755, -1.62902, 0.08743, 0.12630, 0.91076, 0.10259, 0.13209, 0.90274
6.99847, 1.34693, -1.62853, 0.08791, 0.12727, 0.91055, 0.10283, 0.13107, 0.89980
6.99864, 1.34450, -1.62657, 0.08953, 0.12910, 0.91154, 0.10323, 0.12983, 0.89849
6.99885, 1.34148, -1.62414, 0.09038, 0.13105, 0.91262, 0.10303, 0.12816, 0.89886
6.99899, 1.33954, -1.62259, 0.09119, 0.13120, 0.91321, 0.10222, 0.12558, 0.89826
6.99907, 1.33818, -1.62151, 0.09216, 0.13101, 0.91343, 0.10183, 0.12378, 0.89903
6.99902, 1.33879, -1.62201, 0.09238, 0.12896, 0.91415, 0.10157, 0.12341, 0.89810
6.99890, 1.34054, -1.62343, 0.09244, 0.12630, 0.91526, 0.10171, 0.12223, 0.89704
6.99882, 1.34182, -1.62445, 0.09242, 0.12572, 0.91480, 0.10174, 0.12099, 0.89865
6.99864, 1.34479, -1.62683, 0.09260, 0.12591, 0.91399, 0.10108, 0.11722, 0.90145
6.99844, 1.34798, -1.62939, 0.09293, 0.12691, 0.91455, 0.10065, 0.11271, 0.90388
6.99837, 1.34911, -1.63029, 0.09312, 0.12724, 0.91502, 0.10077, 0.11227, 0.90559
6.99837, 1.34905, -1.63022, 0.09180, 0.12671, 0.91471, 0.10102, 0.11463, 0.90739
6.99842, 1.34837, -1.62967, 0.08981, 0.12640, 0.91410, 0.10012, 0.11599, 0.90871
6.99856, 1.34643, -1.62811, 0.08909, 0.12679, 0.91424, 0.09853, 0.11432, 0.90982
6.99874, 1.34376, -1.62596, 0.08892, 0.12787, 0.91417, 0.09786, 0.11299, 0.91114
6.99883, 1.34211, -1.62465, 0.08820, 0.12963, 0.91391, 0.09771, 0.11313, 0.91235
6.99885, 1.34172, -1.62436, 0.08667, 0.13157, 0.91380, 0.09805, 0.11450, 0.91082
6.99887, 1.34168, -1.62433, 0.08603, 0.13319, 0.91380, 0.09837, 0.11709, 0.90750
6.99888, 1.34170, -1.62435, 0.08609, 0.13400, 0.91408, 0.09861, 0.11995, 0.90628
6.99893, 1.34241, -1.62492, 0.08702, 0.13286, 0.91343, 0.09948, 0.12268, 0.90244
6.99903, 1.34272, -1.62514, 0.08904, 0.13111, 0.91239, 0.10032, 0.12537, 0.89815
6.99904, 1.34361, -1.62585, 0.09024, 0.12850, 0.91178, 0.10075, 0.12654, 0.89793
6.99898, 1.34541, -1.62729, 0.09090, 0.12506, 0.91095, 0.10130, 0.12628, 0.89952
6.99900, 1.34581, -1.62761, 0.09220, 0.12367, 0.91002, 0.10200, 0.12668, 0.89866
6.99912, 1.34440, -1.62647, 0.09390, 0.12410, 0.91026, 0.10282, 0.12712, 0.89742
6.99931, 1.34182, -1.62440, 0.09514, 0.12550, 0.91091, 0.10301, 0.12761, 0.89849
6.99954, 1.33844, -1.62168, 0.09631, 0.12720, 0.91197, 0.10288, 0.12785, 0.89753
6.99978, 1.33753, -1.62093, 0.09689, 0.12804, 0.91086, 0.10371, 0.12676, 0.89008
6.99993, 1.33900, -1.62207, 0.09659, 0.12722, 0.90939, 0.10466, 0.12629, 0.88418
7.00002, 1.33993, -1.62279, 0.09684, 0.12653, 0.90766, 0.10488, 0.12715, 0.88471
6.99998, 1.34183, -1.62432, 0.09481, 0.12734, 0.90621, 0.10410, 0.12698, 0.88750
6.99987, 1.34384, -1.62595, 0.09245, 0.12765, 0.90610, 0.10342, 0.12501, 0.89102
6.99986, 1.34418, -1.62623, 0.09220, 0.12782, 0.90555, 0.10301, 0.12288, 0.89497
6.99991, 1.34378, -1.62592, 0.09279, 0.12805, 0.90464, 0.10240, 0.12101, 0.89732
6.99991, 1.34372, -1.62589, 0.09317, 0.12747, 0.90481, 0.10136, 0.11899, 0.89947
6.99991, 1.34363, -1.62584, 0.09344, 0.12720, 0.90483, 0.10060, 0.11828, 0.90103
6.99998, 1.34519, -1.62706, 0.09325, 0.12780, 0.90479, 0.10122, 0.11722, 0.89687
7.00000, 1.34872, -1.62984, 0.09201, 0.12754, 0.90606, 0.10250, 0.11343, 0.89177
6.99990, 1.35232, -1.63271, 0.09126, 0.12554, 0.90831, 0.10352, 0.10787, 0.89045
6.99980, 1.35466, -1.63459, 0.09136, 0.12389, 0.90948, 0.10372, 0.10516, 0.89208
6.99975, 1.35578, -1.63549, 0.09032, 0.12094, 0.90934, 0.10345, 0.10644, 0.89331
6.99977, 1.35560, -1.63536, 0.08876, 0.11761, 0.90705, 0.10328, 0.10903, 0.89299
6.99992, 1.35367, -1.63382, 0.08833, 0.11709, 0.90426, 0.10345, 0.11169, 0.89444
7.00011, 1.35122, -1.63187, 0.08881, 0.11899, 0.90205, 0.10381, 0.11457, 0.89837
7.00024, 1.34944, -1.63047, 0.08892, 0.12174, 0.90173, 0.10442, 0.11147, 0.89855
7.00031, 1.34725, -1.62868, 0.08922, 0.12454, 0.90395, 0.10467, 0.10780, 0.89720
7.00040, 1.34479, -1.62668, 0.09024, 0.12722, 0.90479, 0.10447, 0.10911, 0.89820
7.00053, 1.34318, -1.62539, 0.09161, 0.12899, 0.90537, 0.10425, 0.11235, 0.89740
7.00061, 1.34218, -1.62460, 0.09216, 0.13012, 0.90765, 0.10416, 0.11596, 0.89643
7.00065, 1.34088, -1.62358, 0.09260, 0.13129, 0.91021, 0.10445, 0.11848, 0.89792
7.00069, 1.33926, -1.62228, 0.09386, 0.13233, 0.90966, 0.10469, 0.12028, 0.90017
7.00070, 1.33813, -1.62140, 0.09491, 0.13315, 0.90887, 0.10488, 0.12064, 0.90260
7.00063, 1.33815, -1.62144, 0.09528, 0.13383, 0.90993, 0.10335, 0.12138, 0.90495
7.00054, 1.33890, -1.62206, 0.09379, 0.13327, 0.91054, 0.10126, 0.12317, 0.90516
7.00050, 1.33961, -1.62263, 0.09205, 0.13213, 0.91066, 0.10104, 0.12304, 0.90407
7.00053, 1.33967, -1.62269, 0.09187, 0.13167, 0.91136, 0.10138, 0.12312, 0.90254
7.00062, 1.34154, -1.62416, 0.09126, 0.13096, 0.91260, 0.10228, 0.12268, 0.89625
7.00071, 1.34445, -1.62642, 0.09065, 0.12923, 0.91379, 0.10298, 0.12166, 0.89175
7.00073, 1.34620, -1.62779, 0.08952, 0.12767, 0.91484, 0.10309, 0.12193, 0.88638
7.00077, 1.34668, -1.62823, 0.08836, 0.12697, 0.91516, 0.10293, 0.12329, 0.88210
7.00084, 1.34599, -1.62771, 0.08710, 0.12736, 0.91457, 0.10279, 0.12490, 0.88285
7.00094, 1.34471, -1.62671, 0.08727, 0.12738, 0.91433, 0.10280, 0.12665, 0.88324
7.00103, 1.34359, -1.62582, 0.08950, 0.12482, 0.91490, 0.10223, 0.12869, 0.88277
7.00106, 1.34299, -1.62535, 0.09107, 0.12313, 0.91535, 0.10157, 0.12942, 0.88441
7.00108, 1.34300, -1.62537, 0.09242, 0.12225, 0.91386, 0.10152, 0.12795, 0.88803
7.00109, 1.34386, -1.62606, 0.09380, 0.12145, 0.91178, 0.10199, 0.12372, 0.88999
7.00110, 1.34460, -1.62665, 0.09426, 0.12232, 0.91114, 0.10277, 0.12020, 0.89245
7.00114, 1.34433, -1.62643, 0.09374, 0.12371, 0.91196, 0.10297, 0.11927, 0.89676
7.00124, 1.34287, -1.62525, 0.09324, 0.12471, 0.91279, 0.10302, 0.11947, 0.90022
7.00135, 1.34224, -1.62475, 0.09313, 0.12542, 0.91127, 0.10216, 0.12080, 0.90175
7.00144, 1.34200, -1.62455, 0.09302, 0.12668, 0.90912, 0.10081, 0.12205, 0.90310
7.00150, 1.34156, -1.62420, 0.09338, 0.12788, 0.90829, 0.09963, 0.12187, 0.90382
7.00153, 1.34185, -1.62444, 0.09386, 0.12874, 0.90684, 0.09870, 0.12168, 0.90378
7.00142, 1.34435, -1.62646, 0.09386, 0.12584, 0.90558, 0.09587, 0.12197, 0.90438
7.00123, 1.34745, -1.62895, 0.09428, 0.12234, 0.90560, 0.09323, 0.12088, 0.90638
7.00117, 1.34814, -1.62949, 0.09563, 0.12228, 0.90546, 0.09310, 0.11940, 0.90890
7.00118, 1.34808, -1.62943, 0.09463, 0.12372, 0.90631, 0.09375, 0.11954, 0.90856
7.00123, 1.34743, -1.62891, 0.09165, 0.12571, 0.90473, 0.09446, 0.12104, 0.90750
7.00142, 1.34644, -1.62808, 0.09030, 0.12752, 0.90228, 0.09557, 0.12349, 0.89613
7.00159, 1.34714, -1.62857, 0.08947, 0.12863, 0.90168, 0.09676, 0.12424, 0.88685
7.00162, 1.34769, -1.62900, 0.08942, 0.12910, 0.90229, 0.09670, 0.12430, 0.88639
7.00166, 1.34733, -1.62871, 0.09087, 0.12840, 0.90242, 0.09645, 0.12570, 0.89017
7.00173, 1.34649, -1.62805, 0.09240, 0.12709, 0.90246, 0.09663, 0.12662, 0.89366
7.00173, 1.34622, -1.62786, 0.09225, 0.12651, 0.90388, 0.09680, 0.12694, 0.89636
7.00172, 1.34579, -1.62753, 0.09120, 0.12688, 0.90622, 0.09704, 0.12796, 0.89978
7.00177, 1.34496, -1.62687, 0.09136, 0.12767, 0.90618, 0.09723, 0.12825, 0.90339
7.00185, 1.34395, -1.62608, 0.09166, 0.12908, 0.90561, 0.09738, 0.12822, 0.90543
7.00196, 1.34215, -1.62464, 0.09214, 0.13066, 0.90620, 0.09801, 0.12897, 0.90693
7.00207, 1.34002, -1.62294, 0.09278, 0.13227, 0.90690, 0.09893, 0.12939, 0.90866
7.00214, 1.33840, -1.62166, 0.09287, 0.13340, 0.90853, 0.09980, 0.12775, 0.90904
7.00214, 1.33764, -1.62106, 0.09312, 0.13246, 0.91118, 0.09970, 0.12620, 0.90821
7.00215, 1.33664, -1.62026, 0.09399, 0.13139, 0.91381, 0.09932, 0.12665, 0.90741
7.00219, 1.33518, -1.61910, 0.09458, 0.13190, 0.91569, 0.09934, 0.12782, 0.90800
7.00221, 1.33471, -1.61873, 0.09505, 0.13199, 0.91522, 0.09926, 0.12905, 0.90849
7.00227, 1.33462, -1.61865, 0.09595, 0.13228, 0.91233, 0.09935, 0.13043, 0.90840
7.00225, 1.33573, -1.61955, 0.09472, 0.13344, 0.91006, 0.09917, 0.13106, 0.90868
7.00219, 1.33690, -1.62048, 0.09313, 0.13452, 0.90974, 0.09937, 0.12973, 0.90733
7.00223, 1.33640, -1.62009, 0.09313, 0.13545, 0.91007, 0.10022, 0.12836, 0.90550
7.00226, 1.33603, -1.61979, 0.09377, 0.13466, 0.91056, 0.10083, 0.12813, 0.90421
7.00226, 1.33746, -1.62093, 0.09424, 0.13299, 0.91110, 0.10101, 0.12759, 0.90080
7.00226, 1.33912, -1.62225, 0.09504, 0.13136, 0.91192, 0.10122, 0.12642, 0.89901
7.00225, 1.33976, -1.62276, 0.09499, 0.13025, 0.91274, 0.10089, 0.12639, 0.90001
7.00232, 1.33910, -1.62222, 0.09408, 0.12978, 0.91107, 0.10074, 0.12770, 0.90184
7.00218, 1.34180, -1.62440, 0.08984, 0.12934, 0.90917, 0.10050, 0.12856, 0.90402
7.00188, 1.34679, -1.62842, 0.08463, 0.12935, 0.90709, 0.10013, 0.12739, 0.90592
7.00174, 1.34931, -1.63043, 0.08258, 0.13028, 0.90580, 0.10031, 0.12622, 0.90693
7.00174, 1.34967, -1.63072, 0.08328, 0.13007, 0.90596, 0.10051, 0.12646, 0.90461
7.00179, 1.34926, -1.63038, 0.08518, 0.12941, 0.90508, 0.10050, 0.12615, 0.90271
7.00190, 1.34799, -1.62936, 0.08701, 0.12964, 0.90485, 0.10060, 0.12622, 0.90332
7.00203, 1.34592, -1.62768, 0.08872, 0.13036, 0.90637, 0.10038, 0.12614, 0.90505
7.00213, 1.34430, -1.62639, 0.09052, 0.12907, 0.90875, 0.09919, 0.12622, 0.90725
7.00217, 1.34343, -1.62570, 0.09171, 0.12694, 0.91097, 0.09776, 0.12727, 0.90474
7.00220, 1.34297, -1.62534, 0.09174, 0.12659, 0.91173, 0.09688, 0.12786, 0.89927
7.00226, 1.34193, -1.62452, 0.09228, 0.12660, 0.91242, 0.09713, 0.12837, 0.89684
7.00235, 1.34042, -1.62330, 0.09387, 0.12660, 0.91396, 0.09821, 0.12896, 0.89608
7.00249, 1.33982, -1.62281, 0.09519, 0.12689, 0.91409, 0.09967, 0.13026, 0.89155
7.00261, 1.34002, -1.62295, 0.09585, 0.12612, 0.91202, 0.10103, 0.13088, 0.88703
7.00265, 1.34023, -1.62312, 0.09576, 0.12573, 0.90983, 0.10149, 0.13088, 0.88727
7.00263, 1.34039, -1.62324, 0.09479, 0.12661, 0.90958, 0.10158, 0.13031, 0.88969
7.00261, 1.34029, -1.62317, 0.09430, 0.12691, 0.91056, 0.10176, 0.12898, 0.89345
7.00264, 1.33967, -1.62268, 0.09426, 0.12771, 0.91081, 0.10174, 0.12851, 0.89719
7.00273, 1.33790, -1.62126, 0.09489, 0.12939, 0.91132, 0.10198, 0.12899, 0.90102
7.00289, 1.33569, -1.61948, 0.09664, 0.13127, 0.90987, 0.10205, 0.12997, 0.90331
7.00307, 1.33342, -1.61766, 0.09859, 0.13313, 0.90783, 0.10208, 0.13076, 0.90516
7.00319, 1.33152, -1.61614, 0.09958, 0.13476, 0.90792, 0.10178, 0.13144, 0.90763
7.00392, 1.33881, -1.62215, 0.09759, 0.13375, 0.90932, 0.10334, 0.13568, 0.87911
7.00504, 1.35387, -1.63416, 0.09399, 0.13202, 0.90802, 0.10516, 0.13910, 0.84323
7.00582, 1.36690, -1.64414, 0.09163, 0.13133, 0.90470, 0.10563, 0.13698, 0.83591
7.00643, 1.37974, -1.65436, 0.08840, 0.13103, 0.90301, 0.10446, 0.13411, 0.84070
7.00690, 1.39233, -1.66485, 0.08389, 0.13118, 0.90368, 0.10269, 0.13136, 0.85033
7.00717, 1.40284, -1.67350, 0.08119, 0.13152, 0.90602, 0.10058, 0.12639, 0.86095
7.00746, 1.40986, -1.67894, 0.08106, 0.13179, 0.90851, 0.09907, 0.12279, 0.87101
7.00786, 1.41418, -1.68225, 0.08281, 0.13223, 0.91020, 0.09922, 0.11984, 0.87877
7.00828, 1.41738, -1.68505, 0.08507, 0.13284, 0.91146, 0.09994, 0.11648, 0.88492
7.00861, 1.41888, -1.68637, 0.08698, 0.13281, 0.91206, 0.10062, 0.11470, 0.88968
7.00893, 1.41850, -1.68608, 0.08909, 0.13260, 0.91207, 0.10105, 0.11516, 0.89324
7.00925, 1.41704, -1.68490, 0.09013, 0.13183, 0.91288, 0.10093, 0.11728, 0.89644
7.00961, 1.41477, -1.68306, 0.09024, 0.13146, 0.91346, 0.09979, 0.11999, 0.89519
7.01011, 1.41111, -1.68009, 0.09033, 0.13102, 0.91386, 0.09906, 0.12197, 0.89373
7.01084, 1.40544, -1.67550, 0.09129, 0.13035, 0.91424, 0.09943, 0.12339, 0.89541
7.01174, 1.39823, -1.66968, 0.09241, 0.13064, 0.91456, 0.09977, 0.12468, 0.89689
