0.04903, -0.01732, -0.07569, 0.31606, 0.24665, 0.04506, 0.28867, -0.06231, -0.22783
0.02425, -0.02322, 0.06411, 0.58715, -0.23766, -0.34204, -0.43001, -0.29310, -0.25828
-0.00244, -0.04166, 0.19231, -0.22899, 0.26515, 0.23398, -0.97117, 0.05637, -0.27608
0.00738, -0.08941, -0.20018, -0.55561, 0.66674, 0.73117, 0.14478, 0.20707, -0.55355
0.03255, -0.05649, -0.10157, 0.54542, -0.11474, 0.17474, -0.19761, -0.28405, -0.26424
0.05874, -0.02275, 0.16435, 0.67457, -0.58765, -0.05202, -0.91729, -0.18585, -0.26479
0.08592, -0.01824, 0.14713, -0.47171, 0.38244, 0.44172, -0.64263, 0.35799, -0.39219
0.14754, -0.04437, -0.21646, -0.38534, 0.60071, 0.65646, 0.40985, 0.29363, -0.69411
0.20191, -0.00817, -0.04231, 0.55219, -0.26801, 0.01327, -0.11267, -0.11177, -0.38888
0.26499, 0.02789, 0.25379, 0.63191, -0.59611, -0.26959, -0.98021, 0.06664, -0.25006
0.34827, 0.02713, 0.11877, -0.43858, 0.42655, 0.37019, -0.11671, 0.31254, -0.36305
0.44192, 0.01463, -0.08240, 0.32010, -0.05113, -0.04603, 0.82107, -0.27868, -0.62153
0.50945, 0.02650, 0.05100, 0.71673, -0.49207, -0.43654, -0.30811, -0.47528, -0.51472
0.56132, 0.01132, 0.10791, -0.42181, 0.29872, 0.26854, -1.07519, 0.11100, -0.22893
0.67221, -0.03591, -0.26045, -0.52886, 0.66372, 0.70131, 0.22921, 0.46965, -0.55640
0.77404, -0.01048, -0.11802, 0.51144, -0.20906, 0.11366, -0.09298, -0.11990, -0.63451
0.88339, 0.02938, 0.17516, 0.67011, -0.60329, -0.48284, -0.96559, -0.02950, -0.34242
1.02046, 0.02847, 0.04852, -0.45345, 0.39470, 0.31456, 0.18157, 0.39573, -0.37552
1.15793, 0.02386, -0.14300, 0.29782, -0.10055, 0.73649, 0.88524, -0.10138, -0.19784
1.26351, 0.02775, -0.04196, 0.65557, -0.58574, -0.21897, -0.41605, -0.38027, -0.31205
1.37943, 0.02162, 0.13460, 0.48079, -0.41177, -0.24328, -1.15455, 0.00913, -0.26723
1.52355, -0.01394, -0.16403, -0.44441, 0.47275, 0.50317, 0.20053, 0.36251, -0.45120
1.66220, -0.00495, -0.22565, 0.39828, 0.00762, 0.14878, 0.43017, -0.19903, -0.63135
1.78874, 0.02230, 0.11673, 0.71225, -0.50603, -0.45180, -0.65675, -0.61357, -0.43594
1.90328, 0.02665, 0.20704, -0.46570, 0.35854, 0.27379, -1.01358, -0.01285, -0.27138
2.06645, 0.00083, -0.16386, -0.52763, 0.69467, 0.75013, 0.24592, 0.39466, -0.60669
2.20266, 0.01479, -0.10810, 0.55474, -0.24967, -0.02585, -0.07362, -0.06195, -0.72493
2.33586, 0.03547, 0.16716, 0.69139, -0.58045, -0.45661, -0.96165, 0.00661, -0.50159
2.49579, 0.01795, 0.03986, -0.44666, 0.42421, 0.34502, 0.17976, 0.37510, -0.41827
2.65482, 0.00118, -0.18843, 0.28368, -0.15349, 0.68299, 0.91889, -0.16794, -0.23908
2.78707, 0.00687, 0.00278, 0.72620, -0.49056, -0.12843, -0.44282, -0.42327, -0.33301
2.91383, -0.01212, 0.16947, -0.39676, 0.40629, 0.09910, -1.14779, 0.01902, -0.35450
3.08799, -0.05305, -0.14860, -0.53406, 0.65112, 0.63407, 0.26141, 0.37799, -0.60846
3.22524, -0.02046, -0.09607, 0.54918, -0.20903, 0.09093, -0.04864, -0.16054, -0.84883
3.35717, 0.01724, 0.12586, 0.69132, -0.57460, -0.49688, -0.96754, -0.04183, -0.56067
3.51598, 0.01655, -0.06634, -0.45748, 0.40719, 0.31685, 0.19892, 0.39570, -0.42539
3.67814, 0.00583, -0.32355, 0.28415, 0.03381, 0.65157, 0.84649, -0.05238, -0.44263
3.80843, 0.01586, -0.10922, 0.75725, -0.40086, -0.10773, -0.47069, -0.43887, -0.27720
3.93456, 0.00678, 0.10188, -0.36062, 0.35282, 0.11915, -1.13695, -0.03425, -0.27610
4.11035, -0.02652, -0.18074, -0.56620, 0.63818, 0.63733, 0.24448, 0.39342, -0.58524
4.25737, -0.00849, -0.07748, 0.54754, -0.25187, 0.02852, -0.07886, -0.10503, -0.79524
4.39847, 0.01217, 0.18986, 0.71171, -0.56438, -0.44977, -0.95974, -0.03470, -0.40933
4.55983, 0.00357, 0.01960, -0.44023, 0.43121, 0.34536, 0.15315, 0.25261, -0.42720
4.71858, -0.00286, -0.27915, 0.29481, 0.16085, 0.05723, 0.91980, -0.23182, -0.74492
4.84913, 0.02520, -0.05726, 0.75314, -0.37860, -0.39319, -0.48785, -0.51019, -0.53455
4.96883, 0.02466, 0.06181, -0.43734, 0.34021, 0.22147, -1.11397, 0.03457, -0.32685
5.14680, -0.00336, -0.28354, -0.53685, 0.66857, 0.72102, 0.25697, 0.47401, -0.49370
5.29225, 0.00892, -0.17385, 0.55720, -0.20562, 0.01355, -0.03869, -0.05467, -0.57314
5.43024, 0.02142, 0.14940, 0.70950, -0.56435, -0.44180, -0.96535, -0.09373, -0.24608
5.59503, -0.00172, 0.06608, -0.45066, 0.41067, 0.34323, 0.17715, 0.32007, -0.40946
5.75260, -0.01209, -0.15298, 0.29773, -0.22753, 0.72518, 0.85475, -0.15682, -0.28530
5.88461, -0.00271, 0.02735, 0.73655, -0.51839, -0.10981, -0.44204, -0.41698, -0.28397
6.00965, -0.01723, 0.18424, -0.39510, 0.43531, 0.08736, -1.13360, 0.02765, -0.27647
6.17519, -0.05143, -0.18944, -0.53400, 0.61630, 0.65182, 0.19906, 0.27265, -0.64122
6.30906, -0.03543, -0.10138, 0.58928, -0.17167, 0.06701, -0.07040, -0.15853, -0.78860
6.42684, -0.01615, 0.17750, 0.72196, -0.52598, -0.43848, -0.95691, -0.01209, -0.24847
6.56444, -0.02536, 0.01503, -0.43741, 0.43352, 0.32658, 0.08974, 0.20177, -0.63499
6.71174, -0.02974, -0.09075, 0.34184, 0.03053, 0.04942, 0.88232, -0.23485, -0.84240
6.83630, -0.00243, 0.19185, 0.69847, -0.51400, -0.44208, -0.45088, -0.49037, -0.50066
6.95184, -0.00796, 0.31530, -0.44585, 0.34684, 0.29265, -1.09172, 0.06425, -0.36732
7.10864, -0.04097, -0.04980, -0.53273, 0.67768, 0.75717, 0.23079, 0.31968, -0.78205
7.23727, -0.02025, -0.03456, 0.54675, -0.23146, -0.02471, -0.07021, -0.15563, -0.90931
7.36550, 0.01558, 0.20800, 0.68528, -0.56774, -0.45038, -0.95347, 0.00619, -0.53662
7.51633, 0.01470, 0.00536, -0.44515, 0.42005, 0.34325, 0.14697, 0.30954, -0.47782
7.67147, 0.00702, -0.28126, 0.30741, 0.11381, -0.01734, 0.88217, -0.21132, -0.66329
7.79802, 0.03080, -0.06492, 0.74009, -0.41340, -0.36558, -0.47918, -0.48925, -0.48689
7.91579, 0.01969, -0.00429, -0.38852, 0.32468, 0.25762, -1.10205, 0.06012, -0.37332
8.09290, -0.01887, -0.33478, -0.56150, 0.65327, 0.71533, 0.31336, 0.56190, -0.41732
8.25011, -0.05302, -0.63991, 0.47885, 0.40718, 0.61434, 0.90773, -0.09233, -0.24112
8.36860, -0.04969, -0.19290, 0.84260, -0.14645, -0.03659, -0.53620, -0.53645, -0.34679
8.48686, -0.03828, 0.32553, -0.36720, 0.33285, 0.17967, -1.19468, -0.09323, -0.30666
8.63586, -0.04723, 0.14308, -0.52942, 0.50355, 0.62306, 0.10908, 0.10881, -0.86464
8.75763, -0.03820, 0.13516, 0.52552, -0.37682, -0.14244, -0.08757, -0.14856, -0.89410
8.86181, -0.03093, 0.27338, 0.68982, -0.54826, -0.38389, -0.91728, 0.08918, -0.20966
8.97502, -0.05494, -0.03565, -0.43363, 0.41117, 0.37435, 0.11771, 0.17723, -0.64609
9.09769, -0.06620, -0.17204, 0.37346, 0.20899, 0.14810, 0.85881, -0.23684, -0.74158
9.19080, -0.04452, 0.18800, 0.75619, -0.39731, -0.44801, -0.46596, -0.50894, -0.35379
9.27757, -0.04703, 0.45126, -0.43383, 0.34045, 0.17729, -1.09572, 0.01822, -0.33540
9.39395, -0.07351, 0.15279, -0.50507, 0.30387, 0.76135, 0.16204, 0.17382, -1.01196
9.50439, -0.04959, 0.19833, 0.50634, -0.40748, 0.01096, -0.11136, -0.18120, -0.75870
9.61000, -0.02786, 0.32514, 0.64159, -0.56730, -0.05153, -0.91189, 0.07451, -0.20823
9.72437, -0.03884, -0.00198, -0.41956, 0.45614, 0.54715, 0.12069, 0.19438, -0.64305
9.85352, -0.04191, -0.23912, 0.35081, 0.30938, 0.01234, 0.90652, -0.20932, -0.75520
9.95826, 0.00088, 0.07797, 0.74543, -0.37630, -0.45674, -0.46776, -0.45522, -0.33229
10.05737, 0.01434, 0.29314, -0.44299, 0.28852, 0.21487, -1.09910, 0.07853, -0.35608
10.20696, -0.00806, 0.00403, -0.51502, 0.54656, 0.73553, 0.20512, 0.35765, -0.80922
10.33046, -0.00605, -0.00019, 0.52493, -0.35556, -0.11738, -0.07237, -0.10111, -0.81146
10.44999, 0.00651, 0.22421, 0.69246, -0.54660, -0.23003, -0.96111, -0.01830, -0.16999
10.58750, -0.01230, 0.01727, -0.42178, 0.46334, 0.46470, 0.11727, 0.21372, -0.56479
10.73106, -0.02329, -0.03525, 0.37116, -0.06321, 0.01905, 0.89940, -0.18555, -0.70296
10.84884, -0.00764, 0.26069, 0.66815, -0.58369, -0.49788, -0.43380, -0.44789, -0.32645
10.96081, -0.03227, 0.35468, -0.46406, 0.35959, 0.31047, -1.08481, 0.06229, -0.28026
11.10041, -0.07799, -0.07311, -0.52836, 0.60001, 0.78831, 0.20232, 0.20710, -0.83729
11.22933, -0.05816, 0.02083, 0.54995, -0.22949, 0.08798, -0.08127, -0.14216, -0.75197
11.35557, -0.03204, 0.26629, 0.66903, -0.58813, -0.03128, -0.92645, 0.05063, -0.24441
11.49506, -0.03955, 0.03623, -0.42556, 0.39046, 0.50834, 0.10693, 0.17222, -0.64376
11.64546, -0.03419, -0.07548, 0.35193, 0.05078, -0.02052, 0.87491, -0.23817, -0.75980
11.77555, 0.00579, 0.20483, 0.67682, -0.51921, -0.43299, -0.44260, -0.44785, -0.39896
11.89753, 0.00885, 0.31017, -0.44296, 0.25377, 0.30817, -1.07527, 0.10613, -0.36287
12.06549, -0.02201, -0.06110, -0.53091, 0.61507, 0.75465, 0.23486, 0.36799, -0.78418
12.20624, -0.00867, -0.03034, 0.54979, -0.26252, -0.03993, -0.06502, -0.10001, -0.80198
12.34057, 0.01364, 0.22256, 0.60654, -0.56233, -0.44912, -0.95440, -0.01301, -0.25752
12.50033, -0.00215, 0.01933, -0.47583, 0.40811, 0.33983, 0.17471, 0.29420, -0.50481
12.65644, -0.00718, -0.19499, 0.35408, 0.06708, 0.00009, 0.85364, -0.19804, -0.83493
12.78770, 0.01802, 0.04696, 0.71029, -0.46508, -0.45748, -0.49188, -0.53841, -0.58412
12.90976, 0.01126, 0.11639, -0.45660, 0.33772, 0.29678, -1.08920, 0.02595, -0.41109
13.08670, -0.02302, -0.25481, -0.53033, 0.69092, 0.74836, 0.26486, 0.47073, -0.56889
13.23326, -0.00235, -0.15165, 0.57481, -0.19442, 0.03619, -0.06381, -0.08051, -0.71412
13.37474, 0.02466, 0.16317, 0.69090, -0.55211, -0.44742, -0.98499, -0.03104, -0.40456
13.54041, 0.02001, 0.02279, -0.44885, 0.42574, 0.34357, 0.13110, 0.26198, -0.47285
13.70769, 0.00798, -0.18174, 0.29323, 0.01466, -0.02888, 0.90859, -0.21278, -0.73044
13.84776, 0.02564, 0.05932, 0.71953, -0.46773, -0.43992, -0.46659, -0.49811, -0.51605
13.97776, 0.00786, 0.13173, -0.44405, 0.34766, 0.29330, -1.10593, 0.04217, -0.34799
14.16093, -0.03553, -0.24660, -0.53257, 0.68349, 0.74254, 0.27406, 0.44816, -0.55551
14.30965, -0.00766, -0.15424, 0.56730, -0.16476, 0.06433, -0.04512, -0.10370, -0.76085
14.45442, 0.02604, 0.12416, 0.69211, -0.58231, -0.44702, -0.97575, -0.02173, -0.58337
14.62658, 0.02193, -0.02074, -0.45863, 0.39433, 0.33164, 0.19438, 0.38533, -0.48181
14.80120, 0.00942, -0.26008, 0.29191, -0.09639, 0.72240, 0.89410, -0.11818, -0.20974
14.94586, 0.01699, -0.06624, 0.72999, -0.48398, -0.10612, -0.42876, -0.40176, -0.32584
15.08875, 0.00002, 0.10441, -0.37486, 0.40840, 0.08982, -1.14025, 0.02466, -0.48121
15.27870, -0.03883, -0.19415, -0.56678, 0.65569, 0.64325, 0.24304, 0.38704, -0.70815
15.43932, -0.02052, -0.08726, 0.55223, -0.20147, 0.07170, -0.06886, -0.13540, -0.68214
15.59304, 0.00061, 0.16553, 0.69295, -0.57679, -0.38970, -0.95597, -0.02449, -0.18014
15.76965, -0.01305, -0.01658, -0.45181, 0.40366, 0.29383, 0.17445, 0.29540, -0.53784
15.93858, -0.01531, -0.22753, 0.33538, 0.17199, 0.06519, 0.84599, -0.19230, -0.83642
16.07858, 0.00969, 0.02733, 0.75360, -0.40704, -0.44757, -0.49834, -0.53946, -0.54076
16.20803, 0.00642, 0.14195, -0.44798, 0.32565, 0.18428, -1.09398, 0.02050, -0.38113
16.39296, -0.02682, -0.21214, -0.52746, 0.67153, 0.73183, 0.27998, 0.47139, -0.59082
16.53821, -0.00868, -0.15421, 0.58047, -0.19451, 0.02154, -0.04452, -0.08269, -0.77099
16.67451, 0.01445, 0.14677, 0.72360, -0.53844, -0.46700, -0.99368, -0.04348, -0.39908
16.83344, 0.00672, -0.02258, -0.45187, 0.41695, 0.34132, 0.12355, 0.25163, -0.42904
16.99619, 0.00079, -0.23303, 0.33300, 0.08321, 0.01510, 0.83936, -0.22837, -0.71232
17.13371, 0.02879, 0.02610, 0.70635, -0.46408, -0.47063, -0.46496, -0.51483, -0.51107
17.26190, 0.02279, 0.10344, -0.44525, 0.30077, 0.20790, -1.08303, 0.05281, -0.39424
17.44612, -0.01294, -0.26509, -0.53247, 0.66486, 0.74054, 0.26225, 0.47907, -0.57722
17.60011, -0.00161, -0.15706, 0.56830, -0.19509, 0.04837, -0.02722, -0.07255, -0.69837
17.74748, 0.01338, 0.15981, 0.70481, -0.55938, -0.45264, -0.95151, -0.05675, -0.41825
17.91524, -0.00138, 0.01920, -0.44952, 0.40147, 0.34461, 0.13884, 0.22381, -0.50782
18.07972, -0.01107, -0.19683, 0.33405, 0.10283, 0.04418, 0.88104, -0.23878, -0.78983
18.21560, 0.00870, 0.05028, 0.74155, -0.42992, -0.47335, -0.47273, -0.51869, -0.55077
18.34023, 0.00022, 0.17027, -0.44307, 0.31628, 0.21939, -1.10547, 0.03333, -0.29288
18.51278, -0.03461, -0.24263, -0.53153, 0.67338, 0.74653, 0.22451, 0.33979, -0.60347
18.65844, -0.01276, -0.16780, 0.57021, -0.13620, 0.08428, -0.06460, -0.11510, -0.75157
18.79711, 0.01880, 0.13648, 0.71566, -0.54023, -0.49528, -0.95996, 0.00022, -0.49620
18.96386, 0.01428, 0.06980, -0.45075, 0.40406, 0.31937, 0.19039, 0.39631, -0.42290
19.13145, 0.00981, -0.11788, 0.28911, -0.17137, 0.74351, 0.90115, -0.10055, -0.17330
19.26975, 0.01900, 0.01351, 0.68334, -0.57066, -0.17477, -0.40284, -0.34489, -0.31319
19.40744, 0.01081, 0.23637, -0.34723, 0.18269, 0.10865, -1.15506, 0.03859, -0.51124
19.58997, -0.02453, -0.02865, -0.56169, 0.44412, 0.65720, 0.24427, 0.36981, -0.73899
19.73963, -0.01146, -0.01689, 0.53920, -0.30098, -0.02330, -0.06549, -0.14543, -0.75086
19.88044, 0.00129, 0.15795, 0.69229, -0.54951, -0.44716, -0.96360, -0.05289, -0.20976
20.04258, -0.01827, -0.09545, -0.44393, 0.41310, 0.35004, 0.16060, 0.26972, -0.45709
20.20466, -0.01949, -0.31949, 0.35131, 0.26824, 0.10640, 0.90396, -0.22435, -0.77473
20.33582, 0.01694, -0.01661, 0.75612, -0.36392, -0.43011, -0.48516, -0.48215, -0.57429
20.45909, 0.02741, 0.18217, -0.43987, 0.32263, 0.19882, -1.10442, 0.06978, -0.46766
20.63851, 0.00457, -0.07164, -0.53413, 0.60517, 0.73094, 0.25936, 0.46841, -0.62476
20.78349, 0.01133, -0.05260, 0.52941, -0.34453, -0.11501, -0.03050, -0.07388, -0.71317
20.92114, 0.02019, 0.18930, 0.70911, -0.54748, -0.48238, -0.96950, -0.03859, -0.32465
21.07922, -0.00125, -0.00454, -0.43117, 0.42743, 0.37205, 0.13703, 0.23732, -0.46012
21.23792, -0.01401, -0.22681, 0.33410, 0.09961, 0.04054, 0.89349, -0.24181, -0.72200
21.37585, 0.01853, 0.07502, 0.71605, -0.44078, -0.48233, -0.46916, -0.50013, -0.48838
21.50517, 0.01813, 0.20877, -0.45521, 0.32716, 0.19274, -1.09738, 0.06345, -0.40273
21.68850, -0.01480, -0.10562, -0.53370, 0.65311, 0.74170, 0.27090, 0.46462, -0.62656
21.83518, 0.00011, -0.06360, 0.56534, -0.26909, -0.01432, -0.04022, -0.08187, -0.74817
21.97415, 0.01497, 0.16628, 0.69493, -0.57633, -0.46405, -0.97733, -0.00669, -0.42158
22.13637, -0.00427, -0.06601, -0.44446, 0.42720, 0.35312, 0.14330, 0.26313, -0.48148
22.30279, -0.01392, -0.26815, 0.35600, 0.21425, 0.04996, 0.83673, -0.22544, -0.72890
22.44228, 0.01207, 0.04396, 0.74025, -0.40483, -0.47988, -0.43975, -0.54805, -0.51830
22.57172, 0.01027, 0.20275, -0.44303, 0.30858, 0.18838, -1.08941, 0.03085, -0.42926
22.75456, -0.02338, -0.10128, -0.53423, 0.63620, 0.74133, 0.26964, 0.46511, -0.65014
22.89953, -0.00255, -0.06020, 0.55783, -0.26816, -0.02224, -0.04468, -0.09807, -0.82774
23.04022, 0.02195, 0.17978, 0.69658, -0.57410, -0.46849, -0.97757, -0.03373, -0.58851
23.20654, 0.00939, 0.01241, -0.45186, 0.42589, 0.35137, 0.18486, 0.37629, -0.44851
23.37355, -0.00331, -0.28085, 0.29118, 0.04381, 0.64460, 0.86762, -0.13568, -0.20872
23.51050, 0.00734, -0.07710, 0.76556, -0.40642, -0.12335, -0.45245, -0.42763, -0.32951
23.64222, -0.00141, 0.12677, -0.38678, 0.38521, 0.11362, -1.14063, 0.00705, -0.41426
23.82354, -0.03404, -0.15728, -0.54041, 0.61349, 0.63412, 0.24962, 0.39738, -0.65208
23.97299, -0.01211, -0.06463, 0.55243, -0.25108, 0.02857, -0.07294, -0.12512, -0.80504
24.11468, 0.00990, 0.16049, 0.69427, -0.57217, -0.44882, -0.96963, -0.01547, -0.36968
24.27958, -0.00041, -0.05690, -0.44186, 0.43148, 0.35007, 0.14985, 0.29078, -0.42639
24.44546, -0.00938, -0.33043, 0.33504, 0.29320, -0.00872, 0.91734, -0.20990, -0.74453
24.57893, 0.01883, -0.04566, 0.76016, -0.35994, -0.44110, -0.48732, -0.53316, -0.55811
24.70351, 0.01819, 0.10201, -0.44844, 0.30258, 0.28749, -1.09999, 0.01795, -0.45622
24.88483, -0.01177, -0.21752, -0.53698, 0.66728, 0.74276, 0.26260, 0.46932, -0.61784
25.03748, 0.00507, -0.11839, 0.53460, -0.22896, -0.01082, -0.07090, -0.06496, -0.72861
25.19509, 0.03971, 0.22420, 0.68641, -0.56977, -0.44323, -0.97368, -0.00489, -0.57045
25.37856, 0.03543, 0.16735, -0.44373, 0.41432, 0.32222, 0.18941, 0.38313, -0.51216
25.56125, 0.03203, 0.03839, 0.29688, -0.22648, 0.72503, 0.87345, -0.08083, -0.17859
25.71661, 0.03927, 0.16946, 0.64099, -0.64413, -0.24004, -0.39356, -0.33099, -0.31018
25.86274, 0.00809, 0.21741, -0.30155, -0.40859, -0.15407, -1.13735, 0.04277, -0.31024
26.06624, -0.01975, -0.14210, -0.55736, 0.40249, 0.53250, 0.25728, 0.36039, -0.44932
26.22719, 0.00208, -0.26138, 0.55144, -0.03527, 0.06019, 0.30150, -0.15134, -0.67612
26.36874, 0.02675, 0.03317, 0.71066, -0.49127, -0.46624, -0.77700, -0.61398, -0.51888
26.49822, 0.02757, 0.03460, -0.49309, 0.34060, 0.29697, -0.98884, -0.04315, -0.24553
26.68511, 0.00088, -0.35451, -0.53744, 0.68966, 0.74419, 0.32491, 0.53997, -0.46198
26.83865, 0.01590, -0.24378, 0.54794, -0.11474, 0.04902, -0.03417, 0.02687, -0.65713
26.98812, 0.03291, 0.10949, 0.72893, -0.51819, -0.49652, -0.98705, -0.04112, -0.49242
27.16382, 0.02084, 0.07590, -0.43610, 0.34771, 0.33097, 0.15965, 0.30351, -0.40013
27.33720, 0.00950, -0.12583, 0.28203, -0.22628, 0.74025, 0.89914, -0.20477, -0.21321
27.48488, 0.01477, 0.01556, 0.71527, -0.52321, -0.13399, -0.42446, -0.40440, -0.32311
27.62721, -0.00129, 0.18838, -0.37786, 0.45987, 0.09609, -1.13601, 0.04742, -0.43874
27.81420, -0.03773, -0.06715, -0.56351, 0.52296, 0.64719, 0.25218, 0.38732, -0.70912
27.96735, -0.01121, 0.01025, 0.53004, -0.32434, 0.01397, -0.05975, -0.15085, -0.86151
28.11203, 0.01175, 0.17152, 0.68082, -0.57674, -0.45690, -0.96208, -0.01680, -0.35500
28.28035, -0.00095, -0.10917, -0.43862, 0.42802, 0.35377, 0.15902, 0.31462, -0.41959
28.45279, -0.00882, -0.37558, 0.35204, 0.31903, 0.09353, 0.90598, -0.18294, -0.72363
28.59078, 0.02108, -0.06223, 0.75465, -0.34675, -0.43647, -0.48655, -0.53198, -0.55645
28.72050, 0.02282, 0.10671, -0.45790, 0.29471, 0.17344, -1.11621, 0.00918, -0.42921
28.90787, -0.00529, -0.21429, -0.53453, 0.64448, 0.71046, 0.25605, 0.46779, -0.57764
29.06454, 0.00872, -0.14034, 0.54054, -0.21936, 0.00868, -0.05574, -0.06376, -0.66553
29.22165, 0.03536, 0.17084, 0.69210, -0.56327, -0.44278, -0.97043, 0.00221, -0.51282
29.40500, 0.02494, 0.08368, -0.44507, 0.38304, 0.33600, 0.16627, 0.38067, -0.47525
29.58880, 0.01204, -0.11796, 0.28147, -0.17281, 0.73134, 0.91144, -0.09543, -0.20469
29.74263, 0.01448, 0.00761, 0.68156, -0.56226, -0.18356, -0.39473, -0.33090, -0.30218
29.89653, 0.00013, 0.23750, -0.34370, 0.33397, 0.10104, -1.15638, 0.04086, -0.45070
30.08931, -0.03117, 0.04928, -0.55012, 0.10204, 0.67964, 0.23556, 0.34446, -0.73123
30.25056, 0.00337, 0.10114, 0.47296, -0.39017, -0.01869, -0.03107, -0.14158, -0.82407
30.39684, 0.02115, 0.17320, 0.66869, -0.49238, -0.50766, -0.93003, 0.02404, -0.46497
30.56831, 0.00044, -0.10737, -0.42810, 0.43432, 0.37491, 0.17964, 0.39358, -0.30166
30.73823, -0.01596, -0.41691, 0.18786, 0.20408, 0.50379, 0.85615, -0.11628, -0.36076
30.87629, 0.00535, -0.09167, 0.73889, -0.33851, -0.18052, -0.49180, -0.49724, -0.28596
31.00825, 0.00333, 0.13765, -0.40178, 0.30163, 0.12207, -1.13525, -0.01621, -0.34771
31.19239, -0.02640, -0.13506, -0.53483, 0.59021, 0.65505, 0.25934, 0.42860, -0.64756
31.33953, -0.01243, -0.07968, 0.56245, -0.21069, -0.01461, -0.05817, -0.10228, -0.84292
31.47577, 0.00091, 0.14918, 0.71568, -0.53533, -0.44228, -0.98282, -0.07030, -0.28816
31.63409, -0.01195, -0.02954, -0.43555, 0.41063, 0.35358, 0.13903, 0.24723, -0.46727
31.79284, -0.01493, -0.22042, 0.33961, 0.14552, 0.08114, 0.90067, -0.23367, -0.82396
31.92433, 0.01540, 0.04555, 0.73266, -0.43527, -0.48680, -0.46928, -0.52324, -0.57647
32.04542, 0.01407, 0.15515, -0.45461, 0.32312, 0.15166, -1.09989, 0.04143, -0.37027
32.22271, -0.01849, -0.19618, -0.53722, 0.66498, 0.72606, 0.26979, 0.45026, -0.53808
32.36883, 0.00311, -0.14739, 0.53298, -0.20341, 0.02383, -0.04392, -0.07531, -0.72421
32.51853, 0.04345, 0.16478, 0.66059, -0.55489, -0.47807, -0.97394, -0.00281, -0.60005
32.69304, 0.04728, 0.07428, -0.45683, 0.39890, 0.32836, 0.06913, 0.37684, -0.49032
32.87780, 0.03235, 0.02890, 0.28765, -0.13739, 0.72948, 0.89848, 0.11585, -0.34134
33.02706, 0.04151, 0.24866, 0.64104, -0.60576, -0.24340, -0.33914, -0.21997, -0.28624
33.16767, 0.00808, 0.39299, -0.35106, -0.46024, -0.01973, -1.13758, 0.04130, -0.41637
33.35461, -0.03287, -0.06992, -0.59631, 0.23508, 0.63749, 0.21985, 0.16813, -0.56296
33.51451, 0.00171, -0.18814, 0.51292, -0.06776, 0.00041, 0.12748, -0.18601, -0.57452
33.65208, 0.03642, 0.03517, 0.70432, -0.43421, -0.45521, -0.82465, -0.26027, -0.33566
33.78598, 0.04969, 0.08355, -0.46732, 0.37179, 0.31322, -0.91921, 0.25562, -0.28395
33.96979, 0.02846, -0.13635, -0.53615, 0.66555, 0.74735, 0.25668, 0.52797, -0.51400
34.11489, 0.02615, -0.03625, 0.48022, -0.40594, -0.20779, -0.05925, -0.02699, -0.61669
34.26134, 0.01144, 0.28029, 0.70566, -0.57877, -0.46509, -0.93514, -0.48095, -0.36539
34.40092, -0.01759, 0.28797, -0.43272, 0.27793, 0.35077, -0.65578, 0.03505, -0.25452
34.53689, -0.05039, -0.14869, -0.52894, 0.18900, 0.76768, 0.46567, 0.23772, -0.82722
34.65573, -0.01556, -0.05198, 0.48720, -0.16343, -0.04444, -0.08810, -0.01737, -0.71519
34.76110, -0.00662, 0.12344, 0.68707, -0.44640, -0.43932, -0.98179, 0.01604, -0.21235
34.88839, -0.02817, -0.11427, -0.42959, 0.41882, 0.35313, 0.11323, 0.21441, -0.38514
35.02250, -0.03394, -0.31878, 0.35691, 0.33638, 0.09386, 0.86705, -0.29218, -0.67550
35.12459, -0.00360, 0.00228, 0.76518, -0.35023, -0.37129, -0.47691, -0.50148, -0.55383
35.21758, 0.00617, 0.25159, -0.40499, 0.29105, 0.25675, -1.10464, 0.07522, -0.49264
35.36079, -0.01763, -0.03087, -0.49241, 0.65061, 0.71407, 0.18825, 0.34349, -0.77956
35.47742, -0.01368, -0.03083, 0.53852, -0.30414, -0.11376, -0.09460, -0.14600, -0.76581
35.59454, 0.00910, 0.23897, 0.69407, -0.55048, -0.35533, -0.96003, -0.00451, -0.33024
35.72887, 0.00044, 0.03504, -0.42993, 0.45240, 0.37951, 0.09350, 0.20094, -0.54761
35.87088, -0.01072, -0.14167, 0.33254, 0.04023, -0.00485, 0.87781, -0.22145, -0.76936
35.98839, 0.01061, 0.11227, 0.69709, -0.50905, -0.46000, -0.45144, -0.48390, -0.49687
36.09640, -0.00470, 0.17831, -0.45306, 0.30069, 0.30886, -1.09272, 0.05505, -0.27132
36.25180, -0.04617, -0.26815, -0.53051, 0.68218, 0.76366, 0.21521, 0.32929, -0.57636
36.38970, -0.01780, -0.19160, 0.55682, -0.11540, 0.11950, -0.06543, -0.12935, -0.60654
36.52601, 0.02758, 0.13169, 0.70010, -0.55812, -0.46111, -0.95124, 0.01755, -0.40874
36.69022, 0.03344, 0.06038, -0.45288, 0.36219, 0.21815, 0.16053, 0.40815, -0.38555
36.85566, 0.03175, -0.08308, 0.28446, -0.23881, 0.71297, 0.92659, -0.06791, -0.33402
36.99020, 0.04092, 0.02619, 0.64360, -0.62810, -0.20880, -0.39892, -0.34253, -0.30436
37.12415, 0.02971, 0.19485, -0.04605, -0.37709, -0.17773, -1.16605, 0.03005, -0.27328
37.30263, -0.01331, -0.15010, -0.56216, 0.17518, 0.51162, 0.24241, 0.38941, -0.56000
37.46100, 0.01348, -0.07782, 0.45148, -0.28298, 0.03317, -0.03041, -0.07990, -0.69744
37.60409, 0.02278, 0.07821, 0.68330, -0.53175, -0.45584, -0.94091, -0.00833, -0.44226
37.77249, -0.00279, -0.14749, -0.43151, 0.41644, 0.34882, 0.17876, 0.34983, -0.34422
37.94086, -0.01419, -0.35441, 0.35593, 0.11349, 0.33576, 0.91330, -0.17238, -0.23165
38.07140, 0.00703, 0.01058, 0.73406, -0.43306, -0.33405, -0.43874, -0.45174, -0.31695
38.19942, -0.00259, 0.22942, -0.43877, 0.31512, 0.11385, -1.12911, 0.02640, -0.44809
38.37537, -0.03823, -0.02093, -0.53453, 0.42366, 0.70111, 0.24618, 0.40671, -0.73509
38.51664, -0.01305, 0.02632, 0.52696, -0.33870, 0.01186, -0.05726, -0.14493, -0.89837
38.64835, 0.00633, 0.15245, 0.66335, -0.56586, -0.47833, -0.95119, -0.03248, -0.35347
38.80476, -0.01009, -0.15354, -0.44126, 0.42701, 0.35691, 0.16202, 0.30873, -0.43638
38.97092, -0.01302, -0.35824, 0.35494, 0.29379, 0.11345, 0.88690, -0.18730, -0.70089
39.10383, 0.02103, -0.01418, 0.75160, -0.38028, -0.44759, -0.47885, -0.52093, -0.51930
39.22957, 0.02743, 0.18563, -0.45425, 0.26141, 0.17432, -1.10966, 0.02556, -0.49222
39.41122, -0.00000, -0.09142, -0.53934, 0.59886, 0.72878, 0.25777, 0.46961, -0.67891
39.55867, 0.00296, -0.07913, 0.52612, -0.31915, -0.07623, -0.05407, -0.06832, -0.75426
39.70418, 0.01835, 0.20320, 0.69177, -0.53596, -0.45336, -0.98164, -0.01669, -0.40024
39.87010, 0.00351, 0.03796, -0.43937, 0.44989, 0.35234, 0.14115, 0.25146, -0.47904
40.03200, -0.00345, -0.17426, 0.33596, 0.05235, 0.02816, 0.91184, -0.24755, -0.79359
40.16879, 0.02006, 0.04804, 0.71751, -0.47431, -0.44175, -0.47686, -0.51310, -0.57235
40.29544, 0.00920, 0.11175, -0.44477, 0.29837, 0.29717, -1.10144, 0.05827, -0.42516
40.47721, -0.02941, -0.27312, -0.53292, 0.66021, 0.75159, 0.26721, 0.46734, -0.57970
40.62875, -0.00552, -0.17631, 0.56079, -0.17151, 0.11784, -0.05727, -0.07752, -0.70691
40.77644, 0.02339, 0.11096, 0.69300, -0.57858, -0.49029, -0.97339, -0.00786, -0.54270
40.95189, 0.01468, -0.03295, -0.45474, 0.39904, 0.31433, 0.18575, 0.36934, -0.39409
41.12831, 0.00180, -0.28854, 0.29654, -0.08946, 0.70520, 0.90132, -0.13043, -0.26523
41.27378, 0.01220, -0.07945, 0.75216, -0.45223, -0.07124, -0.44376, -0.41438, -0.32989
41.41427, 0.00211, 0.12698, -0.36481, 0.41192, 0.09818, -1.15231, 0.00659, -0.29293
41.60327, -0.02947, -0.15206, -0.56327, 0.64463, 0.62699, 0.24911, 0.38681, -0.54844
41.75187, -0.00752, -0.09557, 0.56079, -0.26698, 0.06163, -0.04303, -0.12551, -0.83858
41.89057, 0.01369, 0.13941, 0.71610, -0.55856, -0.49068, -0.96854, -0.05158, -0.58829
42.05438, 0.00062, -0.00878, -0.45176, 0.41959, 0.30688, 0.19324, 0.36848, -0.44650
42.21712, -0.00876, -0.30516, 0.29672, -0.12697, 0.70683, 0.87659, -0.11537, -0.21550
42.34954, 0.00810, -0.08118, 0.75402, -0.46078, -0.06535, -0.43986, -0.39783, -0.32882
42.47770, 0.00061, 0.11812, -0.40233, 0.39724, 0.09094, -1.13924, 0.01682, -0.49437
42.65607, -0.03129, -0.16304, -0.53190, 0.65199, 0.62577, 0.23872, 0.39545, -0.72980
42.80528, -0.02072, -0.05783, 0.56260, -0.25539, 0.04429, -0.09415, -0.12340, -0.78534
42.94589, -0.00893, 0.19998, 0.70766, -0.57062, -0.47984, -0.97268, -0.03354, -0.21400
43.10163, -0.02578, -0.02604, -0.44597, 0.38364, 0.33378, 0.12296, 0.18548, -0.59092
43.26082, -0.03179, -0.18798, 0.34832, 0.11895, 0.11994, 0.89563, -0.22715, -0.74814
43.38920, -0.00606, 0.12203, 0.73977, -0.43969, -0.47526, -0.46071, -0.48694, -0.43200
43.50992, -0.01048, 0.29973, -0.44223, 0.33738, 0.16920, -1.09597, 0.05837, -0.40820
43.67197, -0.04156, -0.01344, -0.53080, 0.40756, 0.76096, 0.22247, 0.32642, -0.85911
43.81161, -0.01644, 0.04235, 0.52151, -0.33932, 0.02095, -0.08896, -0.15914, -0.68991
43.94465, 0.00583, 0.20242, 0.66370, -0.55741, -0.45239, -0.93529, 0.00897, -0.19777
44.10037, -0.00940, -0.04676, -0.44104, 0.41473, 0.35809, 0.17081, 0.31063, -0.48959
44.25469, -0.02088, -0.34949, 0.32355, 0.18526, 0.27587, 0.86436, -0.20035, -0.75836
44.38112, 0.00587, -0.06134, 0.79380, -0.33394, -0.28288, -0.50682, -0.54862, -0.55274
44.49653, 0.01600, 0.17684, -0.40048, 0.36351, 0.18918, -1.11635, -0.00022, -0.40354
44.66674, -0.00387, -0.04935, -0.53234, 0.57325, 0.69931, 0.25631, 0.45324, -0.57808
44.80269, 0.01085, -0.06768, 0.51103, -0.32572, -0.10765, -0.02118, -0.06163, -0.73675
44.93285, 0.02842, 0.14555, 0.71089, -0.53364, -0.46783, -0.96056, -0.00872, -0.47812
45.08818, 0.01139, -0.01649, -0.42918, 0.44727, 0.36340, 0.17334, 0.35666, -0.40891
45.24503, -0.00984, -0.29789, 0.29129, -0.01202, 0.68394, 0.91454, -0.15863, -0.25689
45.37401, -0.00133, -0.07876, 0.75735, -0.40502, -0.08067, -0.44980, -0.42415, -0.33717
45.49906, -0.00542, 0.18669, -0.37470, 0.38676, 0.12450, -1.15753, 0.00427, -0.30719
45.66683, -0.03117, -0.10473, -0.56264, 0.60160, 0.62673, 0.18042, 0.26963, -0.67600
45.80943, -0.01541, -0.03719, 0.54764, -0.27563, 0.02635, -0.07970, -0.15000, -0.78622
45.94022, 0.00374, 0.19834, 0.70806, -0.54496, -0.49234, -0.95329, -0.01068, -0.17978
46.09125, -0.00883, 0.01200, -0.43875, 0.42607, 0.33559, 0.12820, 0.25162, -0.58605
46.24568, -0.02396, -0.11567, 0.32955, 0.00777, 0.02985, 0.89728, -0.14756, -0.80814
46.37675, -0.00356, 0.19927, 0.69372, -0.50116, -0.44794, -0.45235, -0.46618, -0.48587
46.50083, -0.01819, 0.33426, -0.44926, 0.33537, 0.30459, -1.10116, 0.04320, -0.37672
46.66021, -0.05423, -0.01038, -0.53440, 0.45040, 0.76854, 0.23736, 0.26357, -0.81200
46.79532, -0.02198, 0.03195, 0.51893, -0.29556, 0.01277, -0.08763, -0.19098, -0.88006
46.92489, 0.01297, 0.19051, 0.67234, -0.55898, -0.45584, -0.95419, 0.02865, -0.43190
47.07832, 0.00988, -0.08030, -0.43771, 0.43619, 0.31158, 0.15489, 0.33805, -0.39964
47.23841, 0.00081, -0.40492, 0.32936, 0.29017, 0.13458, 0.91288, -0.19284, -0.62827
47.36414, 0.02930, -0.12570, 0.78443, -0.31473, -0.35029, -0.48897, -0.51917, -0.47218
47.48041, 0.03520, 0.07238, -0.43661, 0.32141, 0.20552, -1.13101, 0.00586, -0.28338
47.65628, 0.01221, -0.21839, -0.53961, 0.65203, 0.70868, 0.25068, 0.46141, -0.47680
47.80042, 0.01994, -0.12636, 0.53772, -0.22310, -0.02664, -0.04216, -0.03659, -0.68012
47.93936, 0.02910, 0.15304, 0.67316, -0.57035, -0.45975, -0.96330, 0.00180, -0.52589
48.10540, 0.00099, 0.00777, -0.44800, 0.40243, 0.34946, 0.18152, 0.35029, -0.31293
48.26273, -0.00586, -0.30926, 0.28876, -0.11117, 0.68443, 0.85346, -0.19030, -0.25218
48.39413, 0.01349, -0.11455, 0.75532, -0.44074, -0.05977, -0.45907, -0.46650, -0.35096
48.51764, 0.01170, 0.04573, -0.36869, 0.41784, 0.10539, -1.12360, 0.00358, -0.30634
48.69290, -0.01317, -0.26229, -0.56520, 0.67441, 0.62913, 0.22039, 0.42602, -0.49589
48.84351, 0.00604, -0.14559, 0.53796, -0.20651, 0.03671, -0.07327, -0.08289, -0.65628
48.98785, 0.02466, 0.11419, 0.69064, -0.55792, -0.44468, -0.95691, -0.03118, -0.36602
49.15969, 0.00723, -0.02676, -0.44734, 0.42290, 0.34136, 0.19065, 0.36790, -0.34160
49.32763, -0.00505, -0.26398, 0.29527, -0.18034, 0.72886, 0.84896, -0.13730, -0.24157
49.46950, 0.00596, -0.03336, 0.74455, -0.48845, -0.07196, -0.46671, -0.44349, -0.32921
49.60678, -0.00577, 0.15256, -0.39197, 0.44071, 0.07330, -1.13085, 0.01123, -0.48719
49.79087, -0.04011, -0.11483, -0.54137, 0.60189, 0.62275, 0.25564, 0.40359, -0.75151
49.94155, -0.02015, -0.02622, 0.54598, -0.27073, 0.02851, -0.07768, -0.13735, -0.85135
50.08378, 0.00077, 0.19001, 0.71238, -0.55146, -0.48111, -0.98613, -0.03980, -0.14373
50.25062, -0.00929, 0.01118, -0.43725, 0.44520, 0.33844, 0.16135, 0.30859, -0.51896
50.41143, -0.00993, -0.17040, 0.34027, 0.04155, 0.01707, 0.85360, -0.19162, -0.91740
50.54699, 0.01659, 0.06326, 0.70574, -0.48542, -0.46574, -0.48618, -0.54755, -0.61864
50.67208, 0.00905, 0.10699, -0.43967, 0.29303, 0.20239, -1.08448, 0.02024, -0.37423
50.85281, -0.02738, -0.30394, -0.53144, 0.67710, 0.73630, 0.27152, 0.47744, -0.53201
51.00428, -0.00255, -0.22583, 0.56229, -0.09460, 0.08972, -0.04765, -0.06156, -0.66851
51.15169, 0.03043, 0.07890, 0.70401, -0.54557, -0.50678, -0.97814, -0.00522, -0.51910
51.32730, 0.02952, -0.02866, -0.45528, 0.38690, 0.32001, 0.16854, 0.36762, -0.37145
51.50647, 0.01870, -0.23815, 0.28507, -0.06546, 0.58391, 0.91658, -0.08965, -0.33665
51.65361, 0.02936, -0.04050, 0.70380, -0.46305, -0.19449, -0.42232, -0.37245, -0.30157
51.79962, 0.01826, 0.17628, -0.39109, 0.37988, 0.12501, -1.15075, 0.02685, -0.38930
51.99169, -0.01396, -0.05897, -0.55452, 0.41672, 0.67591, 0.23544, 0.36551, -0.63170
52.15140, 0.00270, 0.00504, 0.52321, -0.36674, 0.02787, -0.06210, -0.13672, -0.79305
52.29805, 0.01179, 0.15105, 0.59594, -0.55946, -0.45586, -0.95667, -0.02374, -0.27400
52.47050, -0.01178, -0.12179, -0.45395, 0.45392, 0.25804, 0.17028, 0.29784, -0.46862
52.63852, -0.01173, -0.23533, 0.38574, 0.13183, 0.02602, 0.87409, -0.21733, -0.73993
52.77388, 0.01382, 0.08176, 0.71076, -0.48539, -0.44611, -0.47469, -0.53819, -0.47245
52.90231, 0.00640, 0.20451, -0.45928, 0.32129, 0.28573, -1.09654, 0.03695, -0.38618
53.08302, -0.02958, -0.10905, -0.51575, 0.59766, 0.75151, 0.27689, 0.46301, -0.65222
53.22805, -0.00477, -0.07131, 0.54191, -0.25840, -0.02254, -0.02368, -0.09906, -0.84740
53.37417, 0.03415, 0.20008, 0.68487, -0.55277, -0.45901, -0.97329, -0.01160, -0.61964
53.54598, 0.03578, 0.07719, -0.43691, 0.36110, 0.35081, 0.18123, 0.38481, -0.41983
53.72031, 0.03110, -0.15287, 0.28083, 0.01642, 0.72568, 0.85517, -0.08375, -0.22099
53.86290, 0.03579, -0.05948, 0.65744, -0.53337, -0.20134, -0.43085, -0.37411, -0.31691
54.00999, 0.03980, 0.21346, 0.13662, -0.39646, -0.24272, -1.16326, -0.01289, -0.33591
54.19553, 0.00628, -0.06633, -0.57646, 0.41432, 0.43670, 0.23499, 0.38466, -0.54654
54.35727, 0.01122, -0.09942, 0.43468, -0.18237, 0.00289, 0.05077, -0.08732, -0.74664
54.51030, 0.01797, 0.08613, 0.70871, -0.55582, -0.49656, -0.90190, -0.07755, -0.55884
54.68555, -0.00710, -0.09940, -0.42915, 0.39940, 0.33563, 0.15775, 0.28754, -0.28562
54.85521, -0.01555, -0.46786, 0.31277, 0.15972, 0.57612, 0.91954, -0.17709, -0.26658
54.98731, 0.01448, -0.18210, 0.78216, -0.31703, -0.10416, -0.45279, -0.42062, -0.33869
55.11309, 0.02483, 0.08801, -0.40375, 0.30312, 0.12953, -1.14843, 0.02107, -0.32718
55.29597, 0.00671, -0.15780, -0.53203, 0.60903, 0.62596, 0.23419, 0.42171, -0.53570
55.44699, 0.01457, -0.07442, 0.54783, -0.27516, -0.05455, -0.06459, -0.07523, -0.72130
55.58876, 0.01831, 0.16467, 0.68884, -0.57957, -0.46884, -0.96146, 0.00453, -0.55924
55.75665, -0.01533, 0.00501, -0.44571, 0.40201, 0.34431, 0.19756, 0.38072, -0.47284
55.91121, -0.02113, -0.27955, 0.32384, -0.16533, 0.67556, 0.86620, -0.18157, -0.19866
56.03819, 0.00089, -0.02783, 0.74861, -0.48148, -0.11145, -0.46189, -0.45401, -0.32684
56.15946, -0.00329, 0.14509, -0.41265, 0.40087, 0.07362, -1.13006, 0.01809, -0.46699
56.33136, -0.03369, -0.15623, -0.53369, 0.65988, 0.63327, 0.24681, 0.41344, -0.69633
56.47255, -0.01820, -0.07878, 0.56214, -0.24540, 0.04699, -0.08605, -0.12737, -0.70632
56.60572, -0.00126, 0.17058, 0.70909, -0.56774, -0.47406, -0.97312, -0.04616, -0.17162
56.76138, -0.01729, -0.02878, -0.44732, 0.42000, 0.32780, 0.16571, 0.27990, -0.49103
56.91452, -0.01580, -0.23573, 0.34644, 0.14204, 0.09806, 0.89053, -0.22423, -0.85270
57.04330, 0.02241, 0.04343, 0.74058, -0.42323, -0.44862, -0.48878, -0.53256, -0.61768
57.16219, 0.03363, 0.19457, -0.44293, 0.34142, 0.17951, -1.10205, 0.03415, -0.44340
57.33707, 0.01087, -0.10707, -0.53328, 0.67795, 0.73204, 0.25689, 0.47934, -0.57610
57.47770, 0.01798, -0.09631, 0.52248, -0.31244, -0.09081, -0.04381, -0.05384, -0.62435
57.61311, 0.02995, 0.16726, 0.70909, -0.55400, -0.46744, -0.97393, -0.00973, -0.33632
57.77080, 0.00997, -0.01070, -0.43601, 0.45054, 0.36381, 0.13149, 0.26226, -0.48040
57.93043, -0.00761, -0.17340, 0.33737, 0.04499, 0.02013, 0.86968, -0.21709, -0.72492
58.06616, 0.00815, 0.10854, 0.70381, -0.49598, -0.46539, -0.45960, -0.50823, -0.50277
58.19268, -0.01141, 0.19095, -0.45748, 0.33502, 0.30543, -1.09607, 0.03883, -0.29990
58.36188, -0.05334, -0.23506, -0.53350, 0.64271, 0.77052, 0.23302, 0.32494, -0.65747
58.49602, -0.03437, -0.12660, 0.61180, -0.14255, 0.06560, -0.07331, -0.15382, -0.82585
58.61642, -0.00790, 0.19306, 0.72486, -0.52620, -0.49524, -0.98459, -0.05454, -0.15343
58.75854, -0.01325, 0.02889, -0.45190, 0.41721, 0.32961, 0.09271, 0.20658, -0.61694
58.90892, -0.02381, -0.14871, 0.33061, 0.05869, 0.03017, 0.90392, -0.20965, -0.72683
59.03367, 0.00313, 0.14333, 0.69425, -0.47543, -0.45107, -0.44604, -0.47026, -0.31073
59.15171, -0.00622, 0.27640, -0.45980, 0.31902, 0.26034, -1.08795, 0.07076, -0.35236
59.31273, -0.04253, -0.06375, -0.53382, 0.43759, 0.74272, 0.21858, 0.33296, -0.82863
59.45761, -0.01758, 0.03503, 0.50885, -0.30557, 0.02301, -0.08489, -0.13580, -0.85995
59.59804, 0.01229, 0.24428, 0.66277, -0.54211, -0.46308, -0.95367, 0.00797, -0.21797
59.76214, 0.00378, 0.03312, -0.43955, 0.44127, 0.34074, 0.16854, 0.32299, -0.50325
59.92393, 0.00017, -0.15353, 0.35188, 0.01016, 0.00641, 0.89714, -0.18904, -0.82319
60.05866, 0.02125, 0.06020, 0.71043, -0.50563, -0.47181, -0.48108, -0.51385, -0.57783
60.18379, 0.00793, 0.10067, -0.45311, 0.27037, 0.31039, -1.10784, 0.03253, -0.27780
60.36534, -0.03181, -0.31793, -0.53113, 0.65580, 0.75458, 0.27385, 0.46298, -0.47374
60.51637, -0.00089, -0.22767, 0.56869, -0.11600, 0.08990, -0.00612, -0.08016, -0.70194
60.66346, 0.04012, 0.09542, 0.69946, -0.55996, -0.50410, -0.95565, -0.04377, -0.61203
60.81915, 0.05119, 0.09260, -0.48381, 0.35791, 0.30940, -0.63104, 0.41077, -0.52500
61.01492, 0.02358, -0.09274, -0.45146, 0.59301, 0.76158, 0.53247, 0.45926, -0.58482
61.17065, 0.03006, 0.02876, 0.50427, -0.41840, -0.17457, -0.03919, -0.02892, -0.48831
61.32452, 0.01305, 0.22923, 0.68052, -0.58144, -0.47164, -1.02481, 0.01358, -0.25815
61.49674, -0.02616, -0.00733, -0.40948, 0.46900, 0.38296, 0.14840, 0.17776, -0.40784
61.64854, -0.02745, -0.27964, 0.37703, 0.21117, 0.12707, 0.85423, -0.32517, -0.75925
61.77532, 0.01209, 0.01624, 0.77428, -0.37469, -0.42609, -0.51234, -0.56165, -0.61504
61.88933, 0.02932, 0.20814, -0.45008, 0.32751, 0.16433, -1.09685, 0.04392, -0.47141
62.06111, 0.01020, -0.06461, -0.53427, 0.66620, 0.71050, 0.26413, 0.49208, -0.57529
62.19800, 0.01947, -0.08373, 0.50787, -0.33947, -0.13098, -0.02726, -0.04852, -0.67727
62.33147, 0.02801, 0.14954, 0.70522, -0.55654, -0.46686, -0.96701, -0.13355, -0.38363
62.48637, 0.00619, -0.00790, -0.43435, 0.42595, 0.34355, 0.12100, 0.26983, -0.33337
62.64127, -0.01359, -0.33170, 0.30103, -0.15010, 0.66669, 0.87701, -0.15483, -0.18696
62.76417, 0.00153, -0.06546, 0.75628, -0.45103, -0.06588, -0.41609, -0.37063, -0.32421
62.88049, -0.00852, 0.16148, -0.39972, 0.40971, 0.06635, -1.13809, 0.03691, -0.28629
63.04225, -0.04036, -0.16118, -0.48776, 0.59155, 0.61551, 0.17928, 0.27025, -0.64080
63.18352, -0.02376, -0.07005, 0.56620, -0.26186, 0.11680, -0.08889, -0.14891, -0.69971
63.31669, -0.00196, 0.17873, 0.67509, -0.57741, -0.44120, -0.93851, 0.01494, -0.25662
63.47319, -0.01614, -0.00817, -0.45413, 0.42365, 0.31566, 0.17743, 0.30936, -0.51939
63.62246, -0.02006, -0.27088, 0.31999, 0.18627, 0.14382, 0.84435, -0.21482, -0.83785
63.74509, 0.00769, -0.01552, 0.77586, -0.37005, -0.38342, -0.51288, -0.56526, -0.58651
63.85460, 0.01202, 0.12876, -0.42811, 0.32666, 0.18655, -1.10450, 0.00306, -0.32485
64.02178, -0.01417, -0.20881, -0.53031, 0.66693, 0.71321, 0.26598, 0.47049, -0.47660
64.15852, 0.01133, -0.17426, 0.53071, -0.21816, 0.05758, -0.02154, -0.06542, -0.64998
64.29767, 0.05256, 0.11372, 0.67492, -0.55774, -0.45066, -0.96067, -0.00554, -0.52567
64.44239, 0.06427, 0.11439, -0.47804, 0.37648, 0.30279, -0.78004, 0.43175, -0.40155
64.62530, 0.04146, -0.07227, -0.53207, 0.63017, 0.74523, 0.27835, 0.45648, -0.50503
64.77288, 0.04103, 0.06458, 0.47505, -0.42485, -0.21872, -0.10853, -0.08354, -0.48255
64.91470, 0.01262, 0.15323, 0.65588, -0.63075, -0.43722, -0.95284, 0.00100, -0.25509
65.07557, -0.03644, -0.14441, -0.38085, 0.47064, 0.37442, 0.16420, 0.21859, -0.38555
65.21843, -0.04543, -0.34548, 0.42725, 0.33341, 0.14519, 0.89197, -0.32718, -0.69533
65.32807, -0.01401, 0.04413, 0.77823, -0.34822, -0.42914, -0.49050, -0.57549, -0.57168
65.42907, -0.00077, 0.34415, -0.44539, 0.32357, 0.19684, -1.10874, 0.03669, -0.51885
65.57571, -0.01826, 0.10913, -0.51614, 0.51926, 0.74430, 0.19732, 0.32730, -0.85497
65.69191, -0.00503, 0.05981, 0.52651, -0.37497, -0.12287, -0.07911, -0.16284, -0.87694
65.79533, 0.00597, 0.16063, 0.69745, -0.54620, -0.44565, -0.95502, -0.00794, -0.15500
65.92408, -0.01951, -0.12371, -0.43213, 0.44908, 0.35898, 0.16262, 0.34072, -0.49166
66.06703, -0.02396, -0.28309, 0.34392, 0.25358, 0.10144, 0.86620, -0.19869, -0.79367
66.18465, 0.01052, 0.05569, 0.74146, -0.41200, -0.48143, -0.48193, -0.53978, -0.53502
66.29412, 0.01642, 0.22923, -0.43839, 0.28773, 0.17035, -1.09675, 0.03254, -0.44181
66.45800, -0.01294, -0.06072, -0.53345, 0.64569, 0.74328, 0.26724, 0.46156, -0.64774
66.58684, -0.00178, -0.06839, 0.52885, -0.30663, -0.08873, -0.04923, -0.08630, -0.78293
66.71651, 0.02269, 0.19973, 0.70570, -0.54663, -0.43661, -0.98137, -0.01512, -0.55930
66.87101, 0.01130, 0.08659, -0.43712, 0.43557, 0.35487, 0.18675, 0.37969, -0.46688
67.02509, 0.00175, -0.16188, 0.27362, -0.01277, 0.73141, 0.87596, -0.15119, -0.22726
67.15320, 0.00973, -0.01855, 0.72841, -0.46789, -0.13210, -0.43150, -0.42082, -0.32839
67.27584, -0.00320, 0.13523, -0.37770, 0.42886, 0.10581, -1.14164, 0.01144, -0.25569
67.44762, -0.03854, -0.18410, -0.56015, 0.66153, 0.65389, 0.24733, 0.38984, -0.53971
67.58857, -0.00901, -0.11036, 0.55131, -0.21423, 0.06574, -0.05275, -0.12693, -0.71989
67.72386, 0.02280, 0.12419, 0.67806, -0.57283, -0.46434, -0.96066, -0.02003, -0.48713
67.88556, 0.01672, -0.04971, -0.46171, 0.41173, 0.32874, 0.13943, 0.39028, -0.42880
68.05226, -0.00131, -0.29326, 0.29527, -0.05409, 0.64809, 0.89977, -0.12353, -0.34064
68.18725, 0.00597, -0.06735, 0.76141, -0.43568, -0.10960, -0.43644, -0.43438, -0.31575
68.31677, -0.00244, 0.18647, -0.37993, 0.40853, 0.08725, -1.15450, -0.00078, -0.29911
68.48826, -0.03110, -0.09764, -0.55236, 0.52204, 0.63128, 0.17982, 0.26479, -0.69175
68.63879, -0.01362, -0.01166, 0.52267, -0.28656, 0.02877, -0.08248, -0.14481, -0.81437
68.77826, 0.00338, 0.16902, 0.66560, -0.57083, -0.46144, -0.94054, 0.01199, -0.16857
68.94217, -0.01681, -0.06415, -0.44548, 0.38299, 0.33265, 0.18623, 0.33288, -0.50713
69.10127, -0.01986, -0.26121, 0.34604, 0.20028, 0.08172, 0.84268, -0.19000, -0.85603
69.23255, 0.00812, 0.03752, 0.76505, -0.37890, -0.45281, -0.51161, -0.56345, -0.59164
69.35332, 0.01284, 0.21145, -0.44204, 0.33582, 0.19755, -1.09992, 0.00521, -0.42883
69.52866, -0.01474, -0.08088, -0.53167, 0.64442, 0.73937, 0.27341, 0.46913, -0.60693
69.66847, 0.00372, -0.07708, 0.55454, -0.27240, -0.04859, 0.00847, -0.08951, -0.79343
69.80083, 0.01949, 0.12703, 0.69632, -0.56819, -0.48022, -0.94646, -0.08538, -0.57726
69.95727, 0.00167, -0.06733, -0.45027, 0.41781, 0.35158, 0.16576, 0.30471, -0.37547
70.11669, -0.01416, -0.37683, 0.32497, 0.09529, 0.45798, 0.90321, -0.20317, -0.21853
70.24178, 0.00517, -0.07233, 0.77521, -0.38465, -0.19941, -0.44307, -0.46000, -0.33160
70.36002, 0.00028, 0.15365, -0.42295, 0.35898, 0.12985, -1.14269, 0.01070, -0.30001
70.53143, -0.03060, -0.13134, -0.53675, 0.65372, 0.65811, 0.25333, 0.39952, -0.53561
70.66718, -0.00229, -0.09793, 0.53328, -0.24372, 0.00044, -0.04987, -0.11997, -0.82413
70.80506, 0.03997, 0.17334, 0.66952, -0.56627, -0.47056, -0.96552, -0.09829, -0.63377
70.94747, 0.05426, 0.14403, -0.47722, 0.35311, 0.32162, -0.66842, 0.38499, -0.46205
71.12963, 0.02763, -0.06492, -0.52678, 0.64721, 0.75438, 0.51160, 0.40682, -0.52354
71.27430, 0.03695, 0.04733, 0.48088, -0.41575, -0.21870, -0.04064, -0.04837, -0.46818
71.41551, 0.01372, 0.17325, 0.66610, -0.62644, -0.43535, -1.00239, -0.02763, -0.31140
71.57638, -0.03066, -0.11125, -0.40145, 0.49841, 0.36887, 0.13454, 0.14586, -0.37536
71.72805, -0.03921, -0.31230, 0.40306, 0.29229, 0.13084, 0.78078, -0.31702, -0.65235
71.85136, -0.00976, 0.05522, 0.76423, -0.38537, -0.44942, -0.47433, -0.55558, -0.54937
71.96297, -0.00359, 0.27817, -0.45142, 0.26873, 0.08870, -1.08121, 0.04820, -0.42090
72.12036, -0.02823, -0.05446, -0.53793, 0.62029, 0.64478, 0.22884, 0.33998, -0.74072
72.24549, -0.00606, -0.06332, 0.54854, -0.26168, 0.00375, -0.06353, -0.15029, -0.80973
72.36440, 0.02273, 0.12321, 0.68298, -0.56617, -0.49075, -0.95766, -0.00392, -0.36132
72.51261, 0.01177, -0.08486, -0.45673, 0.41863, 0.32548, 0.19852, 0.41053, -0.30414
72.66339, -0.00527, -0.36623, 0.28570, 0.09933, 0.62856, 0.85383, -0.09583, -0.21394
72.78419, 0.00411, -0.11939, 0.77152, -0.36300, -0.09234, -0.47084, -0.44378, -0.33150
72.90224, 0.00380, 0.14868, -0.36319, 0.41275, 0.09878, -1.13725, -0.03332, -0.25280
73.06806, -0.01710, -0.02857, -0.56377, 0.28975, 0.62842, 0.24022, 0.39754, -0.59484
73.21244, 0.01847, 0.04967, 0.46090, -0.39417, -0.02996, -0.04760, -0.08551, -0.88029
73.35079, 0.05034, 0.21410, 0.59848, -0.52651, -0.43740, -0.93662, 0.00721, -0.64606
73.50585, 0.04769, 0.04042, -0.45990, 0.43433, 0.33627, -0.16124, 0.39983, -0.45913
73.68029, 0.01867, -0.11089, 0.21742, 0.00152, 0.70303, 0.85221, 0.05385, -0.41762
73.81636, 0.01285, 0.04272, 0.66707, -0.51653, -0.20068, -0.17574, -0.28479, -0.27303
73.94648, -0.01006, 0.33723, -0.33526, 0.13930, 0.11166, -1.11492, 0.03757, -0.38566
74.10607, -0.05313, 0.12423, -0.54623, -0.18967, 0.68807, 0.14332, 0.18111, -0.88626
74.25326, -0.02200, 0.30041, 0.44771, -0.52968, -0.01147, -0.10520, -0.22864, -0.83858
74.37899, -0.01413, 0.35197, 0.66846, -0.48466, -0.41717, -0.89879, 0.05665, -0.12664
74.50501, -0.03251, -0.01332, -0.41230, 0.48152, 0.39568, 0.15314, 0.19523, -0.59907
74.64031, -0.04071, -0.30444, 0.34748, 0.35465, 0.06077, 0.86091, -0.19066, -0.72776
74.75076, -0.00259, 0.02584, 0.75959, -0.33493, -0.43228, -0.48238, -0.48293, -0.44831
74.85417, 0.00965, 0.24641, -0.44147, 0.28613, 0.17488, -1.09850, 0.04459, -0.42588
75.00778, -0.01219, -0.03854, -0.52775, 0.57915, 0.71344, 0.23677, 0.38942, -0.75589
75.12923, -0.00634, -0.02370, 0.51465, -0.32283, -0.11361, -0.03730, -0.07141, -0.76703
75.24831, 0.01115, 0.24211, 0.69260, -0.54609, -0.45984, -0.95881, 0.00045, -0.28886
75.38849, -0.00465, 0.07502, -0.43392, 0.45220, 0.36398, 0.13998, 0.25809, -0.48557
75.52467, -0.01567, -0.17190, 0.31366, -0.03287, 0.04527, 0.89079, -0.25147, -0.81368
75.64057, 0.01107, 0.07218, 0.73974, -0.45755, -0.42349, -0.48909, -0.51940, -0.56195
75.74441, 0.00678, 0.17503, -0.44798, 0.36743, 0.21153, -1.10086, 0.05571, -0.40774
75.90312, -0.02800, -0.16996, -0.53438, 0.68539, 0.73954, 0.26876, 0.46419, -0.59410
76.03428, -0.00196, -0.12027, 0.52615, -0.22953, 0.02638, -0.03578, -0.10546, -0.69942
76.17413, 0.04829, 0.19686, 0.68513, -0.56741, -0.49258, -0.96649, -0.03997, -0.44493
76.32055, 0.06910, 0.22573, -0.47323, 0.38260, 0.29360, -0.74437, 0.43813, -0.37949
76.50253, 0.05065, 0.05721, -0.45977, 0.47069, 0.75923, 0.45554, 0.34517, -0.63893
76.65332, 0.05861, 0.17982, 0.47442, -0.44892, -0.18600, -0.03255, -0.08010, -0.53979
76.79299, 0.02908, 0.22005, 0.58091, -0.64057, -0.49353, -0.96413, 0.03050, -0.23427
76.95745, -0.03216, -0.16783, -0.38677, 0.47723, 0.42004, 0.16483, 0.21655, -0.36506
77.09900, -0.03739, -0.29186, 0.44448, 0.16344, 0.20359, 0.44175, -0.28680, -0.60355
77.22124, -0.01612, 0.11652, 0.76041, -0.42714, -0.44907, -0.66064, -0.63426, -0.45861
77.33131, -0.01184, 0.32861, -0.46536, 0.30376, 0.14578, -1.01386, 0.00501, -0.43717
77.47773, -0.03797, -0.02142, -0.53477, 0.62046, 0.72875, 0.22832, 0.29591, -0.91177
77.60096, -0.02564, 0.02314, 0.54802, -0.27188, -0.02467, -0.07792, -0.08365, -0.85388
77.71828, -0.00864, 0.24768, 0.68515, -0.57678, -0.43640, -0.94360, 0.04276, -0.18622
77.85376, -0.02687, 0.00559, -0.44767, 0.43306, 0.34242, 0.13581, 0.22347, -0.62648
77.99729, -0.02949, -0.14858, 0.34199, 0.09217, 0.05880, 0.88047, -0.23293, -0.83702
78.12159, 0.00559, 0.12556, 0.69433, -0.50672, -0.44472, -0.45738, -0.50119, -0.49199
78.23619, 0.00455, 0.20770, -0.45644, 0.24787, 0.28765, -1.08857, 0.05877, -0.27296
78.40196, -0.02825, -0.21467, -0.53307, 0.66351, 0.75009, 0.22186, 0.37827, -0.65464
78.54346, -0.01244, -0.14388, 0.56599, -0.16072, 0.03618, -0.06283, -0.08729, -0.77539
78.67567, 0.00912, 0.13294, 0.70304, -0.56018, -0.48130, -0.96544, -0.02433, -0.25988
78.83342, -0.00472, -0.04572, -0.44047, 0.40961, 0.33396, 0.14858, 0.28421, -0.49939
78.99319, -0.01557, -0.22203, 0.34037, 0.15852, 0.06036, 0.86469, -0.21625, -0.80216
79.12506, 0.00471, 0.07335, 0.74559, -0.41637, -0.48305, -0.47584, -0.54737, -0.56429
79.24637, -0.00230, 0.22277, -0.45227, 0.32634, 0.18613, -1.09956, 0.02123, -0.40753
79.41379, -0.03761, -0.16242, -0.53677, 0.66803, 0.74937, 0.22118, 0.34685, -0.73189
79.55191, -0.02366, -0.11852, 0.57368, -0.17043, 0.03657, -0.07692, -0.13117, -0.69608
79.68155, -0.00215, 0.17933, 0.72191, -0.53973, -0.47561, -0.94924, -0.06797, -0.25024
79.83189, -0.01308, 0.04386, -0.45372, 0.37745, 0.33758, 0.15774, 0.24658, -0.55293
79.98078, -0.01339, -0.12060, 0.33222, 0.00858, 0.04163, 0.89421, -0.24849, -0.87943
80.10630, 0.01287, 0.08769, 0.70675, -0.50239, -0.46239, -0.47305, -0.52034, -0.59275
80.22011, 0.00298, 0.11147, -0.45592, 0.34971, 0.30395, -1.09744, 0.05228, -0.24813
80.39105, -0.03440, -0.29436, -0.53343, 0.70914, 0.73793, 0.27216, 0.47582, -0.50298
80.53341, -0.00144, -0.17695, 0.52096, -0.13834, 0.07732, -0.03134, -0.08187, -0.74166
80.67525, 0.04060, 0.13007, 0.68114, -0.58200, -0.50131, -0.95996, -0.03337, -0.59616
80.83667, 0.04864, 0.04153, -0.46330, 0.38439, 0.31669, -0.14187, 0.38888, -0.46573
81.01884, 0.02909, -0.07670, 0.21205, -0.02522, 0.72473, 0.83862, 0.12398, -0.49341
81.16165, 0.02950, 0.05075, 0.62920, -0.54364, -0.22487, -0.16520, -0.22496, -0.30518
81.30688, 0.00092, 0.20242, 0.47141, -0.48807, -0.44989, -1.10396, 0.07303, -0.28443
81.47182, -0.04130, -0.10652, -0.41180, 0.46675, 0.41406, 0.10974, 0.14800, -0.45977
81.61957, -0.05046, -0.18921, 0.44659, 0.11462, 0.11760, 0.53782, -0.30074, -0.54680
81.74106, -0.03895, 0.20444, 0.74105, -0.45551, -0.48327, -0.58244, -0.58533, -0.32621
81.85367, -0.04959, 0.39418, -0.44968, 0.32029, 0.19305, -1.01029, 0.03721, -0.34240
81.98607, -0.07718, 0.07737, -0.52931, 0.09772, 0.77364, 0.22635, 0.21778, -1.03672
82.10910, -0.04623, 0.10550, 0.45359, -0.29815, 0.14787, -0.10265, -0.15288, -1.00807
82.21739, -0.02546, 0.18187, 0.71056, -0.42109, -0.49413, -0.95276, 0.03398, -0.15661
82.34694, -0.03185, -0.07641, -0.39187, 0.46754, 0.34927, 0.11245, 0.25156, -0.57942
82.48569, -0.03090, -0.20110, 0.35806, 0.15164, 0.09568, 0.84525, -0.21444, -0.83368
82.59566, -0.00041, 0.10996, 0.71128, -0.47165, -0.44756, -0.45689, -0.53115, -0.48679
82.69656, -0.00102, 0.24698, -0.45273, 0.25193, 0.20238, -1.08433, 0.04371, -0.35873
82.84655, -0.03472, -0.12953, -0.53421, 0.63852, 0.70035, 0.21366, 0.33808, -0.72622
82.97200, -0.02495, -0.07897, 0.56994, -0.21999, 0.00408, -0.08558, -0.13578, -0.78600
83.08779, -0.00738, 0.19742, 0.71578, -0.54355, -0.44682, -0.96727, -0.01743, -0.25204
83.22275, -0.02240, -0.00480, -0.44747, 0.42560, 0.34809, 0.10428, 0.21450, -0.62522
83.37006, -0.03123, -0.13868, 0.33211, 0.11600, 0.04207, 0.86279, -0.20572, -0.77748
83.49505, -0.00468, 0.15066, 0.69806, -0.49128, -0.45662, -0.44791, -0.48244, -0.35283
83.61281, -0.01355, 0.27058, -0.45092, 0.31074, 0.29379, -1.08342, 0.06685, -0.33122
83.77326, -0.04934, -0.07952, -0.53347, 0.47946, 0.76474, 0.22503, 0.33236, -0.82753
83.91552, -0.02297, 0.00919, 0.51729, -0.27158, 0.03547, -0.08727, -0.13945, -0.81864
84.05334, 0.00746, 0.21633, 0.67794, -0.56331, -0.43194, -0.95885, -0.00411, -0.17631
84.21571, -0.00004, 0.01146, -0.42397, 0.38809, 0.32632, 0.16891, 0.32521, -0.50881
84.37693, -0.00555, -0.19922, 0.33545, 0.05281, 0.05354, 0.89580, -0.18158, -0.84929
84.51176, 0.01870, 0.03838, 0.73184, -0.44899, -0.47882, -0.48381, -0.52682, -0.59174
84.63743, 0.01298, 0.13670, -0.42971, 0.33365, 0.19240, -1.10383, 0.02364, -0.42294
84.81723, -0.02159, -0.21910, -0.52994, 0.65232, 0.75268, 0.26480, 0.46375, -0.59274
84.96385, -0.00682, -0.14820, 0.56872, -0.18856, 0.04288, -0.05657, -0.08443, -0.74414
85.10277, 0.00983, 0.12731, 0.69904, -0.55298, -0.44851, -0.97285, -0.03268, -0.49069
85.26881, -0.01010, -0.01011, -0.45799, 0.40380, 0.33523, 0.19593, 0.37056, -0.41312
85.42730, -0.01500, -0.30507, 0.29357, -0.16309, 0.71890, 0.85266, -0.14746, -0.17154
85.55771, 0.00546, -0.08317, 0.75545, -0.44620, -0.02309, -0.45100, -0.42798, -0.32549
85.68171, 0.00337, 0.10302, -0.37675, 0.40559, 0.07625, -1.13632, 0.01157, -0.40200
85.85602, -0.02325, -0.19260, -0.56377, 0.65048, 0.60277, 0.23669, 0.40084, -0.60084
86.00369, -0.00404, -0.09656, 0.54317, -0.24563, 0.03711, -0.07994, -0.10738, -0.74057
86.14412, 0.01750, 0.15710, 0.71139, -0.56189, -0.48791, -0.97210, -0.01189, -0.28497
86.30871, 0.00661, -0.01903, -0.44273, 0.43427, 0.33345, 0.14835, 0.29667, -0.46242
86.47285, -0.00257, -0.20606, 0.33777, 0.06950, 0.05493, 0.84105, -0.20118, -0.77558
86.60997, 0.01605, 0.05911, 0.74371, -0.44515, -0.47602, -0.47681, -0.53987, -0.54229
86.73696, 0.01098, 0.21529, -0.42778, 0.29051, 0.21106, -1.10004, 0.00678, -0.37036
86.91101, -0.02316, -0.15895, -0.53142, 0.66298, 0.75534, 0.21646, 0.34943, -0.68004
87.05964, -0.00994, -0.10883, 0.53907, -0.20804, 0.03394, -0.06865, -0.09290, -0.74962
87.20975, 0.02311, 0.21403, 0.65902, -0.55770, -0.46857, -0.95501, 0.02540, -0.53216
87.38246, 0.02006, 0.07812, -0.45271, 0.40935, 0.31755, 0.14547, 0.28038, -0.53533
87.55309, 0.01645, -0.12175, 0.31511, -0.11846, -0.01914, 0.90339, -0.24058, -0.69107
87.69965, 0.03811, 0.07038, 0.70904, -0.52663, -0.45347, -0.46769, -0.48961, -0.47053
87.83624, 0.02335, 0.10842, -0.44706, 0.31519, 0.22331, -1.10078, 0.07180, -0.39067
88.02794, -0.01911, -0.28799, -0.52667, 0.60555, 0.74377, 0.26797, 0.47132, -0.58282
88.19350, 0.00209, -0.16365, 0.54514, -0.19415, 0.09565, -0.04868, -0.05078, -0.59443
88.35621, 0.02933, 0.15027, 0.68038, -0.57644, -0.48328, -0.96509, -0.00571, -0.36077
88.54804, 0.01730, 0.04105, -0.44130, 0.39142, 0.31661, 0.18436, 0.36521, -0.39505
88.73611, 0.00852, -0.14664, 0.29572, -0.24013, 0.73764, 0.85516, -0.10213, -0.25787
88.89671, 0.01421, 0.01820, 0.70732, -0.54842, -0.09991, -0.44448, -0.38516, -0.31520
89.05473, -0.00015, 0.20541, -0.35424, 0.39272, 0.12675, -1.13920, 0.02044, -0.39714
89.25635, -0.03641, -0.06009, -0.56178, 0.62061, 0.65320, 0.26858, 0.37211, -0.68921
89.41609, -0.01190, -0.02561, 0.53630, -0.29334, -0.02246, -0.03307, -0.13315, -0.92689
89.57118, 0.02102, 0.21609, 0.68288, -0.55957, -0.44993, -0.97013, -0.00911, -0.66725
89.75143, 0.01514, 0.07315, -0.44965, 0.41666, 0.34787, 0.19354, 0.39513, -0.47017
89.93138, 0.01138, -0.17039, 0.29486, -0.07407, 0.73517, 0.84807, -0.11766, -0.24453
90.08337, 0.01906, -0.06097, 0.69963, -0.51205, -0.15979, -0.45755, -0.41215, -0.32527
90.23524, 0.01709, 0.15112, -0.32003, 0.39790, 0.14183, -1.14773, 0.00955, -0.46684
90.43087, -0.00520, -0.05395, -0.54395, 0.45504, 0.68103, 0.22412, 0.39743, -0.71131
90.59874, 0.00757, 0.01451, 0.50197, -0.36929, -0.05162, -0.07415, -0.09488, -0.77155
90.76101, 0.02342, 0.24756, 0.66347, -0.53932, -0.45819, -0.94527, 0.00460, -0.41661
90.94215, 0.00701, 0.04977, -0.44069, 0.45235, 0.35689, 0.17360, 0.27588, -0.48639
91.11391, 0.00475, -0.18209, 0.32933, -0.05467, 0.00817, 0.89711, -0.22255, -0.77546
91.26247, 0.03539, 0.05224, 0.72632, -0.49011, -0.44441, -0.48937, -0.48119, -0.56240
91.40125, 0.03067, 0.12065, -0.44967, 0.35520, 0.28382, -1.10059, 0.07558, -0.41023
91.59551, -0.00214, -0.23284, -0.53466, 0.64106, 0.75173, 0.26280, 0.47436, -0.56337
91.76047, 0.01520, -0.13010, 0.52039, -0.25588, -0.00395, -0.04091, -0.04702, -0.66271
91.92989, 0.05530, 0.26084, 0.61338, -0.55304, -0.45226, -0.96984, -0.03274, -0.55694
92.12481, 0.05671, 0.24024, -0.44971, 0.39826, 0.29715, 0.10422, 0.34593, -0.46877
92.32154, 0.05366, 0.13666, 0.30103, -0.25953, 0.72894, 0.87435, -0.04392, -0.22990
92.49146, 0.06671, 0.28738, 0.63071, -0.64767, -0.23386, -0.34952, -0.26708, -0.30446
92.65009, 0.03791, 0.36606, -0.37231, -0.35724, -0.11468, -1.11728, 0.08322, -0.56224
92.85860, -0.02974, -0.19219, -0.56135, 0.38143, 0.53253, 0.30734, 0.33398, -0.52097
93.02246, 0.00132, -0.27965, 0.58817, -0.05905, 0.09010, 0.06767, -0.16987, -0.53589
93.17441, 0.03481, 0.04734, 0.74731, -0.47549, -0.45117, -0.92327, -0.52024, -0.35398
93.31665, 0.04995, 0.10531, -0.48863, 0.35829, 0.29053, -0.93204, 0.06291, -0.36613
93.51333, 0.03018, -0.16813, -0.53633, 0.66896, 0.73373, 0.37311, 0.56133, -0.56402
93.66907, 0.03866, -0.09480, 0.50488, -0.36586, -0.17234, 0.02272, 0.05124, -0.61183
93.82066, 0.03800, 0.16187, 0.69402, -0.58895, -0.45133, -0.96799, -0.03688, -0.22127
94.00055, 0.00150, 0.01588, -0.42510, 0.45495, 0.36480, 0.16188, 0.28882, -0.31794
94.16692, -0.01323, -0.25465, 0.30695, -0.24458, 0.73431, 0.85184, -0.19263, -0.19715
94.30699, 0.00001, -0.01648, 0.75064, -0.49785, -0.05860, -0.45887, -0.43281, -0.33444
94.43960, -0.01023, 0.17060, -0.40074, 0.45394, 0.08331, -1.13006, 0.02167, -0.35978
94.61969, -0.04263, -0.11420, -0.53278, 0.64728, 0.62607, 0.25766, 0.38460, -0.61335
94.75856, -0.01517, -0.06311, 0.56118, -0.25213, 0.02066, -0.05326, -0.14136, -0.81585
94.88886, 0.01321, 0.17621, 0.71480, -0.54685, -0.45034, -0.97486, -0.09594, -0.40077
95.04005, 0.01215, -0.01849, -0.43525, 0.42821, 0.34680, 0.12454, 0.23007, -0.39805
95.19817, 0.00084, -0.32617, 0.29463, 0.09891, 0.13960, 0.89328, -0.19946, -0.67883
95.32535, 0.02538, -0.07516, 0.75633, -0.38141, -0.36043, -0.47310, -0.48884, -0.52832
95.44111, 0.01989, 0.05035, -0.42876, 0.28398, 0.18029, -1.11668, 0.02378, -0.26378
95.61587, -0.01332, -0.29996, -0.53513, 0.58641, 0.70701, 0.25529, 0.47075, -0.52015
95.76854, 0.00981, -0.15184, 0.52261, -0.22005, 0.07998, -0.05635, -0.05076, -0.67251
95.92025, 0.03740, 0.14570, 0.67938, -0.58966, -0.45423, -0.95529, 0.00112, -0.52556
96.09878, 0.02667, 0.02632, -0.44446, 0.41544, 0.33769, 0.17807, 0.36573, -0.45115
96.27925, 0.01108, -0.19052, 0.30635, -0.16683, 0.71299, 0.90296, -0.09103, -0.18193
96.42816, 0.01505, -0.00885, 0.70577, -0.52049, -0.13890, -0.39986, -0.33700, -0.30710
96.57527, 0.00334, 0.26379, -0.34933, 0.19510, 0.12640, -1.16071, 0.02428, -0.43205
96.75815, -0.02906, 0.02206, -0.53490, -0.00343, 0.67209, 0.17245, 0.24699, -0.77341
96.93266, 0.00424, 0.19690, 0.43364, -0.44051, 0.00052, -0.08254, -0.13033, -0.80426
97.09302, 0.02581, 0.37784, 0.62031, -0.49113, -0.43835, -0.91782, 0.07065, -0.46274
97.26231, 0.01679, 0.12344, -0.43364, 0.46666, 0.34608, 0.15322, 0.22269, -0.60370
97.42745, 0.01200, -0.13491, 0.31102, -0.03873, -0.05587, 0.84791, -0.17453, -0.72852
97.56721, 0.03203, 0.03778, 0.70624, -0.50158, -0.45781, -0.47906, -0.43392, -0.45172
97.69846, 0.01409, 0.05585, -0.44426, 0.26620, 0.31776, -1.09226, 0.07070, -0.27442
97.88623, -0.02966, -0.37809, -0.53248, 0.66322, 0.75289, 0.27236, 0.45222, -0.47313
98.03666, -0.01411, -0.21804, 0.61273, -0.09142, 0.07413, -0.05242, -0.08591, -0.64998
98.17500, 0.00594, 0.15776, 0.72442, -0.53036, -0.46199, -0.99907, -0.05092, -0.18510
98.33836, -0.00389, 0.08148, -0.45503, 0.37830, 0.32290, 0.13554, 0.26339, -0.53864
98.49587, -0.00780, -0.06803, 0.29881, -0.06349, 0.00736, 0.89632, -0.24279, -0.87146
98.63152, 0.01241, 0.11861, 0.69573, -0.52611, -0.46208, -0.46821, -0.51944, -0.54736
98.75513, -0.00341, 0.13860, -0.44025, 0.24899, 0.31224, -1.09162, 0.05684, -0.33521
98.93312, -0.04737, -0.29093, -0.51915, 0.63399, 0.75396, 0.28860, 0.46621, -0.54887
99.06805, -0.02126, -0.19008, 0.61652, -0.11017, 0.05478, -0.03241, -0.11195, -0.74299
99.19089, 0.00865, 0.13098, 0.71639, -0.54220, -0.48944, -0.99144, -0.06849, -0.34036
99.33870, 0.00478, -0.02899, -0.46186, 0.39610, 0.32993, 0.12448, 0.23399, -0.42840
99.49466, -0.00336, -0.23382, 0.32638, 0.09395, 0.03935, 0.89534, -0.22825, -0.75177
99.62494, 0.02511, 0.02916, 0.71384, -0.45674, -0.47843, -0.46609, -0.48940, -0.54772
99.74651, 0.01808, 0.12047, -0.45464, 0.32626, 0.18969, -1.09722, 0.05457, -0.41999
99.92376, -0.01855, -0.23842, -0.53492, 0.68576, 0.73336, 0.26173, 0.45488, -0.59604
100.07021, -0.00666, -0.13081, 0.57516, -0.21854, 0.03884, -0.06180, -0.09029, -0.69193
100.20884, 0.00734, 0.15409, 0.69899, -0.58229, -0.44291, -0.98090, -0.03678, -0.21570
100.37170, -0.01218, -0.02407, -0.43950, 0.41072, 0.33571, 0.14849, 0.28008, -0.52181
100.53295, -0.01648, -0.16416, 0.35538, 0.06983, 0.04946, 0.89819, -0.22624, -0.88883
100.67004, 0.01114, 0.09871, 0.69481, -0.49715, -0.45098, -0.47448, -0.52879, -0.61244
100.79770, 0.00426, 0.17414, -0.46105, 0.31896, 0.27450, -1.09563, 0.04732, -0.39973
100.97889, -0.03114, -0.19223, -0.53110, 0.67341, 0.73938, 0.27348, 0.46271, -0.57496
101.11979, -0.00808, -0.15733, 0.57910, -0.16449, 0.01588, -0.03053, -0.07488, -0.77077
101.25144, 0.01757, 0.11077, 0.71345, -0.54493, -0.44271, -0.97780, -0.01349, -0.54964
101.41046, 0.00754, -0.02876, -0.43739, 0.38942, 0.33332, 0.18680, 0.37371, -0.45696
101.57095, -0.00830, -0.30215, 0.27745, -0.07131, 0.65522, 0.91351, -0.17384, -0.16437
101.70119, 0.00380, -0.05892, 0.74888, -0.43655, -0.10173, -0.43890, -0.43122, -0.32957
101.82651, -0.00622, 0.16310, -0.39567, 0.42525, 0.10465, -1.14531, 0.02026, -0.45936
101.99932, -0.03800, -0.07517, -0.53262, 0.50070, 0.64762, 0.24444, 0.38369, -0.70201
102.14196, -0.01040, 0.00446, 0.51927, -0.32686, 0.02533, -0.07539, -0.15452, -0.67568
102.27833, 0.01364, 0.17572, 0.66839, -0.58084, -0.46098, -0.95304, 0.00135, -0.24136
102.43912, -0.00008, -0.08692, -0.44217, 0.43804, 0.35459, 0.15518, 0.31899, -0.46251
102.60465, -0.00628, -0.30040, 0.35635, 0.20142, 0.09273, 0.90514, -0.20300, -0.70348
102.73996, 0.02383, 0.00792, 0.74288, -0.41961, -0.46595, -0.47661, -0.52906, -0.51475
102.86711, 0.02353, 0.15371, -0.45664, 0.30882, 0.17454, -1.11393, 0.01130, -0.34641
103.05058, -0.00736, -0.18027, -0.53774, 0.66066, 0.73887, 0.25944, 0.45979, -0.53085
103.20104, 0.00656, -0.13827, 0.55008, -0.19558, 0.00043, -0.03829, -0.06579, -0.73311
103.34897, 0.02783, 0.13740, 0.69103, -0.55837, -0.45515, -0.96732, -0.03987, -0.60775
103.52224, 0.01354, -0.00071, -0.44927, 0.40973, 0.33249, 0.18801, 0.34599, -0.48934
103.69437, -0.00168, -0.26000, 0.30409, -0.22020, 0.70725, 0.91121, -0.18710, -0.15766
103.83746, 0.00880, -0.03428, 0.71830, -0.50674, -0.09406, -0.42904, -0.42197, -0.32898
103.97595, -0.00586, 0.15213, -0.40133, 0.42231, 0.07992, -1.14144, 0.03274, -0.43129
104.16125, -0.04132, -0.12393, -0.53531, 0.56208, 0.63748, 0.25124, 0.38895, -0.66496
104.31115, -0.01225, -0.04019, 0.53492, -0.29713, 0.07258, -0.06465, -0.15131, -0.81523
104.45473, 0.01666, 0.16477, 0.67889, -0.58090, -0.50777, -0.95662, -0.02172, -0.49148
104.62540, 0.00594, -0.03398, -0.45339, 0.41795, 0.31913, 0.20465, 0.40486, -0.37487
104.79581, -0.00403, -0.31631, 0.28414, -0.03722, 0.68422, 0.85455, -0.10856, -0.20163
104.93666, 0.00866, -0.09958, 0.76250, -0.42138, -0.06770, -0.46691, -0.43987, -0.33230
105.07266, 0.00801, 0.13765, -0.36158, 0.38984, 0.12281, -1.13272, -0.03356, -0.28396
105.25759, -0.01577, -0.10909, -0.56676, 0.63403, 0.61459, 0.25683, 0.38014, -0.51696
105.40662, 0.00855, -0.07072, 0.54214, -0.29614, -0.03229, -0.03997, -0.09520, -0.78325
105.54858, 0.03553, 0.15924, 0.65757, -0.57426, -0.44806, -0.96315, 0.01002, -0.61259
105.71741, 0.02431, -0.01167, -0.45966, 0.41699, 0.33148, 0.19227, 0.38640, -0.47638
105.88840, 0.00616, -0.26266, 0.29599, -0.07161, 0.67150, 0.89883, -0.12678, -0.20765
106.02875, 0.01023, -0.05139, 0.74936, -0.45332, -0.10906, -0.43006, -0.41188, -0.32806
106.16475, -0.00779, 0.15313, -0.39457, 0.40563, 0.11420, -1.14652, 0.01029, -0.42928
106.34747, -0.04670, -0.12399, -0.52503, 0.57758, 0.64838, 0.25324, 0.36904, -0.66890
106.49440, -0.01932, -0.05130, 0.55234, -0.25709, 0.06093, -0.06825, -0.16013, -0.84566
106.63407, 0.01060, 0.15793, 0.67755, -0.57356, -0.49294, -0.97158, -0.01932, -0.42796
106.79775, 0.00452, -0.09930, -0.45305, 0.42163, 0.33363, 0.14691, 0.30372, -0.40357
106.96703, 0.00026, -0.35678, 0.35049, 0.23063, 0.13439, 0.90400, -0.20354, -0.66574
107.10200, 0.02992, -0.06868, 0.75434, -0.37493, -0.41079, -0.47571, -0.52399, -0.52331
107.22863, 0.03083, 0.08269, -0.43933, 0.30743, 0.17915, -1.11275, 0.02205, -0.43571
107.41609, -0.00084, -0.17970, -0.53917, 0.62355, 0.70074, 0.30332, 0.58501, -0.46823
107.58382, -0.02759, -0.46141, 0.44618, 0.44310, 0.58408, 0.92007, -0.02853, -0.25200
107.71269, -0.02651, -0.17251, 0.78871, -0.20175, -0.14576, -0.51515, -0.46460, -0.31444
107.84494, -0.02207, 0.22025, -0.36146, 0.36723, 0.20873, -1.19317, -0.07772, -0.27040
108.01497, -0.03289, 0.05905, -0.53315, 0.16228, 0.68042, 0.16439, 0.22935, -0.79605
108.16744, -0.00111, 0.09613, 0.44584, -0.30541, -0.08248, -0.09719, -0.16388, -0.91363
108.31016, 0.02976, 0.20845, 0.66677, -0.46351, -0.47216, -0.93267, 0.04046, -0.37069
108.47508, 0.02377, -0.05474, -0.42002, 0.43205, 0.37262, 0.15424, 0.34713, -0.39003
108.64605, 0.01430, -0.28220, 0.34418, 0.07641, 0.05169, 0.92129, -0.16574, -0.66230
108.78681, 0.03806, -0.02334, 0.70448, -0.46829, -0.44380, -0.46212, -0.49370, -0.51627
108.92032, 0.02580, 0.05203, -0.45345, 0.19589, 0.28984, -1.11511, 0.02148, -0.29774
109.11652, -0.01688, -0.29993, -0.54072, 0.62316, 0.72053, 0.30801, 0.56827, -0.33663
109.28838, -0.04532, -0.66127, 0.46059, 0.40457, 0.56222, 0.93543, -0.03974, -0.23631
109.41439, -0.03245, -0.22266, 0.83432, -0.14642, -0.04332, -0.54312, -0.50072, -0.34752
109.54093, -0.01781, 0.25066, -0.38521, 0.35617, 0.15133, -1.19893, -0.10069, -0.31070
109.70841, -0.02286, 0.09130, -0.53453, 0.48080, 0.61445, 0.17566, 0.21552, -0.74463
109.83979, 0.00036, 0.04315, 0.51501, -0.39044, -0.14023, -0.09376, -0.17029, -0.97485
109.95736, 0.01986, 0.15070, 0.68735, -0.54118, -0.46710, -0.92936, -0.03889, -0.49774
110.09927, 0.00289, -0.09454, -0.43090, 0.45087, 0.36279, 0.19967, 0.38140, -0.27296
110.24442, -0.01493, -0.44057, 0.30531, 0.06938, 0.52263, 0.89622, -0.13451, -0.25739
110.35810, 0.00614, -0.13114, 0.78175, -0.35865, -0.09093, -0.47634, -0.46958, -0.34341
110.46659, 0.00932, 0.13772, -0.39766, 0.39944, 0.16461, -1.15248, -0.04847, -0.25661
110.62797, -0.01270, -0.09246, -0.53395, 0.66424, 0.64485, 0.23668, 0.38797, -0.52937
110.75574, -0.00133, -0.08400, 0.53484, -0.31141, 0.07017, -0.04604, -0.10587, -0.81373
110.87529, 0.00974, 0.11977, 0.69170, -0.56301, -0.46222, -0.95624, -0.03289, -0.57879
111.02008, -0.01425, -0.06642, -0.45307, 0.43261, 0.31187, 0.19381, 0.36265, -0.41680
111.16153, -0.02365, -0.36073, 0.33187, 0.20383, 0.34402, 0.84560, -0.19914, -0.23020
111.27075, -0.00116, -0.05725, 0.77774, -0.35885, -0.26391, -0.48138, -0.46044, -0.34156
111.37303, 0.00003, 0.16444, -0.42105, 0.33916, 0.15061, -1.13371, 0.02306, -0.24993
111.52714, -0.02718, -0.17715, -0.48631, 0.65573, 0.68153, 0.19067, 0.32530, -0.62963
111.66091, -0.01458, -0.11520, 0.55249, -0.21466, 0.04869, -0.04006, -0.11106, -0.77755
111.79592, 0.01689, 0.20213, 0.68052, -0.56003, -0.44033, -0.92455, -0.02030, -0.54099
111.95192, 0.01350, 0.08018, -0.44419, 0.40989, 0.24469, 0.13668, 0.25272, -0.56619
112.10876, 0.00569, -0.12586, 0.30582, -0.08311, -0.05994, 0.85316, -0.24204, -0.71456
112.24213, 0.02471, 0.08687, 0.71483, -0.50255, -0.43846, -0.46506, -0.51254, -0.43452
112.36472, 0.00917, 0.14215, -0.44162, 0.35288, 0.29558, -1.08818, 0.06620, -0.40070
112.54082, -0.03481, -0.22594, -0.53119, 0.68854, 0.74973, 0.27022, 0.47075, -0.66827
112.68798, -0.01699, -0.11521, 0.57015, -0.18392, 0.06047, -0.05712, -0.10390, -0.67801
112.83126, 0.00571, 0.17712, 0.70329, -0.57084, -0.48908, -0.97342, -0.05468, -0.24746
112.99790, -0.00381, 0.01728, -0.45006, 0.40915, 0.33480, 0.15021, 0.26302, -0.51129
113.16216, -0.01067, -0.21237, 0.32523, 0.11896, 0.08085, 0.91172, -0.20738, -0.84186
113.29899, 0.01357, 0.02118, 0.74404, -0.42376, -0.44579, -0.46083, -0.51752, -0.57963
113.42402, 0.00790, 0.12947, -0.44701, 0.23169, 0.18933, -1.10100, 0.03000, -0.34385
113.60597, -0.02778, -0.25836, -0.53760, 0.62756, 0.72870, 0.27516, 0.46024, -0.49524
113.75285, 0.00132, -0.20273, 0.56785, -0.15839, 0.10484, 0.00616, -0.09193, -0.71909
113.89263, 0.03509, 0.06990, 0.69324, -0.56795, -0.51421, -0.95199, -0.04559, -0.61389
114.04382, 0.03868, 0.00436, -0.46808, 0.37473, 0.30137, -0.50759, 0.39950, -0.50733
114.23215, 0.00667, -0.20779, -0.46141, 0.61819, 0.73633, 0.61456, 0.45632, -0.54412
114.37359, 0.02677, -0.05590, 0.53725, -0.38091, -0.15843, -0.01788, -0.02294, -0.47811
114.51391, 0.02881, 0.24312, 0.67306, -0.57326, -0.43201, -1.05409, 0.03051, -0.34989
114.67703, -0.00038, 0.06355, -0.43202, 0.45960, 0.36077, 0.12642, 0.18321, -0.48880
114.83331, -0.01288, -0.11894, 0.36080, -0.07735, 0.06328, 0.86361, -0.29003, -0.71805
114.96965, 0.01127, 0.14904, 0.69595, -0.52343, -0.48918, -0.46058, -0.48125, -0.50428
115.09642, 0.00044, 0.24172, -0.46396, 0.35779, 0.17538, -1.07440, 0.09815, -0.45729
115.26824, -0.03959, -0.14162, -0.53107, 0.66206, 0.75711, 0.23627, 0.35863, -0.79708
115.41089, -0.02955, -0.06277, 0.57832, -0.23148, 0.04139, -0.07006, -0.13595, -0.78711
115.54397, -0.01419, 0.21999, 0.70875, -0.55294, -0.48402, -0.96477, -0.03439, -0.20747
115.69260, -0.02931, 0.01569, -0.45296, 0.39028, 0.33918, 0.12026, 0.18850, -0.64560
115.84389, -0.03544, -0.12901, 0.34879, 0.08201, 0.08800, 0.88843, -0.23229, -0.83591
115.96636, -0.01207, 0.15599, 0.72634, -0.46742, -0.47704, -0.46071, -0.50010, -0.43231
116.07959, -0.02074, 0.28810, -0.44899, 0.31165, 0.20924, -1.08510, 0.05729, -0.29404
116.23380, -0.05611, -0.09791, -0.53637, 0.62423, 0.74101, 0.25083, 0.32066, -0.76919
116.35825, -0.02847, -0.07760, 0.55882, -0.20486, 0.06416, -0.07734, -0.16310, -0.87088
116.47533, 0.00566, 0.14165, 0.69554, -0.54944, -0.49965, -0.97132, -0.04794, -0.30164
116.61789, 0.00336, -0.08645, -0.45635, 0.41176, 0.32814, 0.15159, 0.30325, -0.43373
116.77116, 0.00100, -0.29452, 0.33719, 0.20822, 0.05034, 0.88729, -0.17619, -0.75773
116.89506, 0.03188, -0.02117, 0.73247, -0.41597, -0.47697, -0.46653, -0.51364, -0.55481
117.01045, 0.03128, 0.09197, -0.44782, 0.27769, 0.20248, -1.10102, 0.02122, -0.36175
117.18568, -0.00119, -0.23028, -0.53834, 0.65464, 0.74271, 0.29672, 0.53130, -0.44155
117.31377, 0.00423, -0.28248, 0.48761, 0.03071, 0.05571, 0.29185, 0.07981, -0.49415
117.42202, 0.01372, 0.06016, 0.73272, -0.43023, -0.45408, -0.84176, -0.25365, -0.28840
117.53264, 0.00126, 0.17726, -0.44937, 0.34330, 0.28907, -0.99854, 0.14179, -0.29684
117.68481, -0.03806, -0.14338, -0.53381, 0.63009, 0.73941, 0.31876, 0.32895, -0.71861
117.80976, -0.01745, -0.03744, 0.54850, -0.25884, 0.01122, -0.09110, -0.13914, -0.61685
117.93133, 0.00174, 0.19839, 0.68742, -0.58761, -0.42685, -0.97195, 0.02542, -0.18223
118.07730, -0.01493, 0.01003, -0.44598, 0.42921, 0.31098, 0.16436, 0.30607, -0.53383
118.22051, -0.01995, -0.19486, 0.34109, 0.15831, 0.01810, 0.87992, -0.24776, -0.80901
118.33983, 0.00652, 0.05434, 0.73757, -0.43233, -0.44098, -0.48398, -0.56215, -0.53461
118.44809, 0.00345, 0.15425, -0.45112, 0.33702, 0.29316, -1.09912, 0.03116, -0.37873
118.61175, -0.02877, -0.19352, -0.52581, 0.65016, 0.73200, 0.26477, 0.47393, -0.58227
118.74553, -0.00496, -0.12792, 0.56297, -0.18022, -0.00411, -0.05141, -0.09228, -0.77790
118.87530, 0.02470, 0.15461, 0.71337, -0.53094, -0.45391, -0.97837, -0.02617, -0.60430
119.03070, 0.02146, 0.06818, -0.44317, 0.40793, 0.34992, 0.17913, 0.38098, -0.51359
119.18769, 0.01288, -0.13936, 0.28391, -0.14810, 0.74127, 0.91220, -0.12409, -0.24414
119.31697, 0.02130, 0.00129, 0.68495, -0.53911, -0.15592, -0.39280, -0.36991, -0.31295
119.44595, 0.00802, 0.18103, -0.35823, 0.40890, 0.09405, -1.13824, 0.04257, -0.44293
119.62037, -0.02815, -0.07904, -0.55018, 0.57828, 0.65584, 0.22017, 0.38052, -0.71453
119.76429, -0.02015, -0.01783, 0.54516, -0.29801, -0.00254, -0.08397, -0.14365, -0.76146
119.89848, -0.01071, 0.20458, 0.71398, -0.54665, -0.44869, -0.96810, -0.02027, -0.18009
120.04656, -0.02975, -0.04635, -0.43608, 0.41248, 0.35222, 0.11751, 0.19646, -0.56222
120.19953, -0.03344, -0.21417, 0.34476, 0.21189, 0.07261, 0.83563, -0.22866, -0.78500
120.32418, -0.00417, 0.10451, 0.73372, -0.41202, -0.46574, -0.46074, -0.51458, -0.51911
120.43928, -0.00320, 0.27817, -0.45084, 0.27403, 0.23734, -1.08630, 0.04532, -0.44641
120.59994, -0.03347, -0.06725, -0.53220, 0.58629, 0.74536, 0.21885, 0.34499, -0.80842
120.73632, -0.01519, -0.03904, 0.53610, -0.26354, -0.00227, -0.08806, -0.08841, -0.82570
120.87336, 0.01907, 0.22698, 0.68565, -0.55836, -0.48083, -0.95860, 0.03975, -0.35462
121.03415, 0.01652, 0.05689, -0.44463, 0.41946, 0.33464, 0.15513, 0.30070, -0.42421
121.19410, 0.01348, -0.17219, 0.30623, -0.00786, 0.03615, 0.90462, -0.20545, -0.74733
121.32921, 0.03664, 0.00770, 0.72941, -0.45705, -0.41390, -0.47492, -0.50031, -0.56162
121.45419, 0.03167, 0.09295, -0.42860, 0.34850, 0.23902, -1.10733, 0.03541, -0.38107
121.63483, -0.00040, -0.24688, -0.53326, 0.62243, 0.73796, 0.27269, 0.49510, -0.47678
121.78131, 0.01252, -0.12438, 0.49131, -0.17939, -0.04364, 0.04977, 0.06740, -0.54397
121.92797, 0.03701, 0.25111, 0.67338, -0.53980, -0.45267, -0.93940, 0.06499, -0.49219
122.09666, 0.02699, 0.16547, -0.42989, 0.38367, 0.34081, 0.09928, 0.20107, -0.52466
122.26238, 0.01807, -0.01454, 0.27346, -0.11699, -0.02377, 0.87219, -0.29403, -0.65846
122.40715, 0.02925, 0.11797, 0.68556, -0.52699, -0.48055, -0.44902, -0.47400, -0.44717
122.54087, 0.00752, 0.14931, -0.43104, 0.32090, 0.31767, -1.08448, 0.07576, -0.38198
122.72472, -0.03962, -0.25072, -0.53043, 0.65270, 0.76004, 0.28115, 0.42447, -0.54493
122.87439, -0.00644, -0.19022, 0.55433, -0.12678, 0.08285, -0.03551, -0.11106, -0.70869
123.02143, 0.03637, 0.08573, 0.69020, -0.56064, -0.48268, -0.97247, -0.02334, -0.56869
123.17851, 0.04839, 0.02328, -0.47891, 0.35509, 0.31173, -0.55278, 0.41928, -0.36073
123.36776, 0.02484, -0.14331, -0.49763, 0.59907, 0.74370, 0.48167, 0.30082, -0.38197
123.51957, 0.02619, 0.03910, 0.48982, -0.41419, -0.21912, -0.12306, -0.01836, -0.36624
123.66800, 0.00336, 0.26522, 0.63157, -0.58630, -0.44392, -1.00285, 0.12806, -0.27023
123.82376, -0.03844, 0.02368, -0.42081, 0.34653, 0.38326, 0.13081, 0.09541, -0.50367
123.97406, -0.03887, -0.09633, 0.36334, 0.02178, 0.11694, 0.76368, -0.34890, -0.63994
124.10412, -0.01148, 0.17245, 0.70010, -0.48177, -0.45344, -0.46777, -0.50130, -0.40569
124.22296, -0.01576, 0.27362, -0.45649, 0.32484, 0.27320, -1.05088, 0.11601, -0.40928
124.38473, -0.04905, -0.08664, -0.53074, 0.57055, 0.74073, 0.24902, 0.36701, -0.84356
124.52033, -0.02411, -0.01295, 0.55103, -0.27235, 0.01693, -0.07531, -0.14670, -0.89272
124.64776, 0.00147, 0.17017, 0.68144, -0.57724, -0.42862, -0.96415, -0.01643, -0.15519
124.80196, -0.00975, -0.05796, -0.44639, 0.43359, 0.32514, 0.16164, 0.33902, -0.49694
124.95855, -0.01684, -0.27220, 0.33605, 0.26981, 0.02612, 0.90653, -0.18847, -0.82778
125.08570, 0.01081, 0.01679, 0.75137, -0.38694, -0.47156, -0.48798, -0.55054, -0.55520
125.20348, 0.00964, 0.16012, -0.45159, 0.26911, 0.21092, -1.10805, 0.01413, -0.43720
125.37749, -0.02358, -0.17867, -0.53738, 0.64434, 0.73956, 0.26788, 0.47406, -0.63760
125.52154, -0.00401, -0.13019, 0.53468, -0.20663, 0.03376, -0.05924, -0.07904, -0.75362
125.67062, 0.03380, 0.17516, 0.68286, -0.55616, -0.50011, -0.97715, -0.01960, -0.56020
125.84616, 0.03390, 0.07058, -0.45153, 0.40009, 0.31939, 0.18630, 0.37570, -0.47538
126.02273, 0.02844, -0.10980, 0.29780, -0.21818, 0.74275, 0.90799, -0.06761, -0.26089
126.16763, 0.03248, -0.01392, 0.64589, -0.62295, -0.22580, -0.39573, -0.32177, -0.30571
126.31683, 0.02932, 0.26272, -0.06647, -0.33832, 0.02956, -1.16446, 0.03583, -0.52835
126.50359, -0.00719, 0.01322, -0.55928, 0.10804, 0.61500, 0.23867, 0.35720, -0.70829
126.66755, 0.01538, 0.01480, 0.44104, -0.31906, -0.03890, -0.06015, -0.13216, -0.72088
126.82331, 0.03283, 0.12632, 0.66198, -0.52946, -0.46726, -0.95368, 0.00874, -0.40481
127.00533, 0.01295, -0.13944, -0.43097, 0.43268, 0.35735, 0.18751, 0.38732, -0.29869
127.18997, -0.00739, -0.43586, 0.31874, 0.25065, 0.29627, 0.84531, -0.08755, -0.23592
127.33655, 0.00642, -0.07104, 0.76769, -0.31686, -0.28871, -0.47970, -0.45482, -0.34077
127.47930, -0.00157, 0.18484, -0.41823, 0.31813, 0.13946, -1.14354, -0.03143, -0.26344
127.66516, -0.03295, -0.14509, -0.53611, 0.63427, 0.67865, 0.21598, 0.28487, -0.68506
127.81526, -0.02039, -0.07462, 0.57370, -0.23718, 0.01866, -0.06648, -0.12550, -0.87727
127.95028, -0.00341, 0.19162, 0.69946, -0.55747, -0.48136, -0.96654, -0.02569, -0.14824
128.10453, -0.01912, -0.02245, -0.45555, 0.41512, 0.33805, 0.12482, 0.21315, -0.60101
128.26506, -0.02345, -0.14426, 0.34471, 0.03976, 0.09143, 0.89371, -0.20235, -0.87338
128.40176, 0.00653, 0.14185, 0.69001, -0.52072, -0.44554, -0.45862, -0.48570, -0.51177
128.53039, -0.00070, 0.23284, -0.45796, 0.30782, 0.28954, -1.09152, 0.06417, -0.35457
128.70495, -0.03602, -0.16659, -0.53080, 0.66465, 0.74958, 0.23170, 0.35583, -0.73300
128.85018, -0.01913, -0.08313, 0.57408, -0.21885, 0.01888, -0.06623, -0.11884, -0.81110
128.98460, -0.00038, 0.16320, 0.68958, -0.58373, -0.43236, -0.96568, -0.02366, -0.20604
129.14382, -0.01710, -0.03616, -0.45299, 0.41500, 0.30118, 0.16812, 0.29879, -0.51547
129.30089, -0.02255, -0.25685, 0.34027, 0.27181, 0.00504, 0.86406, -0.20730, -0.87348
129.43132, 0.00650, 0.01864, 0.75377, -0.37631, -0.44301, -0.50215, -0.55482, -0.57674
129.55166, 0.01396, 0.19664, -0.41835, 0.32997, 0.28751, -1.10955, 0.00245, -0.29806
129.72214, -0.00763, -0.15065, -0.52405, 0.68235, 0.75910, 0.20294, 0.34275, -0.59890
129.86556, 0.00824, -0.09782, 0.55952, -0.24420, -0.02794, -0.06834, -0.10422, -0.72338
130.00268, 0.03135, 0.17348, 0.69227, -0.58065, -0.45607, -0.94887, -0.00427, -0.47830
130.16641, 0.01537, 0.05228, -0.45336, 0.39847, 0.34490, 0.19573, 0.38409, -0.42223
130.32922, 0.00250, -0.16734, 0.29905, -0.19550, 0.71375, 0.86322, -0.11984, -0.25322
130.46673, 0.00815, 0.00796, 0.71481, -0.51296, -0.11859, -0.45081, -0.39714, -0.33157
130.60052, -0.01008, 0.15371, -0.39808, 0.39684, 0.09547, -1.13805, 0.01726, -0.26965
130.78242, -0.05022, -0.17002, -0.53331, 0.61821, 0.62394, 0.26953, 0.37970, -0.59856
130.91982, -0.02609, -0.07354, 0.59329, -0.22664, 0.04838, -0.04855, -0.15034, -0.90789
131.04441, -0.00180, 0.21207, 0.68971, -0.54414, -0.49727, -0.97826, -0.08076, -0.63852
131.18838, -0.00796, 0.04768, -0.46213, 0.40307, 0.33133, 0.13573, 0.23568, -0.59812
131.33572, -0.01243, -0.19980, 0.33191, 0.08960, 0.05935, 0.84338, -0.26111, -0.75991
131.45959, 0.01624, 0.03465, 0.74538, -0.41769, -0.46711, -0.46919, -0.52290, -0.49889
131.57261, 0.01874, 0.16563, -0.43085, 0.35677, 0.18681, -1.08223, 0.06260, -0.42459
131.74037, -0.01085, -0.13741, -0.52930, 0.64973, 0.74294, 0.25447, 0.47986, -0.63492
131.87821, 0.00350, -0.06517, 0.54514, -0.27169, -0.01642, -0.06692, -0.07102, -0.71452
132.01458, 0.02352, 0.19908, 0.69201, -0.57587, -0.45596, -0.97336, -0.03567, -0.32341
132.17352, 0.00993, 0.00592, -0.44307, 0.41640, 0.34037, 0.13874, 0.25850, -0.45361
132.33493, -0.00137, -0.19561, 0.34019, 0.00063, 0.08361, 0.90409, -0.21816, -0.77350
132.47078, 0.02015, 0.04955, 0.71118, -0.49809, -0.48390, -0.46655, -0.51080, -0.56131
132.59708, 0.00589, 0.11191, -0.46198, 0.32402, 0.15773, -1.10281, 0.03814, -0.34488
132.77867, -0.03530, -0.29181, -0.52811, 0.68573, 0.73545, 0.27419, 0.45526, -0.52057
132.92715, -0.00934, -0.22415, 0.56927, -0.09069, 0.10825, -0.03848, -0.07877, -0.72020
133.07134, 0.02726, 0.08873, 0.69555, -0.53856, -0.49666, -0.98046, -0.02783, -0.54885
133.24325, 0.02916, -0.00946, -0.45869, 0.35211, 0.31776, 0.17610, 0.36410, -0.47291
133.41595, 0.01719, -0.09676, 0.27083, -0.13954, 0.72364, 0.85936, 0.01312, -0.26319
133.55341, 0.01441, 0.10590, 0.65295, -0.59300, -0.23786, -0.40767, -0.32197, -0.30792
133.69337, -0.00309, 0.37622, -0.08013, -0.36701, 0.06150, -1.15549, -0.02193, -0.27296
133.85419, -0.03956, 0.09638, -0.56242, -0.12497, 0.65276, 0.21551, 0.16946, -0.76443
133.99183, -0.00478, 0.09439, 0.42815, -0.40114, -0.05930, -0.07072, -0.20450, -0.73126
134.10989, 0.01368, 0.14700, 0.57597, -0.46050, -0.45247, -0.93148, 0.01235, -0.18458
134.25274, -0.00515, -0.09624, -0.45987, 0.43927, 0.35074, 0.03105, 0.41166, -0.26523
134.39806, -0.01360, -0.32189, 0.31985, 0.18582, 0.24989, 0.84690, -0.18361, -0.29812
134.51058, 0.01244, -0.01617, 0.73286, -0.39823, -0.37573, -0.40088, -0.48306, -0.30883
134.61632, 0.00911, 0.15201, -0.44175, 0.32328, 0.11947, -1.09606, 0.04053, -0.38868
134.77611, -0.02450, -0.15770, -0.53329, 0.62258, 0.69646, 0.23967, 0.43232, -0.62796
134.90634, -0.01278, -0.08827, 0.56510, -0.24971, 0.05965, -0.08248, -0.12464, -0.63951
135.03226, 0.00253, 0.16240, 0.70416, -0.55914, -0.50474, -0.96961, -0.03483, -0.25904
135.18091, -0.01450, -0.02844, -0.44722, 0.42721, 0.32446, 0.14892, 0.27125, -0.51768
135.33142, -0.02167, -0.23397, 0.33075, 0.20355, 0.07645, 0.88536, -0.24366, -0.80294
135.45665, 0.00736, 0.04729, 0.73563, -0.41137, -0.45509, -0.48003, -0.53946, -0.54601
135.57153, 0.00662, 0.17990, -0.44971, 0.30802, 0.17106, -1.09810, 0.04430, -0.43346
135.74180, -0.02654, -0.15491, -0.52867, 0.66397, 0.72591, 0.27297, 0.47153, -0.62934
135.87999, -0.00358, -0.10676, 0.54077, -0.23076, 0.01287, -0.04463, -0.09307, -0.78364
136.02166, 0.03508, 0.18069, 0.68577, -0.56991, -0.45283, -0.97333, -0.00895, -0.58708
136.18969, 0.03553, 0.06235, -0.45279, 0.41824, 0.33879, 0.18079, 0.39200, -0.48112
136.35892, 0.02861, -0.11723, 0.28920, -0.07332, 0.72641, 0.88672, -0.07285, -0.34973
136.49674, 0.03132, -0.01191, 0.64922, -0.58511, -0.23659, -0.41168, -0.36800, -0.30343
136.64312, 0.02710, 0.23050, 0.32812, -0.39871, -0.35226, -1.15124, -0.00763, -0.35968
136.81896, -0.00996, -0.03703, -0.50268, 0.44216, 0.39429, 0.23495, 0.35625, -0.58514
136.97677, -0.00327, -0.12457, 0.40499, -0.12708, 0.07611, 0.43222, -0.17702, -0.83566
137.12544, 0.02077, 0.14951, 0.68576, -0.55344, -0.45458, -0.68469, -0.56894, -0.57706
137.26287, 0.01797, 0.16417, -0.46572, 0.33717, 0.27466, -0.99604, 0.02347, -0.40253
137.45231, -0.01482, -0.20854, -0.53439, 0.68600, 0.74146, 0.33191, 0.50371, -0.53850
137.60523, 0.01257, -0.16752, 0.53300, -0.21928, 0.03247, 0.03407, -0.04089, -0.70518
137.75828, 0.05303, 0.14649, 0.68221, -0.56309, -0.48655, -0.95719, -0.02794, -0.58930
137.91922, 0.06432, 0.14588, -0.47531, 0.38358, 0.30834, -0.68488, 0.39695, -0.41202
138.11599, 0.04019, -0.07137, -0.50240, 0.56088, 0.76340, 0.49819, 0.42778, -0.52297
138.27419, 0.04689, 0.03821, 0.47408, -0.43421, -0.21740, -0.00074, 0.00776, -0.46765
138.42545, 0.02090, 0.15054, 0.60698, -0.60540, -0.42186, -0.98601, 0.07392, -0.26346
138.60112, -0.02289, -0.08841, -0.38795, 0.45526, 0.38755, 0.12425, 0.19432, -0.38759
138.75907, -0.03099, -0.25287, 0.40983, 0.15781, 0.09678, 0.86917, -0.34782, -0.57332
138.88643, -0.00294, 0.10602, 0.73729, -0.41725, -0.48635, -0.47657, -0.55717, -0.36981
139.00567, 0.00053, 0.33783, -0.45000, 0.24281, 0.18533, -1.09380, 0.06476, -0.42946
139.16757, -0.02589, 0.07215, -0.53470, 0.27726, 0.76371, 0.22388, 0.35058, -0.89375
139.30526, -0.00626, 0.08160, 0.48879, -0.40439, -0.06142, -0.08077, -0.13697, -0.92760
139.44205, 0.02237, 0.25779, 0.67897, -0.52296, -0.41748, -0.95678, 0.01097, -0.42668
139.59901, 0.01745, 0.03396, -0.41939, 0.42877, 0.35500, 0.15087, 0.29020, -0.39284
139.75786, 0.00917, -0.27271, 0.28943, 0.10285, 0.06347, 0.91963, -0.20930, -0.67607
139.88977, 0.03409, -0.06789, 0.74555, -0.40411, -0.38989, -0.46340, -0.50448, -0.52066
140.01179, 0.03536, 0.07713, -0.41709, 0.32831, 0.25136, -1.11598, 0.02361, -0.33651
140.19363, 0.00587, -0.17237, -0.53837, 0.63357, 0.72811, 0.27788, 0.56983, -0.37244
140.35825, -0.02270, -0.43442, 0.44233, 0.45449, 0.57476, 0.90681, -0.03372, -0.22350
140.48344, -0.02604, -0.13208, 0.76360, -0.21234, -0.15551, -0.51100, -0.46803, -0.33848
140.61046, -0.02981, 0.25041, -0.35693, 0.33021, 0.20279, -1.18933, -0.08823, -0.26547
140.77263, -0.05114, 0.03327, -0.56274, 0.49515, 0.66966, 0.18764, 0.20543, -0.79092
140.90072, -0.02904, 0.04826, 0.55038, -0.30042, -0.05500, -0.10560, -0.21246, -0.91530
141.01394, -0.00726, 0.20696, 0.71985, -0.52722, -0.47190, -0.95098, -0.04441, -0.22875
141.14973, -0.01638, 0.01212, -0.43543, 0.44680, 0.36352, 0.16645, 0.31058, -0.54197
141.28616, -0.01766, -0.18694, 0.34908, 0.03966, 0.12699, 0.90389, -0.22493, -0.88892
141.39823, 0.01186, 0.05399, 0.73485, -0.47078, -0.39294, -0.48301, -0.55513, -0.58929
141.49936, 0.01231, 0.15535, -0.43186, 0.34994, 0.20431, -1.10730, 0.02173, -0.33592
141.65658, -0.01747, -0.19930, -0.52749, 0.68862, 0.72724, 0.25818, 0.47198, -0.51331
141.78661, 0.00760, -0.14942, 0.52217, -0.21367, 0.02386, -0.05445, -0.07173, -0.74057
141.92610, 0.05166, 0.18297, 0.67612, -0.55753, -0.48667, -0.95994, -0.23980, -0.50734
142.06344, 0.07138, 0.22133, -0.47793, 0.35800, 0.31249, -0.88841, 0.28221, -0.38743
142.24573, 0.05160, -0.01620, -0.53088, 0.67013, 0.76075, 0.36907, 0.47336, -0.58123
142.39130, 0.05987, 0.10073, 0.47924, -0.40130, -0.22005, 0.00963, 0.01383, -0.53933
142.52400, 0.02906, 0.14040, 0.60563, -0.69366, -0.43584, -0.94044, 0.04323, -0.25045
142.69277, -0.02712, -0.09301, -0.36452, 0.53542, 0.41030, 0.15262, 0.29924, -0.26847
142.83369, -0.03842, -0.34651, 0.37149, -0.08704, 0.74620, 0.85490, -0.27136, -0.25835
142.94717, -0.01264, -0.01480, 0.75376, -0.45653, -0.06128, -0.48766, -0.48466, -0.34560
143.05364, -0.00868, 0.22697, -0.41483, 0.41568, 0.06869, -1.12435, 0.04268, -0.35770
143.20556, -0.03043, -0.06556, -0.52880, 0.59420, 0.63324, 0.18915, 0.30630, -0.71790
143.33445, -0.00876, -0.02297, 0.49714, -0.30138, 0.01066, -0.09646, -0.15555, -0.75154
143.46557, 0.02874, 0.22507, 0.68213, -0.56430, -0.42769, -0.94836, 0.01305, -0.39243
143.61873, 0.02970, 0.05432, -0.43160, 0.43394, 0.28846, 0.14480, 0.31743, -0.46340
143.77371, 0.02414, -0.15345, 0.29726, -0.04609, 0.00035, 0.88181, -0.18452, -0.70350
143.90379, 0.04328, 0.03014, 0.71982, -0.48029, -0.46113, -0.46622, -0.47286, -0.50680
144.02518, 0.03302, 0.11164, -0.41995, 0.37207, 0.23890, -1.10675, 0.05233, -0.36181
144.20077, -0.00443, -0.23998, -0.52712, 0.67826, 0.75791, 0.25106, 0.45249, -0.53373
144.35100, 0.00971, -0.13571, 0.51397, -0.23910, 0.02896, -0.05531, -0.06576, -0.66351
144.50989, 0.05105, 0.25055, 0.63074, -0.55536, -0.43334, -0.96969, -0.01379, -0.55446
144.69496, 0.05262, 0.23123, -0.45846, 0.40439, 0.25038, 0.16016, 0.36902, -0.47785
144.87940, 0.05282, 0.14822, 0.30175, -0.25924, 0.71330, 0.92286, -0.07878, -0.25394
145.03920, 0.06933, 0.31275, 0.64118, -0.64389, -0.22126, -0.39080, -0.31827, -0.31308
145.18736, 0.04554, 0.39836, -0.38214, -0.44143, 0.00120, -1.13390, 0.06968, -0.55180
145.38773, -0.02177, -0.15192, -0.52877, 0.29447, 0.57061, 0.32137, 0.36743, -0.59676
145.55124, 0.00490, -0.23242, 0.56904, -0.10543, 0.06967, 0.00691, -0.11307, -0.55985
145.70434, 0.03015, 0.01719, 0.70628, -0.51915, -0.45576, -0.96012, -0.31882, -0.32811
