0.00002, 1.24852, -0.02101, -0.02652, -0.00286, 0.01223, -0.01760, -0.01468, 0.04143
-0.00658, 1.24494, -0.08253, -0.10130, 0.00685, 0.07496, -0.06396, -0.06783, 0.16486
-0.01372, 1.24045, -0.14396, -0.16667, -0.00196, 0.14122, -0.11288, -0.11263, 0.25292
-0.01970, 1.23488, -0.20877, -0.23124, -0.02428, 0.20564, -0.19152, -0.10302, 0.31979
-0.02593, 1.22717, -0.27004, -0.28197, -0.06580, 0.34375, -0.26198, -0.09958, 0.38933
-0.03201, 1.21854, -0.32962, -0.34276, -0.08061, 0.45224, -0.31816, -0.12134, 0.46320
-0.03890, 1.20855, -0.40178, -0.43499, -0.06128, 0.45422, -0.37612, -0.16838, 0.57709
-0.04599, 1.19708, -0.48226, -0.54156, -0.03214, 0.43348, -0.44466, -0.21457, 0.64637
-0.05160, 1.18385, -0.56353, -0.66267, 0.02664, 0.43809, -0.51811, -0.25779, 0.65555
-0.05726, 1.17101, -0.63267, -0.75483, 0.05694, 0.45153, -0.57621, -0.30419, 0.59588
-0.06240, 1.15840, -0.69286, -0.82523, 0.06516, 0.47677, -0.63048, -0.33583, 0.50912
-0.06645, 1.14609, -0.74796, -0.88630, 0.06248, 0.54277, -0.68488, -0.35391, 0.41531
-0.06949, 1.13465, -0.80453, -0.94838, 0.05674, 0.60267, -0.75038, -0.35006, 0.33134
-0.07045, 1.12737, -0.83472, -0.98077, 0.04958, 0.64939, -0.78577, -0.34689, 0.30368
-0.06754, 1.12801, -0.81381, -0.95926, 0.04144, 0.71812, -0.76651, -0.33990, 0.28486
-0.06081, 1.13766, -0.73849, -0.87812, 0.03371, 0.75587, -0.68930, -0.33065, 0.25362
-0.04859, 1.15489, -0.60506, -0.72994, 0.01694, 0.79453, -0.54999, -0.32568, 0.25797
-0.02950, 1.17663, -0.41051, -0.51224, -0.00580, 0.82949, -0.33369, -0.34354, 0.29745
-0.00311, 1.19767, -0.14429, -0.20692, -0.03996, 0.84301, -0.00893, -0.41340, 0.36927
0.02349, 1.21009, 0.08285, 0.03669, -0.04097, 0.84570, 0.26018, -0.46750, 0.45313
0.04290, 1.21877, 0.18192, 0.09170, 0.04198, 0.84359, 0.35125, -0.46981, 0.56835
0.05341, 1.22843, 0.19878, 0.06731, 0.09137, 0.83984, 0.34976, -0.47354, 0.68071
0.05791, 1.23971, 0.17353, 0.01793, 0.08848, 0.78972, 0.30533, -0.48724, 0.76104
0.06000, 1.25114, 0.14083, -0.01660, 0.03470, 0.70442, 0.25354, -0.49968, 0.84539
0.06251, 1.26262, 0.11485, -0.03654, -0.03479, 0.59764, 0.20356, -0.49836, 0.88307
0.06664, 1.27450, 0.09222, -0.06128, -0.08800, 0.42866, 0.14462, -0.47005, 0.89268
0.07134, 1.28543, 0.06957, -0.09805, -0.11086, 0.26678, 0.08775, -0.44866, 0.86935
0.07540, 1.29405, 0.05136, -0.12864, -0.13168, 0.18695, 0.04933, -0.45485, 0.83469
0.07897, 1.30103, 0.03436, -0.15162, -0.16673, 0.15320, 0.01438, -0.46055, 0.81677
0.08406, 1.30707, 0.00698, -0.20932, -0.15955, 0.11242, -0.04587, -0.43873, 0.80749
0.09017, 1.31170, -0.03200, -0.30053, -0.11431, 0.10143, -0.13128, -0.39752, 0.75077
0.09555, 1.31357, -0.07039, -0.38697, -0.07692, 0.18559, -0.21150, -0.36759, 0.68817
0.10026, 1.31303, -0.10481, -0.45075, -0.07503, 0.34427, -0.29116, -0.32564, 0.68229
0.10516, 1.31065, -0.13625, -0.50389, -0.08379, 0.56755, -0.37515, -0.26692, 0.68490
0.10944, 1.30621, -0.16867, -0.55779, -0.08015, 0.87256, -0.45520, -0.22004, 0.69570
0.11301, 1.30139, -0.21374, -0.64146, -0.04497, 1.04973, -0.54151, -0.19413, 0.68832
0.11672, 1.29597, -0.25751, -0.73101, -0.00501, 1.10061, -0.62051, -0.17948, 0.70525
0.12032, 1.29082, -0.29058, -0.79963, 0.01154, 1.08965, -0.67865, -0.18138, 0.73309
0.12515, 1.28850, -0.29327, -0.82480, 0.01252, 1.05325, -0.68246, -0.22769, 0.71405
0.13559, 1.29026, -0.23644, -0.77960, 0.00546, 0.97560, -0.61236, -0.28660, 0.69777
0.15344, 1.29407, -0.11094, -0.65657, -0.00059, 0.89103, -0.46582, -0.33849, 0.72865
0.17478, 1.29458, 0.05343, -0.49002, 0.00301, 0.84499, -0.26870, -0.39932, 0.82020
0.19534, 1.29026, 0.20910, -0.33235, 0.00840, 0.82112, -0.09155, -0.44014, 0.87284
0.21397, 1.28293, 0.33760, -0.20630, 0.01093, 0.76037, 0.03584, -0.44391, 0.88926
0.22818, 1.27499, 0.41636, -0.13716, 0.01066, 0.65918, 0.09685, -0.43155, 0.88702
0.23761, 1.26857, 0.44524, -0.12441, 0.00963, 0.52213, 0.10434, -0.43235, 0.82912
0.24335, 1.26482, 0.43401, -0.15663, 0.00997, 0.33457, 0.07324, -0.45208, 0.66685
0.24771, 1.26210, 0.41338, -0.19630, 0.01021, 0.16547, 0.03987, -0.48157, 0.40443
0.25229, 1.26056, 0.39375, -0.23265, 0.01103, -0.01749, 0.01082, -0.49523, 0.03940
0.25707, 1.26122, 0.36254, -0.27876, 0.01368, -0.28859, -0.04403, -0.44712, -0.44732
0.25935, 1.26011, 0.30844, -0.34732, 0.01669, -0.56709, -0.14193, -0.34100, -0.95175
0.25741, 1.25348, 0.24929, -0.41509, 0.00282, -0.73891, -0.22933, -0.29255, -1.19548
0.25197, 1.24387, 0.17688, -0.48831, -0.03394, -0.85155, -0.32177, -0.28824, -1.24240
0.24413, 1.23203, 0.10331, -0.54116, -0.11823, -0.90054, -0.41030, -0.31379, -1.13073
0.23565, 1.21828, 0.04102, -0.57170, -0.22370, -0.91269, -0.47904, -0.35692, -0.98166
0.22812, 1.20181, -0.02820, -0.62630, -0.30244, -0.90785, -0.57125, -0.36417, -0.89665
0.22314, 1.18268, -0.09250, -0.69257, -0.35162, -0.89514, -0.67348, -0.34819, -0.79284
0.21972, 1.16099, -0.14909, -0.75598, -0.39245, -0.88001, -0.77894, -0.32014, -0.61231
0.21790, 1.13813, -0.18615, -0.79024, -0.44959, -0.86490, -0.87128, -0.27719, -0.37973
0.21709, 1.11337, -0.22416, -0.83711, -0.48673, -0.85074, -0.97508, -0.20684, -0.18876
0.21905, 1.08886, -0.23949, -0.86773, -0.50715, -0.83851, -1.04964, -0.14109, 0.00421
0.22545, 1.06599, -0.20273, -0.83218, -0.54972, -0.79115, -1.06324, -0.07692, 0.29560
0.23324, 1.03954, -0.16070, -0.80362, -0.58117, -0.67645, -1.09065, 0.04201, 0.65317
0.24127, 1.01415, -0.11383, -0.77681, -0.59901, -0.51043, -1.08421, 0.11793, 1.00428
0.25156, 0.99133, -0.06105, -0.75023, -0.59360, -0.36476, -1.05416, 0.14198, 1.15037
0.26532, 0.97017, 0.02064, -0.68521, -0.59461, -0.22971, -0.98473, 0.13894, 1.17882
0.28068, 0.94912, 0.12549, -0.57892, -0.62060, -0.10833, -0.88494, 0.12426, 1.15181
0.29416, 0.92680, 0.21532, -0.48617, -0.64443, -0.06589, -0.80019, 0.10614, 1.09887
0.30395, 0.90362, 0.27343, -0.42619, -0.66831, -0.09327, -0.75300, 0.08888, 0.99000
0.30902, 0.88139, 0.28858, -0.40753, -0.69798, -0.18723, -0.75216, 0.06202, 0.78031
0.31033, 0.86157, 0.26720, -0.42104, -0.74248, -0.24079, -0.78257, 0.02056, 0.47262
0.30981, 0.84467, 0.23945, -0.42486, -0.81323, -0.26869, -0.79670, -0.04822, 0.19894
0.30792, 0.83018, 0.23178, -0.37807, -0.92785, -0.29589, -0.75873, -0.16616, 0.14054
0.30305, 0.81434, 0.23189, -0.30244, -1.07706, -0.32413, -0.70835, -0.29541, 0.19486
0.29600, 0.79505, 0.24202, -0.21102, -1.24226, -0.29997, -0.65044, -0.42560, 0.30558
0.28782, 0.77294, 0.25263, -0.12452, -1.39802, -0.28349, -0.59870, -0.55173, 0.44703
0.27787, 0.74879, 0.25270, -0.05344, -1.54227, -0.30442, -0.56604, -0.67250, 0.58645
0.26685, 0.72217, 0.24973, 0.00768, -1.68614, -0.25415, -0.54559, -0.78179, 0.72615
0.25330, 0.69375, 0.22521, 0.03991, -1.82523, -0.20817, -0.56002, -0.87379, 0.86590
0.23602, 0.67196, 0.18575, 0.05261, -1.94497, -0.19828, -0.57492, -0.98765, 0.92846
0.21938, 0.66564, 0.15246, 0.05458, -2.02327, -0.09373, -0.56860, -1.09068, 0.94328
0.20610, 0.66682, 0.12540, 0.05015, -2.07387, 0.10512, -0.56290, -1.15528, 0.93638
0.19560, 0.67115, 0.09872, 0.03689, -2.10116, 0.38119, -0.56969, -1.18245, 0.92115
0.18846, 0.67640, 0.07665, 0.02135, -2.09851, 0.75498, -0.58502, -1.17750, 0.90399
0.18517, 0.68327, 0.06355, 0.01470, -2.06978, 1.05814, -0.59917, -1.14739, 0.88750
0.18515, 0.69184, 0.05562, 0.01425, -2.03910, 1.16671, -0.61359, -1.09664, 0.87244
0.18878, 0.70103, 0.05478, 0.01649, -2.00317, 1.17541, -0.62865, -1.02378, 0.85972
0.19657, 0.71061, 0.06288, 0.01933, -1.95503, 1.13789, -0.64616, -0.92180, 0.84963
0.20814, 0.71984, 0.07926, 0.02147, -1.89305, 1.07886, -0.67458, -0.79134, 0.84114
0.22334, 0.72840, 0.10298, 0.02206, -1.81529, 1.01601, -0.71987, -0.62929, 0.82772
0.24127, 0.73617, 0.13099, 0.02097, -1.72626, 0.92290, -0.78642, -0.42752, 0.79782
0.25948, 0.74330, 0.16037, 0.01955, -1.64103, 0.82896, -0.86989, -0.19740, 0.73893
0.27602, 0.75023, 0.18921, 0.01774, -1.57032, 0.78812, -0.96080, 0.03904, 0.64115
0.29068, 0.76005, 0.21607, 0.01144, -1.49779, 0.77740, -1.00819, 0.17551, 0.52207
0.30564, 0.77302, 0.23638, -0.01224, -1.40768, 0.78363, -1.02083, 0.22027, 0.35408
0.32349, 0.78860, 0.26742, -0.03053, -1.30373, 0.78907, -0.99604, 0.21941, 0.21522
0.34612, 0.80535, 0.32899, -0.01863, -1.19097, 0.78721, -0.92389, 0.19693, 0.07389
0.36813, 0.82191, 0.38643, -0.01444, -1.07163, 0.77937, -0.85015, 0.16623, -0.03152
0.38811, 0.83772, 0.43300, -0.02381, -0.94836, 0.76322, -0.78806, 0.13500, -0.06823
0.40617, 0.85262, 0.46953, -0.04634, -0.82031, 0.73835, -0.74036, 0.10780, -0.02593
0.42305, 0.86751, 0.49268, -0.08742, -0.68507, 0.69853, -0.71030, 0.08629, 0.00929
0.44209, 0.88250, 0.53317, -0.10393, -0.56000, 0.63548, -0.65777, 0.06201, -0.02230
0.45854, 0.89796, 0.55802, -0.12857, -0.45418, 0.54263, -0.62225, 0.03856, -0.03695
0.47240, 0.91430, 0.55896, -0.17531, -0.35712, 0.43712, -0.61800, 0.02592, -0.05656
0.48520, 0.93120, 0.53692, -0.26175, -0.23295, 0.32264, -0.64268, 0.02003, -0.11706
0.49570, 0.94701, 0.49344, -0.38859, -0.07783, 0.19811, -0.69566, 0.01713, -0.12662
0.50656, 0.96289, 0.46123, -0.48911, 0.05401, 0.04215, -0.73625, 0.01636, -0.14289
0.51770, 0.98168, 0.44196, -0.53463, 0.11466, -0.09457, -0.75793, 0.01609, -0.18439
0.53080, 1.00208, 0.44770, -0.52559, 0.13133, -0.23447, -0.74928, 0.01502, -0.17618
0.54884, 1.02228, 0.50546, -0.44363, 0.12610, -0.35970, -0.67672, 0.00365, -0.09119
0.56793, 1.04049, 0.58573, -0.32747, 0.10485, -0.47088, -0.58280, 0.00172, 0.06053
0.58302, 1.05828, 0.63352, -0.24599, 0.07901, -0.56633, -0.53040, 0.01286, 0.20411
0.59572, 1.07596, 0.65800, -0.19466, 0.06021, -0.63709, -0.50117, 0.01711, 0.32644
0.60843, 1.09168, 0.68739, -0.14185, 0.04561, -0.65234, -0.46341, 0.01373, 0.46961
0.62156, 1.10492, 0.73443, -0.06407, 0.01604, -0.59831, -0.40261, 0.00776, 0.66389
0.63551, 1.11729, 0.80807, 0.06355, -0.04800, -0.55488, -0.30185, -0.01051, 0.85680
0.64731, 1.13140, 0.83263, 0.11564, -0.07340, -0.53161, -0.26060, -0.03195, 0.94406
0.65923, 1.14455, 0.82749, 0.10827, -0.05183, -0.50361, -0.27509, -0.01907, 0.96744
0.67200, 1.15524, 0.82210, 0.09279, -0.01855, -0.44959, -0.30869, 0.02714, 0.96016
0.68414, 1.16621, 0.81226, 0.07276, 0.01845, -0.40720, -0.33746, 0.04799, 0.94065
0.69421, 1.17852, 0.78429, 0.04218, 0.03786, -0.35464, -0.38053, 0.05405, 0.91831
0.70308, 1.19062, 0.74944, 0.01106, 0.04372, -0.27359, -0.42903, 0.05313, 0.89754
0.71238, 1.20146, 0.72540, -0.00277, 0.04250, -0.18910, -0.46441, 0.04924, 0.87962
0.72233, 1.21072, 0.71264, -0.00105, 0.03809, -0.09217, -0.48735, 0.04438, 0.86485
0.73234, 1.21952, 0.70250, 0.00587, 0.03342, -0.02121, -0.50761, 0.03974, 0.85288
0.74179, 1.22734, 0.68848, 0.00874, 0.02917, 0.07441, -0.53350, 0.03567, 0.84364
0.75056, 1.23340, 0.67133, 0.00907, 0.02490, 0.23744, -0.56506, 0.03235, 0.83667
0.75858, 1.23798, 0.65107, 0.00864, 0.02141, 0.46919, -0.60135, 0.02940, 0.83138
0.76584, 1.24187, 0.62686, 0.00813, 0.02006, 0.76286, -0.64118, 0.02624, 0.82762
0.77313, 1.24686, 0.60182, 0.00804, 0.02038, 0.99376, -0.67887, 0.02299, 0.82379
0.77980, 1.25333, 0.56748, -0.00798, 0.02086, 1.07350, -0.72485, 0.02033, 0.82046
0.78802, 1.25899, 0.54735, -0.01105, 0.02020, 1.07328, -0.75429, 0.01806, 0.81903
0.79806, 1.26356, 0.54481, 0.00505, 0.01896, 1.04431, -0.75975, 0.00645, 0.81879
0.80693, 1.26777, 0.53231, 0.00982, 0.01765, 1.00623, -0.77874, -0.00076, 0.81883
0.81559, 1.27150, 0.51836, 0.01301, 0.01591, 0.96771, -0.79647, -0.01380, 0.81924
0.82420, 1.27488, 0.50453, 0.01578, 0.01467, 0.93277, -0.80734, -0.04010, 0.81974
0.83271, 1.27767, 0.49005, 0.01732, 0.01381, 0.90359, -0.81644, -0.07064, 0.82021
0.84076, 1.28027, 0.47365, 0.01891, 0.00753, 0.88067, -0.82083, -0.11400, 0.82060
0.84812, 1.28259, 0.45348, 0.02072, -0.01025, 0.86178, -0.82856, -0.15632, 0.82086
0.85502, 1.28489, 0.43155, 0.02273, -0.03596, 0.82778, -0.83298, -0.20637, 0.82108
0.86237, 1.28673, 0.41142, 0.02405, -0.06070, 0.75054, -0.83989, -0.24368, 0.82097
0.87005, 1.28790, 0.39125, 0.02280, -0.08111, 0.63393, -0.85565, -0.26161, 0.82074
0.87676, 1.28794, 0.36407, 0.02027, -0.11237, 0.53627, -0.88831, -0.26165, 0.82066
0.88443, 1.28571, 0.34052, 0.01797, -0.13471, 0.48731, -0.92734, -0.24178, 0.82075
0.89439, 1.28145, 0.33119, 0.01328, -0.11662, 0.50009, -0.94096, -0.24671, 0.82100
0.90683, 1.27496, 0.33660, 0.00846, -0.06156, 0.57607, -0.93283, -0.26732, 0.82076
0.92252, 1.26576, 0.36015, 0.00778, 0.03032, 0.69792, -0.90847, -0.28285, 0.82039
0.93546, 1.25807, 0.37334, 0.01227, 0.08761, 0.80442, -0.87673, -0.33243, 0.82014
0.94538, 1.25275, 0.37304, 0.01700, 0.10626, 0.84237, -0.84596, -0.40252, 0.81934
0.95343, 1.24837, 0.36414, 0.01996, 0.10375, 0.85338, -0.81801, -0.48035, 0.81859
0.95898, 1.24520, 0.35066, 0.02289, 0.08819, 0.81986, -0.77733, -0.59042, 0.81815
0.96181, 1.24310, 0.32792, 0.02447, 0.05046, 0.71159, -0.74335, -0.70292, 0.81788
0.96423, 1.24095, 0.29147, 0.00885, 0.01283, 0.51955, -0.74384, -0.77126, 0.81803
0.96885, 1.23815, 0.26005, -0.00146, -0.02149, 0.28269, -0.75483, -0.80341, 0.81872
0.97652, 1.23470, 0.24802, 0.01002, -0.04730, 0.01005, -0.75053, -0.82168, 0.81953
0.98324, 1.23051, 0.23044, 0.01644, -0.07525, -0.20411, -0.75142, -0.84261, 0.81990
0.98869, 1.22619, 0.20574, 0.01924, -0.13422, -0.25551, -0.75762, -0.86703, 0.82004
0.99646, 1.22208, 0.18883, 0.01936, -0.18864, -0.23383, -0.75937, -0.87909, 0.82008
1.00754, 1.21810, 0.18508, 0.01821, -0.22410, -0.18473, -0.75136, -0.87856, 0.82018
1.02148, 1.21465, 0.19595, 0.01733, -0.23471, -0.13375, -0.72705, -0.87511, 0.82031
1.03598, 1.21175, 0.21172, 0.01832, -0.23893, -0.08640, -0.69436, -0.87357, 0.82038
1.05008, 1.20936, 0.22449, 0.01922, -0.24754, -0.04525, -0.66605, -0.86519, 0.82050
1.06289, 1.20718, 0.23119, 0.02034, -0.26686, -0.00702, -0.64368, -0.85541, 0.82044
1.07532, 1.20545, 0.23993, 0.02195, -0.27970, 0.02060, -0.61326, -0.85415, 0.82016
1.08768, 1.20405, 0.25165, 0.02298, -0.28260, 0.03759, -0.57509, -0.85959, 0.81992
1.09926, 1.20193, 0.25753, 0.02245, -0.29476, 0.06435, -0.54704, -0.85815, 0.81992
1.11090, 1.19814, 0.26249, 0.02187, -0.31296, 0.13659, -0.52361, -0.85222, 0.82010
1.12325, 1.19317, 0.27492, 0.02190, -0.31575, 0.23519, -0.48804, -0.85562, 0.82022
1.13793, 1.18766, 0.29906, 0.02131, -0.28845, 0.30638, -0.44163, -0.85399, 0.82042
1.15316, 1.18180, 0.32748, 0.02225, -0.25377, 0.34570, -0.38980, -0.85144, 0.82051
1.16913, 1.17586, 0.35979, 0.02368, -0.21200, 0.32985, -0.33435, -0.84357, 0.82058
1.18665, 1.16995, 0.39367, 0.02482, -0.16918, 0.24230, -0.28761, -0.80988, 0.82083
1.20282, 1.16384, 0.42175, 0.02616, -0.13899, 0.13285, -0.24624, -0.77653, 0.82081
1.21697, 1.15654, 0.44045, 0.02607, -0.12685, 0.08149, -0.21432, -0.74767, 0.82081
1.23077, 1.14741, 0.44868, 0.02487, -0.14315, 0.12465, -0.20923, -0.69048, 0.82124
1.24625, 1.13589, 0.45981, 0.02455, -0.16341, 0.24132, -0.21649, -0.60277, 0.82169
1.26394, 1.12210, 0.48124, 0.02570, -0.16709, 0.38691, -0.22393, -0.49040, 0.82161
1.28276, 1.10640, 0.50782, 0.02733, -0.16121, 0.53866, -0.23924, -0.34803, 0.81977
1.30033, 1.08944, 0.53051, 0.02935, -0.16358, 0.71410, -0.26350, -0.19633, 0.78858
1.31606, 1.07242, 0.54804, 0.03168, -0.17637, 0.89296, -0.28543, -0.06369, 0.69368
1.33068, 1.05687, 0.56611, 0.03420, -0.19366, 0.96887, -0.28318, 0.02110, 0.55892
1.34371, 1.04190, 0.58379, 0.03564, -0.21178, 0.98587, -0.25423, 0.05410, 0.47917
1.35513, 1.02625, 0.60008, 0.03409, -0.22492, 0.97378, -0.20884, 0.05295, 0.51085
1.36327, 1.01087, 0.60573, 0.03110, -0.25663, 0.94197, -0.15350, 0.01151, 0.65464
1.36755, 0.99656, 0.59383, 0.02804, -0.33136, 0.85105, -0.10365, -0.04995, 0.87468
1.37099, 0.98382, 0.57164, 0.02431, -0.42957, 0.65468, -0.07003, -0.10737, 0.98820
1.37564, 0.97163, 0.53942, 0.00363, -0.50737, 0.39076, -0.06704, -0.13386, 1.02049
1.38268, 0.95979, 0.50903, -0.01689, -0.57413, 0.25954, -0.07942, -0.14689, 1.01161
1.39297, 0.94915, 0.49793, -0.00433, -0.66040, 0.20638, -0.07407, -0.18297, 0.98409
1.40752, 0.94029, 0.48635, 0.00056, -0.73489, 0.17436, -0.09161, -0.19727, 0.91333
1.42720, 0.93230, 0.47580, -0.01233, -0.77747, 0.14478, -0.13747, -0.17154, 0.83786
1.45299, 0.92405, 0.50814, 0.01681, -0.80747, 0.10927, -0.14096, -0.14462, 0.78198
1.48188, 0.91696, 0.54897, 0.04452, -0.81482, 0.06580, -0.13554, -0.12432, 0.73112
1.51275, 0.91084, 0.58007, 0.05297, -0.80517, 0.01175, -0.15961, -0.07452, 0.66665
1.54410, 0.90562, 0.60424, 0.05369, -0.79156, -0.05288, -0.19865, -0.01272, 0.59416
1.57536, 0.90276, 0.62600, 0.05197, -0.76980, -0.13032, -0.22051, 0.01329, 0.52439
1.60646, 0.90269, 0.64076, 0.04552, -0.74518, -0.22389, -0.23704, 0.01835, 0.44961
1.63741, 0.90514, 0.64867, 0.03700, -0.72236, -0.33760, -0.25342, 0.01451, 0.36681
1.66897, 0.90970, 0.64807, 0.01588, -0.68191, -0.52186, -0.27524, 0.00827, 0.27332
1.70146, 0.91470, 0.64244, -0.02226, -0.61619, -0.71721, -0.30271, 0.00635, 0.17127
1.73515, 0.91888, 0.65502, -0.03624, -0.55882, -0.88305, -0.30763, 0.00692, 0.06533
1.76874, 0.92234, 0.68226, -0.02029, -0.53723, -0.95629, -0.29298, 0.00851, -0.05766
1.80267, 0.92534, 0.71310, -0.00090, -0.52508, -0.94113, -0.27185, 0.01079, -0.19628
1.83716, 0.92821, 0.74292, 0.01155, -0.50492, -0.88849, -0.24950, 0.01411, -0.37912
1.87154, 0.93064, 0.77017, 0.01609, -0.47867, -0.78792, -0.22651, 0.01770, -0.61600
1.90557, 0.93204, 0.79667, 0.01380, -0.44009, -0.66624, -0.20130, 0.02066, -0.87273
1.93826, 0.93190, 0.81694, 0.00721, -0.39937, -0.59420, -0.18939, 0.02126, -0.99654
1.96896, 0.93118, 0.82853, 0.00487, -0.38427, -0.53103, -0.19254, 0.02095, -1.02612
1.99918, 0.92996, 0.83782, 0.00493, -0.37534, -0.49866, -0.20065, 0.02016, -1.01270
2.02872, 0.92792, 0.84493, 0.00547, -0.37508, -0.43910, -0.21200, 0.01896, -0.98500
2.05749, 0.92512, 0.84946, 0.00589, -0.38342, -0.34523, -0.22645, 0.01779, -0.95436
2.08710, 0.92193, 0.85724, 0.00652, -0.37943, -0.31441, -0.23635, 0.01645, -0.92560
2.11637, 0.91912, 0.86148, 0.00832, -0.38271, -0.32785, -0.24834, 0.01488, -0.90105
2.14499, 0.91610, 0.86230, 0.01059, -0.39587, -0.33832, -0.26331, 0.01371, -0.87952
2.17316, 0.91314, 0.86185, 0.01322, -0.41221, -0.35009, -0.27209, -0.00014, -0.86179
2.20094, 0.90958, 0.85167, -0.00104, -0.41986, -0.34879, -0.29584, -0.00620, -0.84949
2.22960, 0.90373, 0.85805, 0.01031, -0.44326, -0.33773, -0.31031, 0.00672, -0.84070
2.25727, 0.89931, 0.86087, 0.03048, -0.48382, -0.38759, -0.31779, 0.00175, -0.83223
2.28472, 0.89533, 0.85306, 0.03551, -0.51131, -0.49904, -0.33817, -0.00069, -0.82384
2.31323, 0.88860, 0.85084, 0.03245, -0.51399, -0.59571, -0.36177, 0.00686, -0.75953
2.34102, 0.88081, 0.84873, 0.02916, -0.52478, -0.61513, -0.38073, 0.00558, -0.69924
2.36700, 0.87431, 0.83497, 0.02662, -0.56578, -0.59408, -0.40611, 0.00358, -0.74090
2.39208, 0.86861, 0.81526, 0.02522, -0.61836, -0.59589, -0.43260, -0.00072, -0.83722
2.41719, 0.86254, 0.78921, 0.01076, -0.65046, -0.68005, -0.47007, -0.00139, -0.88516
2.44289, 0.85604, 0.76050, -0.01475, -0.65491, -0.85645, -0.51266, -0.00051, -0.89777
2.46899, 0.84752, 0.74415, -0.02938, -0.66633, -0.94518, -0.53580, -0.01222, -0.89196
2.49522, 0.83671, 0.74417, -0.01797, -0.70319, -0.96424, -0.54182, -0.02606, -0.84777
2.51997, 0.82506, 0.74986, 0.01634, -0.77396, -0.95567, -0.53929, -0.04553, -0.79331
2.54060, 0.81435, 0.73146, 0.03542, -0.86756, -0.93650, -0.55926, -0.07412, -0.74008
2.55767, 0.80352, 0.69298, 0.04127, -0.97973, -0.91424, -0.60587, -0.09387, -0.70590
2.57027, 0.79223, 0.63956, 0.04081, -1.11103, -0.89025, -0.66378, -0.13143, -0.61871
2.57759, 0.78054, 0.57501, 0.03808, -1.25841, -0.86886, -0.71647, -0.21305, -0.44741
2.57988, 0.76792, 0.50280, 0.03489, -1.41740, -0.85306, -0.76274, -0.32825, -0.23863
2.57613, 0.75366, 0.42345, 0.03203, -1.58814, -0.84095, -0.80474, -0.47341, 0.02789
2.56662, 0.73675, 0.34063, 0.02985, -1.77246, -0.79143, -0.84456, -0.63493, 0.34368
2.55396, 0.71620, 0.26062, 0.02872, -1.96514, -0.70334, -0.89060, -0.77615, 0.72868
2.54034, 0.69355, 0.18642, 0.02866, -2.15940, -0.59350, -0.92659, -0.92080, 1.07497
2.52907, 0.67805, 0.13379, 0.02771, -2.33952, -0.36576, -0.91708, -1.10764, 1.20566
2.52143, 0.67379, 0.10439, 0.02513, -2.49023, -0.07947, -0.87063, -1.29662, 1.22187
2.51587, 0.67501, 0.07873, 0.01138, -2.61883, 0.20881, -0.82451, -1.46037, 1.18555
2.51487, 0.67895, 0.04004, -0.03810, -2.70053, 0.56115, -0.80748, -1.57737, 1.12977
2.52082, 0.68377, 0.01196, -0.08940, -2.73158, 0.96632, -0.78926, -1.66300, 1.07140
2.53391, 0.68777, -0.00687, -0.13905, -2.73671, 1.16748, -0.77357, -1.71761, 1.01836
2.55438, 0.69184, -0.00436, -0.16957, -2.72896, 1.22048, -0.74281, -1.74993, 0.97356
2.58181, 0.69649, 0.03381, -0.15721, -2.71535, 1.20053, -0.67649, -1.77143, 0.93723
2.61376, 0.70080, 0.09744, -0.10665, -2.69946, 1.15014, -0.58634, -1.78228, 0.90835
2.64767, 0.70396, 0.17225, -0.03529, -2.68368, 1.09092, -0.48882, -1.78285, 0.88383
2.68089, 0.70549, 0.23676, 0.02849, -2.66883, 1.03343, -0.41207, -1.76705, 0.86476
2.71309, 0.70565, 0.27488, 0.05785, -2.64871, 0.98369, -0.37971, -1.72417, 0.85065
2.74622, 0.70496, 0.29749, 0.06513, -2.61670, 0.94318, -0.37857, -1.65615, 0.84037
2.78123, 0.70356, 0.31455, 0.06226, -2.57013, 0.91040, -0.39410, -1.56926, 0.83181
2.81843, 0.70158, 0.33043, 0.05514, -2.51072, 0.88512, -0.41899, -1.46784, 0.79024
2.85800, 0.69913, 0.34750, 0.04705, -2.44138, 0.86674, -0.44790, -1.35632, 0.66217
2.89898, 0.69642, 0.36597, 0.03977, -2.36668, 0.85348, -0.47479, -1.24251, 0.42383
2.93986, 0.69371, 0.38382, 0.03385, -2.29284, 0.84375, -0.49657, -1.12842, 0.07213
2.97972, 0.69106, 0.40093, 0.02985, -2.22255, 0.83661, -0.51237, -1.00687, -0.38186
3.01769, 0.68788, 0.41824, 0.02820, -2.15933, 0.83142, -0.52811, -0.86214, -0.92337
3.04980, 0.68218, 0.43322, 0.02910, -2.11797, 0.82775, -0.55299, -0.73756, -1.22704
3.07702, 0.67495, 0.44340, 0.03032, -2.09529, 0.82498, -0.57635, -0.65944, -1.30856
3.10114, 0.66648, 0.44718, 0.02961, -2.08584, 0.82114, -0.60596, -0.60937, -1.21716
3.12275, 0.65635, 0.44185, 0.02722, -2.09365, 0.76919, -0.65957, -0.55408, -0.98594
3.14103, 0.64437, 0.42643, 0.02563, -2.12380, 0.61421, -0.74331, -0.47203, -0.65541
3.15824, 0.63443, 0.42603, 0.02434, -2.14792, 0.42644, -0.81244, -0.37256, -0.25148
3.17407, 0.62795, 0.43790, 0.02263, -2.16121, 0.21264, -0.86749, -0.23870, 0.20168
3.18793, 0.62378, 0.45286, 0.02029, -2.16815, 0.01228, -0.93259, -0.02234, 0.69755
3.20006, 0.62403, 0.45133, -0.00507, -2.16666, -0.09304, -0.98517, 0.17139, 1.11965
3.21549, 0.62825, 0.45051, -0.03125, -2.15439, -0.16154, -0.98902, 0.24182, 1.28189
3.23485, 0.63331, 0.47930, -0.01942, -2.14745, -0.19543, -0.93980, 0.24964, 1.30376
3.25422, 0.63829, 0.51188, -0.00846, -2.14756, -0.10823, -0.88039, 0.22883, 1.23150
3.27338, 0.64308, 0.53655, -0.01316, -2.14195, 0.05452, -0.83314, 0.19767, 1.04639
3.29379, 0.64789, 0.55155, -0.03847, -2.11662, 0.28538, -0.80224, 0.16585, 0.74423
3.31610, 0.65339, 0.55714, -0.08205, -2.06211, 0.59107, -0.78233, 0.13804, 0.34519
3.34035, 0.65925, 0.56944, -0.10808, -1.99167, 0.88327, -0.75703, 0.11423, 0.05725
3.36605, 0.66578, 0.59284, -0.09785, -1.93871, 1.01714, -0.72342, 0.09448, -0.11845
3.39293, 0.67316, 0.62013, -0.06999, -1.89894, 1.04349, -0.68771, 0.07905, -0.25060
3.42074, 0.68131, 0.65244, -0.02698, -1.86880, 1.01828, -0.64606, 0.06599, -0.36866
3.44821, 0.69034, 0.68413, 0.02381, -1.84879, 0.98337, -0.60388, 0.05407, -0.48435
3.47375, 0.70100, 0.69174, 0.04830, -1.82913, 0.94715, -0.58768, 0.04350, -0.60908
3.49843, 0.71306, 0.68508, 0.05654, -1.80808, 0.91377, -0.58063, 0.03055, -0.80541
3.52220, 0.72549, 0.67458, 0.05781, -1.78143, 0.88707, -0.55954, -0.01762, -0.97002
3.54544, 0.73718, 0.66570, 0.05591, -1.74583, 0.86742, -0.52195, -0.10617, -1.02582
3.56906, 0.74693, 0.65753, 0.04987, -1.70330, 0.83992, -0.49497, -0.18130, -1.02738
3.59414, 0.75412, 0.65163, 0.04116, -1.65495, 0.80392, -0.49075, -0.21331, -1.00561
3.62150, 0.75899, 0.65456, 0.03439, -1.59574, 0.78384, -0.49252, -0.21700, -0.97630
3.65074, 0.76139, 0.66454, 0.02853, -1.52726, 0.79050, -0.50614, -0.18454, -0.94668
3.67888, 0.76257, 0.67161, 0.02389, -1.47024, 0.79531, -0.53464, -0.13035, -0.91931
3.70407, 0.76420, 0.67123, 0.02107, -1.43290, 0.79955, -0.56218, -0.09295, -0.89533
3.72844, 0.76512, 0.66928, 0.01948, -1.40280, 0.80298, -0.59391, -0.05026, -0.87623
3.75240, 0.76533, 0.66719, 0.01890, -1.37597, 0.80560, -0.62626, -0.00607, -0.86080
3.77600, 0.76654, 0.66480, 0.01864, -1.34633, 0.80759, -0.63748, -0.00182, -0.84686
3.80071, 0.76748, 0.66687, 0.01873, -1.30572, 0.80739, -0.63616, -0.01125, -0.83625
3.82560, 0.76686, 0.67014, 0.01916, -1.26690, 0.80571, -0.64433, 0.00031, -0.82910
3.85041, 0.76595, 0.67325, 0.01957, -1.22823, 0.79577, -0.64868, 0.00466, -0.82390
3.87512, 0.76489, 0.67593, 0.01906, -1.18720, 0.78565, -0.64755, -0.00261, -0.81944
3.89915, 0.76259, 0.67723, 0.01884, -1.15261, 0.79019, -0.65430, 0.00199, -0.81626
3.92226, 0.76027, 0.67560, 0.01897, -1.12594, 0.79314, -0.65705, -0.00666, -0.81437
3.94543, 0.75765, 0.67283, 0.01799, -1.09978, 0.76899, -0.66019, -0.01675, -0.81216
3.96760, 0.75439, 0.66848, 0.01710, -1.07718, 0.75400, -0.66119, -0.04063, -0.75919
3.98859, 0.75137, 0.65893, 0.01690, -1.06766, 0.72565, -0.66187, -0.07283, -0.73505
4.00818, 0.74963, 0.63905, 0.01678, -1.08113, 0.60687, -0.66707, -0.11061, -0.76398
4.02505, 0.74868, 0.60624, 0.01668, -1.11790, 0.39693, -0.68169, -0.16067, -0.75261
4.04064, 0.74718, 0.56554, 0.01633, -1.15764, 0.09146, -0.71541, -0.19616, -0.67922
4.05504, 0.74507, 0.52227, 0.01648, -1.19624, -0.20952, -0.74807, -0.23977, -0.59181
4.06766, 0.74165, 0.47294, 0.01656, -1.25339, -0.44054, -0.79239, -0.27264, -0.51697
4.07730, 0.73670, 0.41751, 0.01560, -1.32033, -0.63998, -0.84136, -0.31527, -0.38573
4.08403, 0.73073, 0.36018, 0.01515, -1.39410, -0.79322, -0.87416, -0.39491, -0.24240
4.08909, 0.72265, 0.30090, 0.01480, -1.47810, -0.89518, -0.90855, -0.47544, -0.13564
4.09102, 0.71210, 0.23840, 0.01494, -1.57844, -0.92858, -0.94318, -0.56802, -0.00380
4.08826, 0.69908, 0.17372, 0.01683, -1.70016, -0.86277, -0.96819, -0.69228, 0.19700
4.08371, 0.68663, 0.12067, 0.01841, -1.82414, -0.66210, -0.97239, -0.83027, 0.46259
4.08120, 0.68199, 0.09478, 0.01807, -1.91211, -0.36951, -0.93786, -0.95965, 0.79270
4.08173, 0.68161, 0.07561, 0.00362, -1.96596, -0.02660, -0.89572, -1.07083, 1.03052
4.08529, 0.68306, 0.06046, -0.01903, -1.99225, 0.39162, -0.85539, -1.16787, 1.11488
4.09151, 0.68524, 0.05606, -0.03468, -1.98700, 0.89530, -0.81143, -1.24836, 1.12127
4.10275, 0.69189, 0.08376, -0.00622, -1.97053, 1.20077, -0.73044, -1.31895, 1.09174
4.11827, 0.70060, 0.12693, 0.04081, -1.95942, 1.29667, -0.63518, -1.37073, 1.04908
4.13540, 0.70899, 0.15381, 0.06024, -1.94431, 1.28660, -0.56884, -1.39082, 1.00517
4.15488, 0.71716, 0.17435, 0.06511, -1.92571, 1.19667, -0.51925, -1.38392, 0.96559
4.17686, 0.72510, 0.19159, 0.06262, -1.90415, 1.03156, -0.48460, -1.34993, 0.93232
4.20119, 0.73294, 0.20754, 0.05792, -1.87684, 0.79268, -0.46125, -1.29309, 0.90535
4.22724, 0.74078, 0.22035, 0.05318, -1.84131, 0.46113, -0.45057, -1.21520, 0.88411
4.25434, 0.74833, 0.22861, 0.04888, -1.79256, 0.04583, -0.45658, -1.11219, 0.86749
4.28264, 0.75507, 0.24278, 0.04469, -1.71988, -0.35156, -0.46221, -0.99768, 0.85370
4.31218, 0.75983, 0.26900, 0.03999, -1.63891, -0.62066, -0.46140, -0.87298, 0.84329
4.34157, 0.76171, 0.30003, 0.03456, -1.57384, -0.74364, -0.46943, -0.72444, 0.83578
4.36944, 0.76097, 0.33262, 0.02934, -1.53003, -0.72875, -0.48121, -0.57192, 0.79645
4.39667, 0.75694, 0.36619, 0.02105, -1.50337, -0.57831, -0.51229, -0.41213, 0.73236
4.42377, 0.74900, 0.40452, 0.01211, -1.48588, -0.30048, -0.56743, -0.23314, 0.67378
4.44984, 0.73861, 0.45083, 0.00743, -1.46099, 0.07458, -0.61813, -0.06724, 0.61464
4.47375, 0.72750, 0.49881, 0.00547, -1.41592, 0.53342, -0.65429, 0.06298, 0.55714
4.49407, 0.71936, 0.53264, 0.00596, -1.35793, 1.00557, -0.66980, 0.12021, 0.51678
4.51164, 0.71593, 0.54184, 0.00764, -1.33676, 1.21950, -0.68884, 0.13407, 0.47688
4.52902, 0.71481, 0.54219, 0.00837, -1.33585, 1.26648, -0.70676, 0.12792, 0.43444
4.54805, 0.71484, 0.54345, 0.00920, -1.33511, 1.21393, -0.71864, 0.11328, 0.37029
4.56860, 0.71615, 0.54341, 0.01042, -1.34182, 1.05042, -0.72813, 0.09350, 0.22834
4.58884, 0.71917, 0.53431, 0.01241, -1.36618, 0.76762, -0.74339, 0.07437, 0.11047
4.60996, 0.72400, 0.51766, 0.01483, -1.38591, 0.37806, -0.76451, 0.05916, -0.04712
4.63251, 0.73081, 0.49743, 0.01772, -1.37900, -0.09456, -0.77924, 0.03869, -0.31305
4.65542, 0.73859, 0.48136, 0.02100, -1.34356, -0.54832, -0.76850, 0.00046, -0.68209
4.67548, 0.74497, 0.47040, 0.02294, -1.30764, -0.86433, -0.73157, -0.06720, -1.02752
4.69113, 0.74753, 0.45938, 0.02366, -1.30256, -0.99042, -0.69256, -0.16437, -1.15751
4.70492, 0.74548, 0.44738, 0.02301, -1.33496, -0.92620, -0.67838, -0.23805, -1.15483
4.71720, 0.73998, 0.43027, 0.02138, -1.38919, -0.81561, -0.69629, -0.27955, -1.04339
4.72697, 0.73354, 0.40299, 0.01981, -1.45283, -0.77843, -0.73400, -0.30638, -0.92150
4.73343, 0.72776, 0.36754, 0.02003, -1.52377, -0.79671, -0.76215, -0.36268, -0.83352
4.73758, 0.72099, 0.32814, 0.02077, -1.60533, -0.80482, -0.78859, -0.43073, -0.74705
4.73853, 0.71264, 0.28281, 0.02105, -1.69880, -0.80731, -0.81906, -0.51055, -0.61501
4.73437, 0.70250, 0.23354, 0.02193, -1.81070, -0.74729, -0.84006, -0.63072, -0.38253
4.72815, 0.68932, 0.18769, 0.02178, -1.93869, -0.56928, -0.86581, -0.74378, -0.08365
4.72167, 0.68048, 0.15521, 0.02006, -2.05419, -0.33539, -0.87709, -0.84287, 0.26259
4.71530, 0.67856, 0.13461, 0.01800, -2.14897, -0.08004, -0.87254, -0.91698, 0.69015
4.71155, 0.67973, 0.11375, 0.00245, -2.22380, 0.24152, -0.87211, -0.95136, 1.08346
4.71139, 0.68192, 0.08288, -0.03803, -2.26790, 0.62838, -0.88831, -0.97666, 1.23684
4.71518, 0.68453, 0.04778, -0.09237, -2.27781, 0.99874, -0.92476, -0.97597, 1.26072
4.72509, 0.68909, 0.03693, -0.11970, -2.28630, 1.15527, -0.94253, -0.95781, 1.22393
4.74270, 0.69560, 0.07386, -0.08963, -2.30120, 1.18814, -0.90910, -0.93527, 1.16120
4.76471, 0.70198, 0.12696, -0.03927, -2.31341, 1.16174, -0.86882, -0.89010, 1.06980
4.78711, 0.70771, 0.17281, 0.00792, -2.32438, 1.07395, -0.84353, -0.83398, 0.92768
4.80759, 0.71324, 0.19651, 0.03686, -2.33350, 0.89298, -0.84159, -0.78225, 0.71574
4.82777, 0.71858, 0.20373, 0.04660, -2.32698, 0.69661, -0.86001, -0.72158, 0.45275
4.84888, 0.72427, 0.21384, 0.04848, -2.29957, 0.60172, -0.86403, -0.67404, 0.15685
4.87067, 0.72944, 0.23338, 0.04751, -2.26113, 0.63474, -0.85097, -0.63156, -0.11905
4.89226, 0.73229, 0.25693, 0.04348, -2.22018, 0.77713, -0.85019, -0.55883, -0.32109
4.91307, 0.73275, 0.27460, 0.03755, -2.18512, 0.91474, -0.88153, -0.43780, -0.51052
4.93102, 0.73150, 0.28216, 0.03256, -2.16964, 0.96579, -0.93890, -0.28762, -0.70757
4.94374, 0.72957, 0.27931, 0.02885, -2.17528, 0.97256, -0.99879, -0.16098, -0.85522
4.95065, 0.72726, 0.26559, 0.02599, -2.20158, 0.95852, -1.05085, -0.09098, -0.85932
4.95268, 0.72398, 0.24257, 0.02301, -2.24427, 0.93631, -1.10184, -0.06378, -0.69252
4.95097, 0.71858, 0.21390, 0.02034, -2.29916, 0.91179, -1.16738, -0.02960, -0.40767
4.94547, 0.71108, 0.18104, 0.01878, -2.36610, 0.88884, -1.24418, 0.02318, -0.03983
4.93670, 0.70353, 0.14354, 0.01823, -2.43848, 0.87000, -1.30296, 0.05080, 0.42505
4.92906, 0.69706, 0.10715, 0.01821, -2.50074, 0.85610, -1.33267, 0.05971, 0.96992
4.93051, 0.69324, 0.08984, 0.01564, -2.53557, 0.84728, -1.33649, 0.05842, 1.27113
4.93680, 0.69168, 0.08685, 0.00980, -2.55252, 0.84168, -1.33140, 0.05271, 1.35701
4.94493, 0.69130, 0.09118, 0.00451, -2.55858, 0.83770, -1.32332, 0.04638, 1.33706
4.95443, 0.69132, 0.10145, 0.00208, -2.55596, 0.83458, -1.31153, 0.04066, 1.27185
4.96441, 0.69139, 0.11428, 0.00113, -2.54865, 0.83194, -1.29852, 0.03619, 1.19190
4.97457, 0.69129, 0.12880, 0.00157, -2.53909, 0.82970, -1.28382, 0.03236, 1.11398
4.98459, 0.69094, 0.14380, 0.00271, -2.52833, 0.82788, -1.26829, 0.02916, 1.04651
4.99372, 0.69043, 0.15751, 0.00371, -2.51986, 0.82636, -1.25414, 0.02695, 0.99125
5.00182, 0.68978, 0.16984, 0.00478, -2.51523, 0.82508, -1.24132, 0.02552, 0.94741
5.00942, 0.68903, 0.18112, 0.00546, -2.50899, 0.82419, -1.22939, 0.02395, 0.91349
5.01666, 0.68817, 0.19151, 0.00564, -2.49933, 0.82356, -1.21824, 0.02164, 0.88790
5.02334, 0.68720, 0.20136, 0.00615, -2.49024, 0.82301, -1.20764, 0.01948, 0.86867
5.02924, 0.68622, 0.21021, 0.00681, -2.48351, 0.82259, -1.19670, 0.01448, 0.85452
5.03431, 0.68529, 0.21748, 0.00697, -2.47811, 0.82220, -1.18726, 0.00902, 0.84413
5.03862, 0.68444, 0.22334, 0.00670, -2.47334, 0.82193, -1.18069, 0.00636, 0.83648
5.04227, 0.68375, 0.22845, 0.00684, -2.46992, 0.82172, -1.16981, -0.00810, 0.83066
5.04552, 0.68311, 0.23299, 0.00698, -2.46584, 0.82152, -1.16385, -0.01240, 0.82634
5.04846, 0.68250, 0.23701, 0.00699, -2.45988, 0.82145, -1.16412, -0.00373, 0.82323
5.05119, 0.68212, 0.24037, 0.00721, -2.45103, 0.82150, -1.15653, -0.01483, 0.82054
5.05362, 0.68172, 0.24195, 0.00750, -2.43874, 0.82145, -1.14773, -0.03375, 0.81860
5.05641, 0.68131, 0.24528, 0.00841, -2.42198, 0.82157, -1.13382, -0.05973, 0.81753
5.05972, 0.68074, 0.25003, 0.00941, -2.40009, 0.82179, -1.12576, -0.06815, 0.81694
5.06374, 0.67986, 0.25620, 0.01033, -2.37210, 0.82205, -1.13160, -0.04077, 0.81637
5.06811, 0.67883, 0.26279, 0.01082, -2.33773, 0.82228, -1.14451, 0.00407, 0.81576
5.07244, 0.67821, 0.26829, 0.01073, -2.29677, 0.82247, -1.15415, 0.03906, 0.81537
5.07728, 0.67807, 0.27379, 0.01082, -2.24681, 0.82262, -1.15416, 0.05275, 0.81461
5.08287, 0.67816, 0.28008, 0.01082, -2.18678, 0.82260, -1.14834, 0.05536, 0.81384
5.08887, 0.67837, 0.28617, 0.01015, -2.11740, 0.82217, -1.14090, 0.05301, 0.81387
5.09532, 0.67861, 0.29282, 0.00905, -2.03843, 0.82174, -1.13257, 0.04886, 0.81425
5.10246, 0.67880, 0.30155, 0.00789, -1.94905, 0.82158, -1.12233, 0.04431, 0.81477
5.11030, 0.67888, 0.31271, 0.00616, -1.84852, 0.82151, -1.11030, 0.04016, 0.81546
5.11909, 0.67875, 0.32791, 0.00422, -1.73544, 0.82147, -1.09484, 0.03656, 0.81556
5.12866, 0.67830, 0.34591, -0.00101, -1.60768, 0.82143, -1.07749, 0.03354, 0.81540
5.13861, 0.67791, 0.36288, -0.01552, -1.47532, 0.82466, -1.06221, 0.03121, 0.81489
5.14923, 0.67894, 0.37749, -0.03819, -1.36887, 0.83540, -1.04935, 0.02937, 0.79778
5.16025, 0.68164, 0.38574, -0.06963, -1.28086, 0.84512, -1.04324, 0.02787, 0.75613
5.17173, 0.68596, 0.38725, -0.10917, -1.20307, 0.84954, -1.04433, 0.02681, 0.68822
5.18352, 0.69173, 0.37574, -0.16745, -1.12296, 0.84927, -1.06065, 0.02637, 0.55915
5.19491, 0.69841, 0.34717, -0.24901, -1.03752, 0.84389, -1.09577, 0.02650, 0.36258
5.20621, 0.70536, 0.31422, -0.33345, -0.95669, 0.82908, -1.13326, 0.02676, 0.14020
5.21792, 0.71228, 0.29419, -0.39207, -0.89742, 0.80272, -1.15348, 0.02582, -0.03093
5.23267, 0.71940, 0.30410, -0.40633, -0.85882, 0.76543, -1.13779, 0.02112, -0.15194
5.24994, 0.72675, 0.33329, -0.39532, -0.82604, 0.72110, -1.10017, 0.01563, -0.23764
5.26668, 0.73408, 0.36680, -0.36796, -0.81412, 0.67054, -1.06014, 0.01234, -0.26431
5.28249, 0.74143, 0.40467, -0.31922, -0.83199, 0.61342, -1.01729, 0.01035, -0.23017
5.29858, 0.74927, 0.43953, -0.27188, -0.85022, 0.55028, -0.97810, 0.01091, -0.21294
5.31494, 0.75771, 0.47267, -0.22178, -0.87359, 0.47963, -0.94009, 0.01206, -0.21549
5.33098, 0.76662, 0.50390, -0.16684, -0.90548, 0.40242, -0.90421, 0.01332, -0.20642
5.34747, 0.77653, 0.52632, -0.12586, -0.92448, 0.31933, -0.87682, 0.01441, -0.23033
5.36401, 0.78709, 0.54362, -0.09099, -0.93785, 0.23100, -0.85503, 0.01488, -0.24119
5.38123, 0.79749, 0.56952, -0.04230, -0.95365, 0.13345, -0.82502, 0.01493, -0.19098
5.39983, 0.80804, 0.59917, 0.00879, -0.96125, 0.02104, -0.79068, 0.01580, -0.15840
5.41648, 0.81990, 0.60583, 0.03535, -0.96719, -0.10336, -0.78090, 0.01606, -0.14681
5.43215, 0.83284, 0.59842, 0.04623, -0.96181, -0.30171, -0.78511, 0.01488, -0.12574
5.44831, 0.84526, 0.59140, 0.04914, -0.93690, -0.50321, -0.78589, 0.00756, -0.08266
5.46426, 0.85562, 0.58647, 0.04862, -0.91617, -0.60242, -0.78483, -0.00026, -0.03798
5.48075, 0.86416, 0.58463, 0.04721, -0.90125, -0.62724, -0.78485, 0.00214, -0.02177
5.49802, 0.87164, 0.58732, 0.04542, -0.88181, -0.62409, -0.77914, 0.00419, 0.00172
5.51507, 0.87874, 0.58927, 0.04318, -0.86047, -0.64471, -0.77318, 0.00542, 0.04315
5.53136, 0.88491, 0.58912, 0.04043, -0.84660, -0.64269, -0.76974, 0.00685, 0.09702
5.54715, 0.89036, 0.58821, 0.03811, -0.83729, -0.63467, -0.76621, 0.00807, 0.16839
5.56201, 0.89520, 0.58471, 0.03648, -0.83675, -0.62503, -0.76415, 0.00917, 0.25882
5.57696, 0.89964, 0.58062, 0.03541, -0.83917, -0.62055, -0.76167, 0.01042, 0.32858
5.59193, 0.90339, 0.57826, 0.03472, -0.83950, -0.61590, -0.75536, 0.01100, 0.42495
5.60656, 0.90657, 0.57553, 0.03414, -0.84142, -0.61198, -0.74753, 0.01153, 0.54378
5.62043, 0.90946, 0.56831, 0.03191, -0.84696, -0.62307, -0.74395, 0.01274, 0.66901
5.63442, 0.91202, 0.56051, 0.02879, -0.84776, -0.65243, -0.74027, 0.01410, 0.79985
5.64879, 0.91404, 0.55251, 0.02672, -0.85199, -0.67859, -0.73808, 0.01517, 0.87917
5.66262, 0.91543, 0.54076, 0.02544, -0.86771, -0.69668, -0.74214, 0.01600, 0.90811
5.67614, 0.91657, 0.52649, 0.02329, -0.88487, -0.71794, -0.74554, 0.00501, 0.91157
5.68975, 0.91600, 0.51411, 0.02173, -0.90888, -0.67540, -0.75227, 0.00189, 0.90281
5.70298, 0.91425, 0.50045, 0.02122, -0.93911, -0.63123, -0.76737, 0.01341, 0.88920
5.71575, 0.91256, 0.48467, 0.02068, -0.96899, -0.60911, -0.77739, 0.00849, 0.87506
5.72825, 0.90998, 0.46942, 0.02096, -1.00358, -0.55913, -0.78401, -0.00277, 0.86241
5.74024, 0.90625, 0.45215, 0.02214, -1.04422, -0.52593, -0.80071, 0.00449, 0.85154
5.75147, 0.90253, 0.43127, 0.02217, -1.08553, -0.51761, -0.81433, -0.00328, 0.84310
5.76154, 0.89793, 0.40546, 0.02126, -1.13336, -0.52077, -0.83541, -0.00786, 0.83682
5.77049, 0.89201, 0.37589, 0.01974, -1.18923, -0.51119, -0.86394, -0.00770, 0.83229
5.77854, 0.88620, 0.34497, 0.01884, -1.24699, -0.49186, -0.87568, -0.04866, 0.82922
5.78462, 0.87985, 0.30514, 0.01789, -1.30983, -0.55555, -0.89917, -0.08503, 0.82638
5.78893, 0.87110, 0.26049, 0.01601, -1.38716, -0.57751, -0.93481, -0.11070, 0.82426
5.79092, 0.86126, 0.21155, 0.01456, -1.47589, -0.56447, -0.96002, -0.17289, 0.82248
5.79096, 0.84976, 0.15982, 0.01371, -1.57363, -0.52221, -0.98117, -0.25376, 0.82077
5.79007, 0.83554, 0.10551, 0.01242, -1.67857, -0.47145, -1.01815, -0.30951, 0.81919
5.78698, 0.81930, 0.04169, 0.01125, -1.78589, -0.50828, -1.07153, -0.35393, 0.81796
5.78127, 0.80107, -0.02520, 0.01083, -1.90144, -0.50497, -1.11421, -0.43310, 0.81752
5.77379, 0.78023, -0.09311, 0.00305, -2.02639, -0.37173, -1.15086, -0.53307, 0.81717
5.76658, 0.75729, -0.15620, -0.00672, -2.15159, -0.15401, -1.18776, -0.62518, 0.81685
5.76010, 0.73299, -0.21024, -0.00750, -2.27372, 0.09098, -1.21992, -0.71003, 0.81695
5.75276, 0.70743, -0.25873, 0.00012, -2.39311, 0.36954, -1.24344, -0.80518, 0.81719
5.74569, 0.68077, -0.30509, 0.00481, -2.49592, 0.73242, -1.27049, -0.89090, 0.81756
5.73881, 0.65281, -0.36130, 0.00315, -2.57999, 1.05120, -1.32017, -0.95031, 0.81805
5.72985, 0.63593, -0.40778, 0.00040, -2.64821, 1.17399, -1.33804, -1.02253, 0.81806
5.72336, 0.62978, -0.43272, 0.00494, -2.68262, 1.19314, -1.31944, -1.09324, 0.81775
5.72061, 0.62891, -0.44510, 0.00897, -2.69263, 1.16269, -1.28878, -1.14220, 0.81773
5.72146, 0.63057, -0.44731, 0.01309, -2.68785, 1.11238, -1.25208, -1.16958, 0.81819
5.72599, 0.63381, -0.44048, 0.01699, -2.66961, 1.05842, -1.21220, -1.17508, 0.81892
5.73381, 0.63848, -0.42596, 0.02055, -2.63875, 1.00871, -1.17050, -1.15952, 0.81967
5.74519, 0.64446, -0.40255, 0.02357, -2.59519, 0.96583, -1.12688, -1.12189, 0.81991
5.76040, 0.65171, -0.36971, 0.02599, -2.53713, 0.92859, -1.08261, -1.05946, 0.81993
5.77720, 0.65955, -0.33465, 0.02887, -2.46697, 0.89631, -1.05326, -0.98088, 0.81633
5.79526, 0.66712, -0.29661, 0.03165, -2.38633, 0.87141, -1.04373, -0.89238, 0.81216
5.81460, 0.67469, -0.25766, 0.03310, -2.29399, 0.85280, -1.05365, -0.78256, 0.80973
5.83561, 0.68136, -0.21746, 0.03176, -2.19271, 0.83967, -1.08782, -0.63314, 0.80874
5.85674, 0.68820, -0.17964, 0.02925, -2.11012, 0.83552, -1.14937, -0.43650, 0.79469
5.87734, 0.69446, -0.14370, 0.02685, -2.04961, 0.83759, -1.23433, -0.20048, 0.74740
5.89479, 0.69930, -0.11376, 0.02525, -2.00905, 0.84077, -1.34431, 0.06653, 0.65381
5.90833, 0.70756, -0.09578, 0.01742, -1.97048, 0.84005, -1.41281, 0.21741, 0.55140
5.92241, 0.72023, -0.08449, 0.00013, -1.92118, 0.83496, -1.43969, 0.26428, 0.39046
5.94142, 0.73696, -0.05048, 0.00640, -1.86471, 0.82297, -1.41397, 0.25883, 0.19377
5.96307, 0.75573, -0.00539, 0.01985, -1.79782, 0.81313, -1.35898, 0.22929, 0.01930
5.98496, 0.77481, 0.04063, 0.02833, -1.71967, 0.81055, -1.29480, 0.19110, -0.08070
6.00661, 0.79386, 0.08744, 0.03391, -1.63277, 0.81109, -1.22422, 0.14531, -0.09036
6.02808, 0.81278, 0.13614, 0.03768, -1.53626, 0.81404, -1.14689, 0.09230, -0.00795
6.05038, 0.83164, 0.18880, 0.03975, -1.42665, 0.81777, -1.06767, 0.04965, 0.11619
6.07378, 0.85030, 0.24636, 0.04042, -1.30247, 0.81996, -0.98787, 0.02438, 0.27582
6.09800, 0.86876, 0.31021, 0.03987, -1.16008, 0.81988, -0.90045, 0.01001, 0.51433
6.12369, 0.88680, 0.37997, 0.03203, -0.98890, 0.79870, -0.80258, 0.00346, 0.80169
6.14832, 0.90516, 0.41277, -0.04782, -0.75966, 0.76740, -0.74879, 0.00122, 0.99087
6.17037, 0.92221, 0.41097, -0.18373, -0.50038, 0.69911, -0.74290, 0.00145, 1.05645
6.19123, 0.93760, 0.41716, -0.29293, -0.27957, 0.58208, -0.72693, -0.01171, 1.05864
6.21098, 0.95347, 0.43538, -0.36165, -0.11104, 0.43959, -0.68487, -0.05467, 1.03175
6.22920, 0.97087, 0.45686, -0.40148, 0.01221, 0.28910, -0.62808, -0.11834, 0.99548
6.24377, 0.99067, 0.45936, -0.43263, 0.08097, 0.13979, -0.58958, -0.18176, 0.95960
6.25677, 1.01214, 0.45050, -0.45071, 0.10418, -0.00614, -0.57521, -0.21336, 0.92766
6.27021, 1.03491, 0.44671, -0.44706, 0.10547, -0.14019, -0.55949, -0.23037, 0.90113
6.28318, 1.05930, 0.44412, -0.43110, 0.09668, -0.28252, -0.53464, -0.26141, 0.88022
6.29607, 1.08465, 0.44310, -0.40617, 0.08414, -0.43189, -0.50647, -0.29419, 0.86411
6.30843, 1.11055, 0.43348, -0.38600, 0.07145, -0.60581, -0.49681, -0.30679, 0.85197
6.32018, 1.13565, 0.41505, -0.37407, 0.05945, -0.77559, -0.50784, -0.29761, 0.84310
6.33154, 1.15841, 0.39031, -0.37357, 0.04818, -0.87616, -0.53587, -0.27195, 0.83677
6.34486, 1.17903, 0.38216, -0.35805, 0.03536, -0.91047, -0.54877, -0.24080, 0.83241
6.36241, 1.19793, 0.41365, -0.29935, 0.02156, -0.91344, -0.51456, -0.21476, 0.82949
6.38212, 1.21591, 0.48969, -0.16558, -0.04725, -0.82821, -0.41247, -0.22230, 0.82767
6.40079, 1.23260, 0.57390, -0.00387, -0.15328, -0.72572, -0.29783, -0.23722, 0.77479
6.41479, 1.24896, 0.60293, 0.08683, -0.24578, -0.62252, -0.25848, -0.22830, 0.70976
6.42457, 1.26559, 0.58909, 0.11744, -0.31329, -0.53518, -0.26546, -0.22187, 0.72811
6.43430, 1.28222, 0.56688, 0.11968, -0.33221, -0.54625, -0.27954, -0.21639, 0.81139
6.44663, 1.29714, 0.55246, 0.11021, -0.31615, -0.53498, -0.29059, -0.20211, 0.86500
6.46016, 1.31048, 0.53563, 0.09573, -0.30147, -0.50342, -0.32568, -0.14526, 0.88382
6.47458, 1.32164, 0.51736, 0.07989, -0.29154, -0.46072, -0.39020, -0.03082, 0.88442
6.48908, 1.33100, 0.50224, 0.06617, -0.28382, -0.36136, -0.45434, 0.08299, 0.82571
6.50232, 1.34143, 0.48746, 0.05556, -0.27601, -0.26218, -0.48641, 0.12756, 0.75453
6.51379, 1.35181, 0.47038, 0.04728, -0.27354, -0.15885, -0.49988, 0.13484, 0.77693
6.52252, 1.36292, 0.44121, 0.04084, -0.29676, -0.07621, -0.51490, 0.12062, 0.83139
6.52943, 1.37524, 0.40161, 0.03553, -0.33881, -0.07013, -0.53741, 0.09673, 0.85255
6.53546, 1.38647, 0.35754, 0.03094, -0.39195, -0.06309, -0.56816, 0.07715, 0.85847
6.54300, 1.39517, 0.32252, 0.02730, -0.43094, 0.01062, -0.59289, 0.06182, 0.85712
6.55124, 1.40233, 0.29207, 0.02489, -0.46299, 0.11129, -0.61448, 0.04909, 0.85263
6.55793, 1.40872, 0.25446, 0.02444, -0.51459, 0.19676, -0.64433, 0.03873, 0.84690
6.56477, 1.41519, 0.21865, 0.02459, -0.56032, 0.22321, -0.66922, 0.02481, 0.84122
6.57164, 1.42039, 0.18290, 0.02340, -0.60339, 0.26090, -0.69495, 0.01182, 0.83652
6.57927, 1.42375, 0.15150, 0.02230, -0.63867, 0.35736, -0.71706, -0.00047, 0.83287
6.58775, 1.42702, 0.12752, 0.02179, -0.65566, 0.47243, -0.71737, -0.04101, 0.83013
6.59581, 1.42841, 0.10103, 0.02112, -0.67671, 0.63677, -0.72432, -0.07454, 0.82690
6.60428, 1.42762, 0.07376, 0.01956, -0.69324, 0.87639, -0.74337, -0.08441, 0.82382
6.61083, 1.42816, 0.04169, 0.01842, -0.72098, 1.01477, -0.74702, -0.13220, 0.82188
6.61616, 1.42888, 0.00703, 0.01844, -0.76268, 1.05353, -0.74510, -0.19414, 0.81971
6.62309, 1.42899, -0.02259, 0.01908, -0.79915, 1.04448, -0.75210, -0.22267, 0.81799
6.63122, 1.42805, -0.05030, 0.01976, -0.83639, 1.01523, -0.77122, -0.21885, 0.81760
6.64036, 1.42574, -0.07764, 0.02050, -0.87740, 0.97891, -0.80526, -0.18107, 0.81784
6.65144, 1.42263, -0.09906, 0.02107, -0.90633, 0.94419, -0.84980, -0.10501, 0.81816
6.66328, 1.41892, -0.11622, 0.02155, -0.92512, 0.91485, -0.89454, -0.01642, 0.81842
6.67514, 1.41540, -0.12930, 0.02221, -0.93278, 0.88972, -0.92362, 0.05039, 0.81884
6.68621, 1.41207, -0.14245, 0.02296, -0.93887, 0.86921, -0.93309, 0.07547, 0.81945
6.69617, 1.40799, -0.15991, 0.02271, -0.95298, 0.85420, -0.93521, 0.07419, 0.81998
6.70566, 1.40413, -0.17688, 0.02173, -0.96241, 0.84365, -0.92051, 0.03816, 0.82051
6.71477, 1.39980, -0.19385, 0.02037, -0.96996, 0.83565, -0.89891, -0.01249, 0.82069
6.72451, 1.39452, -0.20891, 0.01861, -0.97260, 0.83011, -0.88480, -0.04210, 0.82053
6.73519, 1.38970, -0.21715, 0.01714, -0.95731, 0.82681, -0.86117, -0.07515, 0.82005
6.74631, 1.38517, -0.22410, 0.00758, -0.91952, 0.82374, -0.83526, -0.10959, 0.81746
6.75886, 1.38137, -0.22070, -0.00062, -0.85765, 0.82005, -0.79671, -0.14603, 0.81442
6.77279, 1.37838, -0.19903, 0.00492, -0.77702, 0.81728, -0.72567, -0.20874, 0.81254
6.78542, 1.37337, -0.18915, -0.00424, -0.69306, 0.81579, -0.67043, -0.26812, 0.81134
6.79790, 1.36618, -0.18331, -0.00985, -0.62835, 0.80985, -0.63221, -0.30331, 0.81056
6.81192, 1.35883, -0.15392, 0.01408, -0.56651, 0.80273, -0.55877, -0.35826, 0.81069
6.82493, 1.35027, -0.13093, 0.02004, -0.47841, 0.79897, -0.48412, -0.43302, 0.81137
6.83613, 1.33984, -0.12050, 0.01332, -0.39407, 0.77233, -0.42275, -0.51067, 0.81234
6.84666, 1.32722, -0.11412, 0.00489, -0.31351, 0.77663, -0.36604, -0.59050, 0.81359
6.85825, 1.31349, -0.10237, 0.00414, -0.23742, 0.78044, -0.31085, -0.65485, 0.81483
6.87003, 1.29849, -0.08474, 0.01091, -0.16275, 0.78220, -0.24608, -0.72486, 0.81578
6.88159, 1.28115, -0.06313, 0.01524, -0.06745, 0.81972, -0.16646, -0.81791, 0.81640
6.89264, 1.26220, -0.03968, 0.01847, 0.03248, 0.81896, -0.07911, -0.91977, 0.81585
6.89938, 1.24178, -0.03383, 0.02195, 0.08584, 0.77807, -0.00437, -1.02934, 0.81485
6.90302, 1.22039, -0.04845, 0.02190, 0.09718, 0.74806, 0.04301, -1.12674, 0.81496
6.90625, 1.19859, -0.08421, 0.00812, 0.08688, 0.78397, 0.04833, -1.18810, 0.81583
6.91129, 1.18147, -0.12098, -0.01331, 0.07366, 0.79500, 0.03431, -1.20677, 0.81514
6.91946, 1.17251, -0.13865, -0.02195, 0.05635, 0.76807, 0.02608, -1.18237, 0.81422
6.92966, 1.17015, -0.14209, -0.01719, 0.03017, 0.76907, 0.02169, -1.12610, 0.81407
6.94048, 1.17110, -0.13836, -0.00551, 0.00032, 0.79610, 0.02034, -1.05927, 0.81364
6.95008, 1.17343, -0.13556, 0.01018, -0.03880, 0.81613, 0.01852, -0.99290, 0.81146
6.95871, 1.17638, -0.13694, 0.01876, -0.07273, 0.82429, 0.01307, -0.92728, 0.80944
6.96740, 1.17967, -0.13712, 0.02202, -0.09443, 0.82687, 0.00998, -0.86373, 0.80916
6.97513, 1.18273, -0.14078, 0.01746, -0.10765, 0.82631, 0.00849, -0.81239, 0.80923
6.98076, 1.18502, -0.15187, 0.00988, -0.12793, 0.82490, 0.00705, -0.77939, 0.80890
6.98294, 1.18571, -0.17409, 0.00751, -0.17593, 0.82399, 0.00419, -0.76879, 0.80745
6.98376, 1.18551, -0.21375, -0.01118, -0.22939, 0.82304, -0.02563, -0.74475, 0.80710
6.98728, 1.18582, -0.23932, -0.02231, -0.26984, 0.82069, -0.04850, -0.70414, 0.79565
6.99205, 1.18554, -0.24365, -0.00788, -0.31300, 0.81863, -0.03868, -0.68116, 0.78713
6.99628, 1.18426, -0.26095, -0.00976, -0.35366, 0.81783, -0.05093, -0.64446, 0.79770
7.00149, 1.18296, -0.27443, -0.01518, -0.38116, 0.81721, -0.05965, -0.60944, 0.80319
7.00664, 1.18124, -0.28440, -0.02224, -0.39821, 0.81679, -0.05306, -0.60147, 0.80509
7.01124, 1.17886, -0.29967, -0.03588, -0.41411, 0.81677, -0.05015, -0.60212, 0.80481
7.01604, 1.17601, -0.31341, -0.04479, -0.43575, 0.81702, -0.04804, -0.59995, 0.80401
7.02163, 1.17375, -0.33452, -0.07154, -0.44255, 0.81670, -0.06527, -0.57834, 0.80422
7.02859, 1.17219, -0.34143, -0.08279, -0.44940, 0.81606, -0.06587, -0.55872, 0.80484
7.03567, 1.17081, -0.35924, -0.11292, -0.44587, 0.81551, -0.08719, -0.52541, 0.80539
7.04239, 1.16927, -0.40256, -0.18234, -0.42571, 0.81515, -0.15255, -0.46566, 0.80525
7.05087, 1.16883, -0.42075, -0.21767, -0.41633, 0.81508, -0.18728, -0.41645, 0.76439
7.06057, 1.16954, -0.41794, -0.22709, -0.41069, 0.81440, -0.18689, -0.40391, 0.70024
7.07067, 1.17018, -0.41304, -0.23692, -0.40045, 0.81335, -0.17552, -0.41981, 0.68147
7.08209, 1.17183, -0.41472, -0.26633, -0.37108, 0.81256, -0.18363, -0.42009, 0.64639
7.09296, 1.17367, -0.41030, -0.27518, -0.36698, 0.81153, -0.18422, -0.42091, 0.57985
7.10280, 1.17409, -0.41529, -0.29064, -0.36999, 0.81093, -0.19114, -0.42981, 0.56595
7.11271, 1.17461, -0.41136, -0.29627, -0.37192, 0.80948, -0.17499, -0.46626, 0.54709
7.12301, 1.17443, -0.41590, -0.32252, -0.35067, 0.80841, -0.17356, -0.49446, 0.52876
7.13356, 1.17335, -0.44017, -0.37885, -0.31317, 0.77793, -0.21480, -0.48171, 0.55979
7.14427, 1.17256, -0.46270, -0.42623, -0.28981, 0.73805, -0.26131, -0.45396, 0.57079
7.15414, 1.17180, -0.48627, -0.46808, -0.28232, 0.69488, -0.30578, -0.43466, 0.51088
7.16437, 1.17082, -0.50252, -0.50355, -0.26923, 0.64837, -0.33660, -0.42598, 0.44357
7.17554, 1.16918, -0.51868, -0.54960, -0.23445, 0.58689, -0.36872, -0.41565, 0.39658
7.18657, 1.16688, -0.53227, -0.59714, -0.18894, 0.48544, -0.38783, -0.42724, 0.36755
7.19733, 1.16375, -0.54820, -0.64379, -0.14923, 0.38211, -0.41234, -0.43278, 0.33355
7.20815, 1.16093, -0.55864, -0.67875, -0.12048, 0.28976, -0.43010, -0.43811, 0.27700
7.22054, 1.15943, -0.54865, -0.69180, -0.09199, 0.22321, -0.41338, -0.46878, 0.26615
7.23421, 1.15700, -0.54167, -0.71209, -0.06486, 0.21989, -0.40907, -0.48701, 0.29838
7.24713, 1.15228, -0.55142, -0.75420, -0.03761, 0.26734, -0.42402, -0.50808, 0.33539
7.25993, 1.14969, -0.54428, -0.76805, -0.02627, 0.31787, -0.40759, -0.55093, 0.31967
7.27576, 1.15003, -0.51150, -0.75681, -0.01130, 0.36875, -0.37039, -0.58030, 0.31193
7.29319, 1.15094, -0.46791, -0.73967, 0.01269, 0.42359, -0.31956, -0.61454, 0.31919
7.31013, 1.15223, -0.41655, -0.70843, 0.02650, 0.50063, -0.24539, -0.67272, 0.32336
7.32768, 1.15538, -0.34249, -0.63221, 0.00146, 0.62971, -0.13891, -0.73952, 0.31899
7.34854, 1.15980, -0.22723, -0.49117, -0.06270, 0.80736, 0.02232, -0.82223, 0.34873
7.36925, 1.16149, -0.14235, -0.40824, -0.08237, 0.93206, 0.14550, -0.90575, 0.38587
7.38507, 1.16174, -0.12385, -0.41923, -0.06644, 0.96950, 0.18483, -0.97516, 0.35074
7.39923, 1.16163, -0.13090, -0.46299, -0.04748, 0.96629, 0.18329, -1.02100, 0.30838
7.41357, 1.16245, -0.14142, -0.50590, -0.04347, 0.90423, 0.16413, -1.03916, 0.26486
7.42888, 1.16535, -0.14960, -0.54902, -0.03783, 0.73925, 0.13925, -1.03577, 0.15701
7.44676, 1.16901, -0.15164, -0.60839, 0.01817, 0.46583, 0.11526, -1.02310, 0.06368
7.46437, 1.17427, -0.14994, -0.64753, 0.05514, 0.10027, 0.09492, -1.00850, 0.01131
7.48115, 1.18238, -0.14508, -0.66147, 0.06876, -0.21535, 0.07751, -0.98770, -0.03182
7.49760, 1.19177, -0.13888, -0.66531, 0.07092, -0.38109, 0.06231, -0.96756, -0.06009
7.51468, 1.20233, -0.12870, -0.66101, 0.06705, -0.47620, 0.04976, -0.94389, -0.08366
7.53240, 1.21331, -0.11553, -0.65224, 0.06109, -0.53914, 0.03962, -0.92220, -0.08523
7.54987, 1.22364, -0.10286, -0.64390, 0.05412, -0.58017, 0.03255, -0.90731, -0.09808
7.56847, 1.23454, -0.08492, -0.62883, 0.04785, -0.62228, 0.02408, -0.87591, -0.11123
7.58703, 1.24490, -0.06754, -0.61471, 0.04280, -0.65895, 0.01560, -0.84438, -0.11669
7.60575, 1.25453, -0.04801, -0.59871, 0.03834, -0.69254, 0.01101, -0.81444, -0.11882
7.62548, 1.26339, -0.02312, -0.57851, 0.03425, -0.71484, 0.00870, -0.77790, -0.09910
7.64608, 1.27144, 0.00577, -0.55588, 0.03076, -0.74078, 0.00720, -0.73374, -0.06602
7.66723, 1.27804, 0.03823, -0.53024, 0.02747, -0.75939, 0.00758, -0.68785, 0.00231
7.68926, 1.28278, 0.07567, -0.50341, 0.02356, -0.69432, 0.00972, -0.63539, 0.07618
7.71238, 1.28704, 0.11905, -0.46970, 0.01949, -0.62515, 0.01124, -0.56563, 0.12074
7.73479, 1.29138, 0.15889, -0.43577, 0.01669, -0.63433, 0.01196, -0.49979, 0.13337
7.75649, 1.29547, 0.19543, -0.40206, 0.01591, -0.72158, 0.01254, -0.44024, 0.14131
7.77628, 1.29942, 0.22291, -0.37535, 0.01633, -0.85370, 0.01305, -0.39851, 0.11711
7.79454, 1.30184, 0.23852, -0.36654, 0.01656, -0.91542, 0.00401, -0.36334, 0.08746
7.81365, 1.30277, 0.26029, -0.35480, 0.01660, -0.93065, 0.00003, -0.32283, 0.06119
7.83311, 1.30244, 0.28414, -0.34201, 0.01388, -0.91639, -0.00451, -0.27568, 0.03934
7.85360, 1.29926, 0.31392, -0.32716, 0.00915, -0.83913, -0.00877, -0.21876, 0.08510
7.87591, 1.29329, 0.36999, -0.27957, -0.01298, -0.65856, 0.01838, -0.16379, 0.14737
7.89781, 1.28446, 0.42363, -0.23544, -0.04169, -0.38748, 0.03172, -0.08463, 0.21323
7.91747, 1.27259, 0.46476, -0.20704, -0.06640, -0.06053, 0.03288, -0.00600, 0.35613
7.93374, 1.26026, 0.48843, -0.19827, -0.07627, 0.30716, 0.03186, 0.04150, 0.52406
7.94851, 1.24911, 0.50192, -0.20236, -0.05911, 0.67845, 0.03215, 0.06126, 0.65446
7.96336, 1.23924, 0.51009, -0.21249, -0.02558, 0.98962, 0.03277, 0.06615, 0.78820
7.97947, 1.23099, 0.51691, -0.22920, 0.00968, 1.11582, 0.03283, 0.06316, 0.88475
7.99581, 1.22365, 0.52383, -0.24129, 0.02608, 1.13538, 0.03184, 0.05608, 0.91886
8.01218, 1.21642, 0.53046, -0.25095, 0.03136, 1.10546, 0.02958, 0.04735, 0.91263
8.02908, 1.20951, 0.53810, -0.26092, 0.03125, 1.00273, 0.02609, 0.03847, 0.83210
8.04720, 1.20385, 0.54760, -0.27242, 0.02933, 0.78331, 0.02191, 0.03136, 0.64599
8.06638, 1.20070, 0.55662, -0.28324, 0.02782, 0.45586, 0.01821, 0.02705, 0.35720
8.08534, 1.20149, 0.55886, -0.29223, 0.02809, 0.02445, 0.01550, 0.02476, -0.03783
8.10114, 1.20489, 0.54751, -0.30108, 0.02870, -0.41737, 0.01373, 0.02199, -0.49885
8.11280, 1.20782, 0.52628, -0.29947, 0.00005, -0.74975, 0.01407, -0.01263, -0.75341
8.12172, 1.20954, 0.48347, -0.32124, -0.03436, -0.97529, -0.01520, -0.05721, -0.84033
8.13324, 1.20912, 0.45789, -0.33337, -0.06690, -1.06018, -0.03771, -0.08998, -0.86594
8.14867, 1.20629, 0.46246, -0.31946, -0.10037, -1.03990, -0.03396, -0.11751, -0.86278
8.16757, 1.20010, 0.49909, -0.27528, -0.14053, -0.90531, 0.00295, -0.15380, -0.81775
8.18892, 1.19112, 0.55597, -0.21383, -0.18205, -0.68414, 0.05160, -0.17558, -0.76642
8.21062, 1.18177, 0.59364, -0.18861, -0.19504, -0.47930, 0.05600, -0.15188, -0.74768
8.23250, 1.17118, 0.62329, -0.17659, -0.19944, -0.29405, 0.03767, -0.10695, -0.72719
8.25395, 1.15851, 0.65596, -0.15513, -0.21912, -0.06368, 0.01492, -0.04918, -0.70705
8.27448, 1.14436, 0.68523, -0.13434, -0.24449, 0.21405, -0.02001, 0.02854, -0.70872
8.29278, 1.13009, 0.71755, -0.09750, -0.28461, 0.53162, -0.03214, 0.07074, -0.69042
8.31064, 1.11665, 0.74955, -0.06392, -0.30514, 0.83684, -0.02656, 0.08345, -0.70796
8.33033, 1.10404, 0.79604, -0.01444, -0.32532, 1.00285, 0.00765, 0.08153, -0.78927
8.34908, 1.09199, 0.83413, 0.03300, -0.37354, 1.05347, 0.03585, 0.07289, -0.84470
8.36753, 1.08013, 0.85487, 0.05104, -0.41428, 1.01034, 0.04366, 0.06197, -0.86655
8.38729, 1.06779, 0.87128, 0.05160, -0.43698, 0.85910, 0.04403, 0.05190, -0.87157
8.40789, 1.05580, 0.88356, 0.04502, -0.45501, 0.60464, 0.04072, 0.03902, -0.86855
8.42877, 1.04478, 0.89071, 0.03993, -0.47721, 0.24900, 0.03327, 0.02567, -0.86251
8.45029, 1.03433, 0.89548, 0.03646, -0.48081, -0.21732, 0.02212, 0.01734, -0.85587
8.47038, 1.02376, 0.89781, 0.03322, -0.45985, -0.72079, 0.01314, 0.00334, -0.84872
8.48606, 1.01241, 0.89135, 0.02960, -0.46098, -1.06806, 0.00120, -0.02071, -0.84011
8.49621, 1.00110, 0.86904, 0.02644, -0.52312, -1.19049, -0.01220, -0.08289, -0.75244
8.50240, 0.99009, 0.83246, 0.02358, -0.63082, -1.20123, -0.03702, -0.15148, -0.66983
8.50435, 0.97906, 0.78286, 0.02116, -0.77314, -1.16370, -0.07368, -0.22408, -0.58563
8.50062, 0.96759, 0.72265, 0.01955, -0.94062, -1.10897, -0.10486, -0.33453, -0.45082
8.49306, 0.95534, 0.65844, 0.01895, -1.11876, -1.05265, -0.13129, -0.45586, -0.37823
8.48257, 0.94073, 0.59246, 0.01801, -1.30289, -1.00125, -0.16602, -0.56656, -0.29679
8.46894, 0.92399, 0.52506, 0.01691, -1.49182, -0.95759, -0.20404, -0.67611, -0.20951
8.45295, 0.90487, 0.46148, 0.01553, -1.68839, -0.84899, -0.23656, -0.78975, -0.13288
8.43517, 0.88349, 0.40239, 0.01470, -1.88619, -0.73724, -0.26735, -0.90148, -0.03535
8.41453, 0.86025, 0.34712, 0.01493, -2.08664, -0.64065, -0.28989, -1.02550, 0.09207
8.39470, 0.83476, 0.30445, 0.01461, -2.28401, -0.51539, -0.31095, -1.13434, 0.30389
8.37689, 0.80831, 0.26798, 0.01453, -2.46530, -0.49120, -0.34398, -1.20693, 0.59787
8.35808, 0.78184, 0.23603, 0.01392, -2.64372, -0.50833, -0.36845, -1.27598, 0.93333
8.34789, 0.75590, 0.19260, -0.03701, -2.75858, -0.56215, -0.41722, -1.32979, 1.09805
8.34702, 0.72909, 0.14494, -0.11582, -2.80608, -0.70669, -0.48964, -1.36246, 1.14138
8.35236, 0.70126, 0.11100, -0.19118, -2.81686, -0.86039, -0.55124, -1.40004, 1.12529
8.36239, 0.67215, 0.08595, -0.27378, -2.80938, -0.92315, -0.60780, -1.43975, 1.08236
8.37746, 0.64909, 0.07758, -0.33842, -2.79386, -0.89587, -0.63921, -1.47953, 1.03079
8.40069, 0.63502, 0.09896, -0.36759, -2.77550, -0.75400, -0.63136, -1.50531, 0.98298
8.42929, 0.62332, 0.12482, -0.39879, -2.75219, -0.48984, -0.62967, -1.49747, 0.94206
8.46017, 0.61094, 0.13719, -0.45642, -2.71308, -0.12805, -0.66022, -1.45220, 0.90843
8.49357, 0.59813, 0.15648, -0.50905, -2.65479, 0.31241, -0.69385, -1.38223, 0.88143
8.52820, 0.58507, 0.18618, -0.54258, -2.56805, 0.84137, -0.72168, -1.29792, 0.82763
8.56226, 0.57105, 0.21994, -0.53405, -2.47554, 1.20991, -0.75032, -1.20243, 0.71995
8.59532, 0.55476, 0.26278, -0.52321, -2.41378, 1.33346, -0.76978, -1.10945, 0.58087
8.62704, 0.53757, 0.31607, -0.51228, -2.37660, 1.33343, -0.76669, -1.03845, 0.38036
8.65710, 0.52017, 0.37644, -0.49577, -2.35658, 1.27679, -0.74121, -0.98822, 0.10547
8.68163, 0.50283, 0.40869, -0.51225, -2.34908, 1.14599, -0.73663, -0.94055, -0.25257
8.69704, 0.48499, 0.37482, -0.60830, -2.34089, 0.90642, -0.80690, -0.85915, -0.75218
8.70620, 0.46733, 0.32466, -0.71410, -2.33944, 0.57368, -0.89896, -0.77240, -1.15237
8.71119, 0.45149, 0.27600, -0.80849, -2.33353, 0.15821, -0.97701, -0.74239, -1.28210
8.71252, 0.43779, 0.22124, -0.90500, -2.30093, -0.36028, -1.04360, -0.76530, -1.24885
8.71310, 0.42520, 0.16729, -1.00533, -2.23690, -0.90199, -1.10632, -0.79920, -1.15777
8.71267, 0.41110, 0.10374, -1.14057, -2.17900, -1.18621, -1.19274, -0.80645, -1.07932
8.71261, 0.39789, 0.05504, -1.26194, -2.15359, -1.26948, -1.25796, -0.82009, -1.01399
8.71129, 0.38615, 0.01177, -1.37293, -2.15138, -1.25507, -1.30728, -0.84828, -0.96289
8.70879, 0.37553, -0.03191, -1.47828, -2.16312, -1.20017, -1.35271, -0.88027, -0.92413
8.70830, 0.36692, -0.05961, -1.55811, -2.18821, -1.13399, -1.37836, -0.91296, -0.89487
8.71049, 0.35971, -0.07050, -1.61567, -2.22149, -1.07009, -1.38790, -0.93939, -0.86642
8.71601, 0.35212, -0.06397, -1.65772, -2.25339, -1.01449, -1.39083, -0.94508, -0.83994
8.72381, 0.34420, -0.04631, -1.68902, -2.28363, -0.96877, -1.39055, -0.93446, -0.82460
8.73209, 0.33730, -0.02581, -1.71177, -2.31981, -0.93235, -1.38877, -0.91900, -0.81321
8.74055, 0.33160, -0.00370, -1.72698, -2.36259, -0.90414, -1.38419, -0.90376, -0.80525
8.74842, 0.32528, 0.01539, -1.74683, -2.40264, -0.88290, -1.38391, -0.88796, -0.80201
8.75374, 0.31723, 0.02170, -1.78662, -2.43421, -0.86705, -1.39919, -0.87208, -0.80102
8.75468, 0.30875, 0.00773, -1.85171, -2.46313, -0.85503, -1.43120, -0.86600, -0.80154
8.74992, 0.29992, -0.03215, -1.94864, -2.49127, -0.84585, -1.48944, -0.86738, -0.77400
