0.03098, 0.12746, -0.04855, 0.30374, -0.34894
0.03812, 0.23265, -0.17150, 0.47621, -0.34382
0.09517, 0.30016, -0.28426, 0.58573, -0.23103
0.18340, 0.32542, -0.37046, 0.62867, -0.06378
0.28574, 0.32970, -0.44943, 0.64780, 0.11823
0.38764, 0.29488, -0.49586, 0.60688, 0.32806
0.47013, 0.19411, -0.43304, 0.44913, 0.46157
0.53313, 0.05151, -0.30799, 0.21428, 0.58001
0.61854, -0.06279, -0.19030, 0.04050, 0.55211
0.71669, -0.17216, -0.06964, -0.12778, 0.50962
0.82546, -0.27849, 0.05555, -0.29299, 0.45421
0.94785, -0.35334, 0.16662, -0.40882, 0.34491
1.07881, -0.36437, 0.23495, -0.42397, 0.15980
1.20612, -0.38176, 0.32210, -0.46411, -0.01042
1.33011, -0.38329, 0.40258, -0.48670, -0.18840
1.41546, -0.23241, 0.30646, -0.22832, -0.48316
1.50821, -0.10789, 0.18744, -0.03855, -0.49394
1.60965, 0.00714, 0.06659, 0.13861, -0.47545
1.72369, 0.10750, -0.05482, 0.29067, -0.40354
1.84989, 0.18036, -0.16893, 0.40370, -0.28343
1.98295, 0.19363, -0.24099, 0.42338, -0.10039
2.11074, 0.19804, -0.31521, 0.44089, 0.07823
2.23127, 0.19755, -0.39049, 0.45966, 0.24491
2.31896, 0.09103, -0.34482, 0.28202, 0.50530
2.40558, -0.03268, -0.23207, 0.09034, 0.54278
2.50486, -0.15235, -0.10846, -0.09202, 0.51949
2.61891, -0.24860, 0.00566, -0.23469, 0.44281
2.74070, -0.32927, 0.11998, -0.35816, 0.33918
2.86511, -0.40240, 0.23655, -0.47741, 0.23654
2.99395, -0.43914, 0.33443, -0.54340, 0.08692
3.12111, -0.42045, 0.39329, -0.52549, -0.11916
3.23988, -0.40046, 0.45928, -0.51735, -0.31123
3.31696, -0.26213, 0.37477, -0.28323, -0.57803
3.40228, -0.13837, 0.26164, -0.09637, -0.59527
3.50084, -0.02247, 0.14232, 0.07533, -0.55640
3.61316, 0.06283, 0.04237, 0.19486, -0.46850
3.72890, 0.14916, -0.07382, 0.32404, -0.36848
3.85138, 0.21965, -0.18464, 0.43311, -0.25541
3.98012, 0.22104, -0.24295, 0.43017, -0.06598
4.10351, 0.23434, -0.32675, 0.46221, 0.10673
4.21872, 0.20992, -0.37845, 0.43526, 0.30801
4.30176, 0.08399, -0.29685, 0.22105, 0.53712
4.37107, -0.05899, -0.17174, -0.01602, 0.65778
4.46390, -0.17892, -0.04816, -0.20023, 0.63390
4.57722, -0.27788, 0.07403, -0.35063, 0.54804
4.70383, -0.34789, 0.18528, -0.45835, 0.41899
4.83741, -0.37610, 0.27284, -0.50509, 0.24731
4.96976, -0.39197, 0.36069, -0.54374, 0.07254
5.09843, -0.38088, 0.43192, -0.54625, -0.12196
5.20520, -0.29828, 0.42651, -0.42328, -0.37141
5.29400, -0.17771, 0.33015, -0.24134, -0.44475
5.37743, -0.04676, 0.21171, -0.03852, -0.49633
5.47413, 0.06898, 0.09153, 0.13361, -0.46560
5.58907, 0.13783, -0.00138, 0.22699, -0.35143
5.70389, 0.21123, -0.11138, 0.33862, -0.24362
5.82465, 0.27189, -0.22159, 0.43564, -0.11541
5.94913, 0.31938, -0.33279, 0.52195, 0.02163
6.06725, 0.29605, -0.37516, 0.49208, 0.20156
6.14984, 0.15270, -0.28233, 0.24241, 0.48821
6.23545, 0.02472, -0.16125, 0.03723, 0.53472
6.33849, -0.08927, -0.03643, -0.14249, 0.50476
6.45534, -0.18574, 0.08463, -0.29455, 0.43225
6.58311, -0.24711, 0.18989, -0.39394, 0.30699
6.71460, -0.29113, 0.29515, -0.47560, 0.16115
6.84478, -0.31084, 0.38494, -0.52664, 0.01070
6.96813, -0.29424, 0.45144, -0.52397, -0.17990
7.05178, -0.15081, 0.36900, -0.28565, -0.46845
7.13530, -0.02145, 0.25393, -0.08994, -0.50921
7.22305, 0.10406, 0.13484, 0.10156, -0.52949
7.31276, 0.23645, 0.00655, 0.30162, -0.54061
7.42680, 0.32479, -0.10291, 0.42315, -0.43904
7.55074, 0.39234, -0.21613, 0.52481, -0.30637
7.68327, 0.40191, -0.28641, 0.53423, -0.11326
7.81056, 0.39556, -0.35162, 0.53110, 0.07657
7.92625, 0.34875, -0.37986, 0.46241, 0.30129
8.00753, 0.22377, -0.30701, 0.24653, 0.56757
8.09427, 0.09906, -0.18896, 0.04801, 0.60171
8.19993, -0.01327, -0.06683, -0.12523, 0.55792
8.31968, -0.10932, 0.05381, -0.27330, 0.47198
8.44793, -0.18671, 0.17050, -0.39722, 0.36196
8.58257, -0.18586, 0.22530, -0.39220, 0.17023
8.71016, -0.20853, 0.31654, -0.44284, 0.00961
8.83445, -0.21744, 0.40238, -0.47945, -0.15557
8.92208, -0.07845, 0.31941, -0.24394, -0.43913
9.00733, 0.05364, 0.19958, -0.03911, -0.49068
9.11311, 0.14281, 0.09844, 0.08763, -0.41458
9.22053, 0.23369, -0.01450, 0.22508, -0.34202
9.33733, 0.29199, -0.10926, 0.31060, -0.21964
9.45759, 0.33552, -0.20654, 0.38152, -0.07305
9.57880, 0.37113, -0.30638, 0.44952, 0.07202
9.69585, 0.36929, -0.38006, 0.46138, 0.25304
9.77736, 0.22983, -0.29200, 0.21909, 0.53448
9.86846, 0.10767, -0.17371, 0.02864, 0.54831
9.97802, 0.00772, -0.05798, -0.12251, 0.47898
10.08797, -0.10279, 0.06864, -0.29819, 0.44701
10.21326, -0.16990, 0.17326, -0.40029, 0.32610
10.34375, -0.21059, 0.27286, -0.47240, 0.17627
10.47418, -0.22606, 0.35890, -0.51157, 0.00826
10.60194, -0.23654, 0.45269, -0.55458, -0.15957
10.69509, -0.10381, 0.36836, -0.33254, -0.39982
10.77389, 0.04163, 0.24163, -0.10038, -0.50260
10.86837, 0.16478, 0.11795, 0.08647, -0.49259
10.98034, 0.26617, -0.00255, 0.23688, -0.41578
11.09249, 0.37337, -0.12986, 0.40465, -0.37535
11.21817, 0.41826, -0.21505, 0.46530, -0.23269
11.33457, 0.46911, -0.31034, 0.55689, -0.15668
11.45155, 0.49777, -0.40270, 0.61093, -0.00368
11.57201, 0.49426, -0.48428, 0.62716, 0.18331
11.66590, 0.38757, -0.44575, 0.45487, 0.44577
11.74580, 0.25327, -0.33153, 0.24538, 0.52434
11.83227, 0.12167, -0.20796, 0.04236, 0.54920
11.93123, 0.00101, -0.08469, -0.14049, 0.52856
12.04422, -0.09931, 0.03327, -0.29004, 0.45787
12.16715, -0.17711, 0.14609, -0.40766, 0.34774
12.29215, -0.24032, 0.25528, -0.51065, 0.23530
12.42114, -0.25599, 0.33569, -0.54038, 0.05970
12.54924, -0.26849, 0.42872, -0.58012, -0.11442
12.65572, -0.18155, 0.40694, -0.44069, -0.35297
12.73595, -0.03865, 0.28739, -0.20649, -0.49157
12.82870, 0.07878, 0.17033, -0.02720, -0.48311
12.93229, 0.18672, 0.05028, 0.13838, -0.43997
13.04665, 0.27782, -0.06539, 0.27833, -0.36261
13.16824, 0.35816, -0.18543, 0.40749, -0.26313
13.29373, 0.42533, -0.30369, 0.52321, -0.15641
13.42125, 0.43658, -0.38403, 0.55252, 0.01450
13.54210, 0.40520, -0.43608, 0.52010, 0.22696
13.62876, 0.27744, -0.36595, 0.30734, 0.49108
13.71003, 0.14133, -0.24477, 0.09352, 0.55739
13.80151, 0.01070, -0.11894, -0.10778, 0.57171
13.91389, -0.09094, -0.00161, -0.25578, 0.49299
14.03425, -0.17891, 0.11645, -0.38910, 0.39800
14.16500, -0.22001, 0.20605, -0.44816, 0.24018
14.29551, -0.25087, 0.30062, -0.50418, 0.08009
14.42306, -0.23336, 0.35682, -0.48433, -0.12535
14.53280, -0.16803, 0.36289, -0.38504, -0.35585
14.61592, -0.03237, 0.25453, -0.15919, -0.51528
14.70539, 0.09785, 0.12792, 0.04628, -0.54077
14.81808, 0.19421, 0.01249, 0.19061, -0.45974
14.93948, 0.27723, -0.10392, 0.31999, -0.35902
15.06675, 0.34977, -0.22246, 0.43949, -0.24593
15.19830, 0.39831, -0.33231, 0.52864, -0.10967
15.32908, 0.41012, -0.42025, 0.56673, 0.05803
15.44778, 0.36398, -0.45872, 0.51175, 0.27891
15.52753, 0.22935, -0.37852, 0.28882, 0.53431
15.61086, 0.10344, -0.26423, 0.09820, 0.56163
15.71316, 0.00117, -0.15448, -0.04700, 0.49256
15.81503, -0.11068, -0.03303, -0.21603, 0.45763
15.93012, -0.20742, 0.08886, -0.35959, 0.37103
16.05713, -0.27598, 0.20276, -0.46454, 0.24161
16.18771, -0.30992, 0.29487, -0.52178, 0.09133
16.31537, -0.29846, 0.35537, -0.51032, -0.10624
16.43199, -0.26875, 0.40158, -0.47724, -0.29831
16.50774, -0.12175, 0.30568, -0.22204, -0.58437
16.59718, 0.00097, 0.18740, -0.03154, -0.59463
16.70275, 0.10819, 0.06981, 0.13168, -0.54476
16.81507, 0.20969, -0.04929, 0.28842, -0.48620
16.93990, 0.28514, -0.16229, 0.40525, -0.37062
17.06931, 0.34127, -0.27109, 0.50103, -0.24194
17.20161, 0.35596, -0.35523, 0.53512, -0.06480
17.33099, 0.36011, -0.44113, 0.56544, 0.10905
17.45233, 0.34245, -0.51476, 0.56708, 0.29997
17.53043, 0.20155, -0.42619, 0.33444, 0.54528
17.61275, 0.06920, -0.30705, 0.13688, 0.56819
17.70984, -0.04870, -0.18921, -0.03291, 0.52854
17.81979, -0.15343, -0.07143, -0.18141, 0.44958
17.93498, -0.25050, 0.04688, -0.32352, 0.37170
18.05968, -0.32165, 0.15685, -0.42686, 0.24697
18.19091, -0.34846, 0.24055, -0.46541, 0.07622
18.31994, -0.36459, 0.32668, -0.49841, -0.09906
18.44059, -0.33861, 0.37732, -0.46631, -0.30501
18.52838, -0.20291, 0.28360, -0.23220, -0.54059
18.61681, -0.07028, 0.15893, -0.01864, -0.59120
18.72854, 0.03422, 0.03947, 0.14199, -0.52722
18.85055, 0.11850, -0.07333, 0.27365, -0.43351
18.97751, 0.12700, -0.11999, 0.27863, -0.27697
19.09279, 0.18158, -0.22091, 0.37522, -0.17703
19.21067, 0.22916, -0.32684, 0.46550, -0.05261
19.32797, 0.21420, -0.38785, 0.45802, 0.14272
19.44182, 0.21678, -0.47456, 0.49381, 0.30074
19.50732, 0.07986, -0.39456, 0.26298, 0.57962
19.57824, -0.05520, -0.27518, 0.05602, 0.62961
19.66911, -0.17938, -0.15194, -0.12560, 0.60043
19.77575, -0.29056, -0.02959, -0.28424, 0.52985
19.88747, -0.39100, 0.08882, -0.42999, 0.45920
20.01301, -0.43435, 0.16931, -0.48079, 0.30856
20.13771, -0.47659, 0.26751, -0.54589, 0.15648
20.26182, -0.49633, 0.34899, -0.58157, 0.00069
20.38163, -0.47694, 0.40578, -0.55955, -0.20187
20.48681, -0.42710, 0.41245, -0.49083, -0.34666
20.55202, -0.27845, 0.29653, -0.22833, -0.58832
20.63470, -0.15817, 0.17709, -0.03931, -0.59392
20.73106, -0.04115, 0.05225, 0.14602, -0.57567
20.84306, 0.06097, -0.06981, 0.30508, -0.51015
20.96786, 0.13940, -0.18713, 0.43060, -0.40055
21.10157, 0.16663, -0.27354, 0.47791, -0.23067
21.23272, 0.16493, -0.34378, 0.48804, -0.04408
21.35879, 0.15612, -0.41743, 0.49656, 0.14631
21.46051, 0.06816, -0.40225, 0.36257, 0.39544
21.54749, -0.05547, -0.29927, 0.17557, 0.45982
21.63716, -0.18413, -0.17640, -0.01954, 0.47483
21.73978, -0.29963, -0.05302, -0.19058, 0.43468
21.85649, -0.39285, 0.06587, -0.32732, 0.34299
21.98371, -0.45212, 0.16965, -0.41438, 0.20428
22.11423, -0.47484, 0.25192, -0.44986, 0.03311
22.24098, -0.49864, 0.34547, -0.49993, -0.12343
22.36101, -0.50032, 0.42791, -0.52113, -0.30046
22.44023, -0.35668, 0.33970, -0.27292, -0.59114
22.51774, -0.21468, 0.21383, -0.04403, -0.67270
22.62377, -0.10201, 0.09319, 0.12453, -0.61539
22.74369, -0.01549, -0.01627, 0.25194, -0.51456
22.86344, 0.05733, -0.11879, 0.36429, -0.42068
22.97376, 0.15693, -0.24369, 0.52702, -0.38342
23.09714, 0.19729, -0.33092, 0.58598, -0.23552
23.22506, 0.19379, -0.40486, 0.59366, -0.03917
23.35058, 0.18250, -0.48155, 0.60024, 0.15690
23.44243, 0.05357, -0.41813, 0.38843, 0.43842
23.51195, -0.09644, -0.29434, 0.14520, 0.58100
23.59896, -0.21948, -0.17579, -0.03963, 0.57648
23.70207, -0.32893, -0.05604, -0.20086, 0.51909
23.82218, -0.39352, 0.03608, -0.28696, 0.39160
23.94362, -0.45538, 0.14117, -0.37957, 0.25782
24.06763, -0.50934, 0.24677, -0.46799, 0.12814
24.19387, -0.50734, 0.31175, -0.46792, -0.06519
24.31506, -0.50808, 0.39143, -0.48635, -0.24552
24.40251, -0.38232, 0.32110, -0.26994, -0.51976
24.49543, -0.26277, 0.20702, -0.08513, -0.53262
24.58803, -0.13072, 0.07768, 0.12628, -0.56617
24.70017, -0.02319, -0.04573, 0.28904, -0.50228
24.82687, 0.05396, -0.16125, 0.40944, -0.38697
24.95865, 0.10763, -0.26837, 0.50000, -0.25012
25.09268, 0.11422, -0.34520, 0.51996, -0.06356
25.22315, 0.11598, -0.43022, 0.54577, 0.11904
25.34282, 0.08329, -0.48677, 0.51937, 0.32422
25.42594, -0.03806, -0.41665, 0.32460, 0.53572
25.50531, -0.17240, -0.29664, 0.11978, 0.57866
25.60230, -0.28774, -0.18214, -0.04567, 0.53914
25.70985, -0.39524, -0.06262, -0.20008, 0.46907
25.81899, -0.50795, 0.06483, -0.36914, 0.42324
25.94253, -0.58365, 0.17494, -0.47638, 0.30343
26.07443, -0.60759, 0.25566, -0.50927, 0.13010
26.20406, -0.59958, 0.31761, -0.49807, -0.07353
26.32520, -0.58565, 0.37834, -0.48825, -0.25745
26.41547, -0.47283, 0.32008, -0.29430, -0.51488
26.50532, -0.34789, 0.20315, -0.09528, -0.55553
26.60046, -0.21863, 0.07588, 0.11184, -0.58095
26.71432, -0.11676, -0.04310, 0.26784, -0.51416
26.84149, -0.04664, -0.15298, 0.37830, -0.39205
26.97348, 0.00556, -0.26069, 0.46875, -0.25088
27.10792, 0.03041, -0.35579, 0.52355, -0.08528
27.24078, 0.04903, -0.45650, 0.58096, 0.07422
27.35399, -0.01877, -0.46991, 0.48804, 0.30950
27.43598, -0.15580, -0.36583, 0.27286, 0.45148
27.52146, -0.28386, -0.24584, 0.08116, 0.46508
27.61306, -0.41129, -0.11981, -0.11176, 0.46766
27.72149, -0.51791, 0.00241, -0.26704, 0.39952
27.82873, -0.63228, 0.13222, -0.44303, 0.37309
27.94955, -0.70841, 0.24323, -0.55108, 0.25779
28.07585, -0.75421, 0.34725, -0.62845, 0.12202
28.20237, -0.75475, 0.42114, -0.63715, -0.06574
28.32186, -0.72142, 0.47390, -0.60012, -0.28197
28.40390, -0.58004, 0.38941, -0.35908, -0.56472
28.48914, -0.45846, 0.28096, -0.17190, -0.59833
28.58463, -0.34457, 0.16623, 0.00101, -0.57517
28.69152, -0.23937, 0.04916, 0.16009, -0.51892
28.80981, -0.15755, -0.05909, 0.28312, -0.42178
28.93592, -0.10936, -0.15186, 0.35606, -0.27716
29.06254, -0.08852, -0.22976, 0.39219, -0.11216
29.18553, -0.09077, -0.29491, 0.39726, 0.07303
29.29867, -0.12003, -0.33843, 0.36218, 0.27489
29.37559, -0.25644, -0.24760, 0.12558, 0.53714
29.46705, -0.37115, -0.13221, -0.05089, 0.53124
29.57543, -0.46959, -0.01499, -0.19984, 0.45929
29.69651, -0.53502, 0.08458, -0.29590, 0.33542
29.82151, -0.57747, 0.17708, -0.36278, 0.18608
29.94558, -0.62028, 0.27808, -0.44124, 0.05312
30.06572, -0.59891, 0.32542, -0.41351, -0.14920
30.17400, -0.57266, 0.36787, -0.38792, -0.31662
30.24719, -0.45769, 0.29920, -0.19135, -0.55167
30.33035, -0.33717, 0.18129, -0.00439, -0.56197
30.43253, -0.22984, 0.06180, 0.15735, -0.50707
30.54732, -0.13895, -0.05359, 0.29375, -0.41839
30.67276, -0.07927, -0.15595, 0.38401, -0.28337
30.80116, -0.04543, -0.24634, 0.44103, -0.12895
30.92887, -0.01721, -0.34336, 0.49967, 0.02728
31.05043, -0.04138, -0.39771, 0.47522, 0.23232
31.13349, -0.18842, -0.30445, 0.22275, 0.52140
31.22609, -0.30988, -0.18766, 0.03650, 0.52974
31.32112, -0.43902, -0.05878, -0.16748, 0.54800
31.43525, -0.53808, 0.05821, -0.31400, 0.47102
31.56202, -0.60842, 0.17050, -0.42263, 0.34461
31.69432, -0.65758, 0.27697, -0.50564, 0.19715
31.82821, -0.66186, 0.35330, -0.52239, 0.00886
31.95810, -0.66662, 0.44259, -0.55398, -0.16954
32.07014, -0.61014, 0.47112, -0.48156, -0.39663
32.16284, -0.48741, 0.37595, -0.30077, -0.46009
32.25511, -0.35887, 0.25597, -0.10978, -0.46628
32.34651, -0.22403, 0.12820, 0.09736, -0.49606
32.45584, -0.11551, 0.00712, 0.25499, -0.43266
32.57473, -0.02089, -0.11600, 0.39704, -0.34537
32.70377, 0.03811, -0.22192, 0.48526, -0.20664
32.83627, 0.07517, -0.32394, 0.55014, -0.04769
32.96450, 0.04178, -0.36423, 0.50034, 0.17374
33.05849, -0.11031, -0.25888, 0.23522, 0.45417
33.15258, -0.23755, -0.13753, 0.03137, 0.49643
33.25841, -0.34075, -0.02450, -0.13249, 0.47095
33.37239, -0.44150, 0.10011, -0.29527, 0.41492
33.49109, -0.53969, 0.22812, -0.45834, 0.36272
33.61768, -0.61350, 0.35020, -0.58471, 0.25881
33.74693, -0.60226, 0.40929, -0.57817, 0.06972
33.86669, -0.56746, 0.45865, -0.54429, -0.13902
33.96016, -0.46745, 0.42930, -0.38982, -0.39275
34.04236, -0.34119, 0.32021, -0.20047, -0.44118
34.12270, -0.20296, 0.19209, 0.01390, -0.49094
34.22214, -0.08768, 0.06889, 0.18210, -0.44301
34.33684, -0.00317, -0.04008, 0.30265, -0.34570
34.45478, 0.07902, -0.15840, 0.42757, -0.24604
34.57952, 0.12330, -0.25348, 0.49518, -0.10414
34.70554, 0.11511, -0.31342, 0.48311, 0.09691
34.82577, 0.12371, -0.39985, 0.51389, 0.26540
34.91201, -0.00048, -0.32983, 0.29793, 0.53827
35.00404, -0.12169, -0.21403, 0.10851, 0.55461
35.10200, -0.24285, -0.09130, -0.08349, 0.55836
35.21662, -0.34491, 0.02976, -0.24068, 0.48891
35.33812, -0.43915, 0.15421, -0.39244, 0.41411
35.46938, -0.49589, 0.26025, -0.48588, 0.28028
35.60329, -0.51944, 0.35254, -0.53721, 0.11582
35.73588, -0.53146, 0.44698, -0.58112, -0.05721
35.85847, -0.50288, 0.50547, -0.56375, -0.24745
35.93970, -0.37579, 0.44425, -0.35943, -0.51750
36.01825, -0.24546, 0.33223, -0.16490, -0.56085
36.10297, -0.11317, 0.20896, 0.03264, -0.57272
36.20378, 0.00676, 0.08471, 0.20529, -0.52505
36.32052, 0.10679, -0.03688, 0.34687, -0.42920
36.44890, 0.16964, -0.13819, 0.43239, -0.29009
36.57820, 0.22459, -0.24585, 0.51693, -0.14857
36.71015, 0.24650, -0.33507, 0.55486, 0.02743
36.83786, 0.23320, -0.40132, 0.54473, 0.22817
36.93464, 0.11114, -0.33648, 0.33487, 0.50005
37.02705, -0.01650, -0.21971, 0.13115, 0.55152
37.12902, -0.13902, -0.09518, -0.06273, 0.54998
37.24725, -0.23347, 0.01929, -0.20799, 0.47311
37.37384, -0.30300, 0.12681, -0.31867, 0.35777
37.50346, -0.35908, 0.23465, -0.41607, 0.22946
37.63312, -0.39690, 0.33449, -0.49258, 0.09609
37.76182, -0.42264, 0.43741, -0.55928, -0.05429
37.87922, -0.38250, 0.48307, -0.51842, -0.26587
37.95369, -0.23069, 0.38151, -0.26752, -0.51869
38.03322, -0.09628, 0.26043, -0.06485, -0.55364
38.13347, 0.01309, 0.14591, 0.09044, -0.49505
38.23671, 0.12811, 0.02093, 0.26106, -0.45303
38.35395, 0.22326, -0.10033, 0.39865, -0.35782
38.48170, 0.29256, -0.21567, 0.50278, -0.22646
38.61579, 0.31365, -0.29967, 0.53501, -0.04731
38.74677, 0.31469, -0.37742, 0.54675, 0.14334
38.86792, 0.29258, -0.43760, 0.52815, 0.33827
38.94894, 0.16032, -0.36112, 0.30178, 0.61130
39.04122, 0.06071, -0.26929, 0.15483, 0.59911
39.13987, -0.03797, -0.16002, 0.00904, 0.53141
39.24160, -0.14368, -0.04301, -0.15447, 0.49196
39.35415, -0.24193, 0.07884, -0.30733, 0.42138
39.47489, -0.32995, 0.20264, -0.44917, 0.33536
39.60513, -0.38068, 0.31000, -0.53591, 0.19315
39.73797, -0.38683, 0.39161, -0.56045, 0.00935
39.86548, -0.37288, 0.46426, -0.56262, -0.18403
39.95744, -0.24694, 0.40388, -0.35654, -0.46184
40.03259, -0.10232, 0.28275, -0.12638, -0.57444
40.12327, 0.02606, 0.15913, 0.06690, -0.57270
40.22789, 0.14461, 0.03274, 0.24325, -0.52901
40.35096, 0.21868, -0.06864, 0.34499, -0.40864
40.48088, 0.24749, -0.14440, 0.37878, -0.23620
40.60720, 0.29332, -0.24825, 0.45472, -0.08700
40.73468, 0.30745, -0.33139, 0.48547, 0.08820
40.85751, 0.31873, -0.42144, 0.52461, 0.24810
40.94842, 0.21294, -0.36991, 0.34630, 0.48666
41.03280, 0.08179, -0.25096, 0.13878, 0.54379
41.13571, -0.02957, -0.13253, -0.02876, 0.49816
41.24730, -0.13521, -0.01038, -0.19106, 0.44090
41.36950, -0.22018, 0.10539, -0.32226, 0.34581
41.50001, -0.26454, 0.20053, -0.39280, 0.19602
41.63012, -0.26639, 0.26680, -0.40042, 0.00896
41.75363, -0.26516, 0.33930, -0.41378, -0.17103
41.84373, -0.13070, 0.25621, -0.18048, -0.45140
41.93798, -0.00920, 0.13750, 0.00928, -0.46932
42.04606, 0.09523, 0.01784, 0.17065, -0.42028
42.16413, 0.18738, -0.10345, 0.31497, -0.33849
42.29245, 0.24348, -0.20842, 0.40578, -0.20335
42.42377, 0.26363, -0.29458, 0.44667, -0.03157
42.55145, 0.26294, -0.37131, 0.46296, 0.15244
42.66404, 0.21647, -0.40447, 0.40410, 0.36833
42.73878, 0.07473, -0.30324, 0.16637, 0.58668
42.82926, -0.04409, -0.18701, -0.01121, 0.57314
42.93387, -0.15014, -0.06984, -0.16785, 0.51349
43.04943, -0.24733, 0.05102, -0.31228, 0.42552
43.17516, -0.32449, 0.16762, -0.42987, 0.30802
43.30878, -0.35350, 0.25425, -0.47462, 0.13773
43.44021, -0.38234, 0.35314, -0.53355, -0.01973
43.56786, -0.38693, 0.43930, -0.56077, -0.19778
43.68360, -0.35692, 0.49958, -0.53755, -0.40086
43.74996, -0.20744, 0.40486, -0.28381, -0.67910
43.83237, -0.07896, 0.28795, -0.09087, -0.69011
43.93474, 0.02993, 0.17561, 0.06266, -0.62278
44.04623, 0.13094, 0.06000, 0.20608, -0.53457
44.16842, 0.18853, -0.02397, 0.27932, -0.40442
44.28877, 0.24870, -0.12566, 0.36743, -0.26999
44.41108, 0.31453, -0.24130, 0.47464, -0.14989
44.53820, 0.33752, -0.32955, 0.51729, 0.01736
44.66189, 0.32431, -0.39493, 0.50963, 0.21461
44.75465, 0.20180, -0.32974, 0.30072, 0.48631
44.84364, 0.07523, -0.21480, 0.10043, 0.53898
44.94405, -0.04582, -0.09020, -0.08848, 0.52794
45.06062, -0.14730, 0.03176, -0.24420, 0.45497
45.18678, -0.22669, 0.14719, -0.36970, 0.35157
45.31970, -0.26799, 0.24349, -0.43898, 0.19877
45.45258, -0.27639, 0.32236, -0.46377, 0.01643
45.57913, -0.26096, 0.38679, -0.45762, -0.17957
45.66871, -0.12212, 0.30470, -0.22185, -0.46592
45.75188, 0.01754, 0.18040, -0.00013, -0.54518
45.85417, 0.13780, 0.05438, 0.18185, -0.51501
45.97393, 0.22619, -0.05901, 0.31136, -0.41646
46.10113, 0.29803, -0.17361, 0.42241, -0.29233
46.23087, 0.35205, -0.28087, 0.51334, -0.16427
46.36249, 0.37300, -0.37335, 0.55830, 0.00733
46.48986, 0.35705, -0.44157, 0.55209, 0.20626
46.57789, 0.20767, -0.35135, 0.29875, 0.50331
46.66797, 0.07909, -0.23432, 0.10161, 0.53562
46.76930, -0.03607, -0.11586, -0.07315, 0.51098
46.88480, -0.12863, -0.00312, -0.20977, 0.42443
47.00480, -0.21351, 0.11315, -0.34181, 0.33477
47.12833, -0.27825, 0.21955, -0.44609, 0.22822
47.25383, -0.32190, 0.32167, -0.52494, 0.09427
47.38066, -0.33774, 0.41379, -0.56753, -0.07653
47.49793, -0.29546, 0.45445, -0.51741, -0.29176
47.58834, -0.17135, 0.36494, -0.32261, -0.42806
47.67449, -0.03803, 0.24130, -0.11649, -0.46638
47.77390, 0.07637, 0.12187, 0.05541, -0.43614
47.88427, 0.17739, 0.00210, 0.20770, -0.36969
47.99632, 0.26676, -0.10796, 0.34637, -0.31912
48.11429, 0.34007, -0.22163, 0.46215, -0.21586
48.23550, 0.39407, -0.32917, 0.55696, -0.10348
48.35768, 0.41948, -0.42511, 0.61232, 0.04983
48.47606, 0.39960, -0.49044, 0.60125, 0.24801
48.56441, 0.29135, -0.44341, 0.42667, 0.48740
48.64146, 0.15857, -0.32865, 0.21929, 0.55865
48.73505, 0.04066, -0.21116, 0.04503, 0.52873
48.82900, -0.08803, -0.08346, -0.15403, 0.53719
48.94245, -0.19265, 0.03924, -0.30788, 0.45983
49.06653, -0.28030, 0.16225, -0.44225, 0.35733
49.19897, -0.33083, 0.26524, -0.52154, 0.21094
49.33166, -0.33554, 0.33702, -0.53504, 0.03091
49.45437, -0.29501, 0.37103, -0.47762, -0.18831
49.55117, -0.17981, 0.29219, -0.28653, -0.36723
49.62634, -0.04947, 0.18151, -0.06584, -0.51465
49.69438, 0.09085, 0.05285, 0.16576, -0.61109
49.79231, 0.20043, -0.07180, 0.33362, -0.55556
49.91426, 0.24629, -0.15953, 0.40051, -0.40781
50.03870, 0.27308, -0.24396, 0.44606, -0.24138
50.16175, 0.30026, -0.33474, 0.50353, -0.09505
50.28212, 0.28280, -0.39290, 0.49064, 0.10278
50.39943, 0.28462, -0.48106, 0.52449, 0.26990
50.47958, 0.16220, -0.40439, 0.32380, 0.47850
50.55080, 0.02153, -0.28073, 0.10320, 0.55712
50.64143, -0.10229, -0.15752, -0.07979, 0.53504
50.74782, -0.20987, -0.03773, -0.23544, 0.46919
50.86608, -0.30275, 0.08300, -0.37060, 0.36877
50.99575, -0.35124, 0.17674, -0.43769, 0.21769
51.12654, -0.37745, 0.26378, -0.47913, 0.04732
51.25480, -0.38339, 0.34159, -0.49676, -0.13541
51.36519, -0.30803, 0.33340, -0.37223, -0.38334
51.45105, -0.17356, 0.22291, -0.14517, -0.53717
51.53797, -0.03701, 0.09267, 0.07736, -0.59290
51.64853, 0.07029, -0.03071, 0.24447, -0.53574
51.77499, 0.13554, -0.13382, 0.34621, -0.41141
51.90477, 0.18662, -0.23882, 0.43476, -0.27133
52.03648, 0.20803, -0.32683, 0.48233, -0.10679
52.16594, 0.23283, -0.42779, 0.54852, 0.03814
52.28471, 0.19959, -0.48053, 0.51947, 0.24582
52.37361, 0.09827, -0.43764, 0.36577, 0.44814
52.45098, -0.03185, -0.32335, 0.16883, 0.49814
52.54054, -0.15652, -0.20103, -0.01388, 0.48044
52.64001, -0.27672, -0.07527, -0.19054, 0.44603
52.74481, -0.38879, 0.04612, -0.35552, 0.41022
52.86196, -0.47955, 0.16755, -0.48701, 0.31001
52.99326, -0.50781, 0.25032, -0.52287, 0.13517
53.12217, -0.53606, 0.34612, -0.57447, -0.02545
53.24593, -0.52949, 0.41356, -0.57455, -0.20629
53.34054, -0.41291, 0.35711, -0.37553, -0.47950
53.43268, -0.29340, 0.24637, -0.18808, -0.51006
53.52760, -0.16700, 0.12054, 0.01492, -0.53162
53.63716, -0.05486, -0.00489, 0.19150, -0.49219
53.75751, 0.04218, -0.12888, 0.34751, -0.42368
53.88466, 0.11500, -0.24299, 0.46848, -0.32262
54.01777, 0.16067, -0.35287, 0.55505, -0.17647
54.15117, 0.15505, -0.42768, 0.56582, 0.01581
54.27342, 0.11099, -0.47266, 0.51965, 0.23634
54.37066, 0.03113, -0.47418, 0.40875, 0.47320
54.44577, -0.09966, -0.37363, 0.20881, 0.57522
54.53326, -0.22848, -0.25311, 0.02298, 0.56150
54.62533, -0.35172, -0.13593, -0.15658, 0.55449
54.72975, -0.46036, -0.01856, -0.30890, 0.49012
54.84572, -0.55044, 0.09805, -0.43548, 0.38700
54.97154, -0.61641, 0.20881, -0.52945, 0.24738
55.10485, -0.63779, 0.29232, -0.55831, 0.06325
55.23539, -0.62554, 0.35417, -0.54179, -0.14396
55.33920, -0.49102, 0.27023, -0.30264, -0.42906
55.43477, -0.36282, 0.15093, -0.09132, -0.49833
55.54351, -0.25166, 0.02753, 0.08962, -0.47517
55.66438, -0.16161, -0.09047, 0.23791, -0.40291
55.79367, -0.09372, -0.20479, 0.35639, -0.29068
55.92745, -0.05529, -0.30740, 0.43530, -0.14399
56.05964, -0.05248, -0.38903, 0.46415, 0.03492
56.17452, -0.11566, -0.40560, 0.38045, 0.26644
56.24894, -0.26076, -0.30584, 0.14147, 0.50194
56.32924, -0.39322, -0.18325, -0.05874, 0.53251
56.43317, -0.49995, -0.06482, -0.21034, 0.46096
56.54807, -0.59491, 0.05536, -0.34699, 0.36531
56.67300, -0.66450, 0.16561, -0.44759, 0.23667
56.79918, -0.72585, 0.27857, -0.54606, 0.11478
56.92759, -0.73568, 0.35620, -0.56449, -0.06788
57.05085, -0.72285, 0.42477, -0.55829, -0.26367
57.14238, -0.59892, 0.35293, -0.34469, -0.52024
57.22954, -0.46738, 0.23320, -0.13376, -0.58002
57.33499, -0.35465, 0.11319, 0.03951, -0.53979
57.44825, -0.24520, -0.01151, 0.21165, -0.49391
57.55217, -0.11621, -0.14357, 0.42070, -0.52415
57.67151, -0.03036, -0.25331, 0.54672, -0.43456
57.80405, -0.02953, -0.31697, 0.54823, -0.24115
57.93335, -0.01376, -0.41019, 0.59149, -0.06600
58.06180, -0.01265, -0.49789, 0.62077, 0.11393
58.15745, -0.13418, -0.44554, 0.42553, 0.39053
58.24135, -0.26390, -0.33316, 0.23142, 0.43637
58.32660, -0.39427, -0.20963, 0.03267, 0.45975
58.42221, -0.51652, -0.08446, -0.15064, 0.44294
58.53440, -0.61731, 0.03804, -0.29869, 0.36221
58.65582, -0.70259, 0.15948, -0.42820, 0.26069
58.78556, -0.75398, 0.26558, -0.50896, 0.11406
58.91764, -0.77477, 0.35782, -0.55099, -0.05887
59.04247, -0.75560, 0.41681, -0.53439, -0.25069
59.13119, -0.62426, 0.34151, -0.30945, -0.52706
59.22256, -0.50107, 0.22671, -0.11745, -0.55378
59.32918, -0.39467, 0.11022, 0.04396, -0.50049
59.44575, -0.31614, 0.00968, 0.16088, -0.40739
59.56503, -0.24009, -0.10218, 0.28163, -0.30395
59.68822, -0.16887, -0.21885, 0.40225, -0.20130
59.81537, -0.11940, -0.32925, 0.49512, -0.07153
59.94210, -0.11907, -0.40763, 0.51444, 0.11179
60.05041, -0.19108, -0.41268, 0.40985, 0.35161
60.14137, -0.31613, -0.30877, 0.22032, 0.41798
60.22324, -0.46031, -0.17878, -0.00922, 0.50228
60.31869, -0.58421, -0.05311, -0.19552, 0.48804
60.43461, -0.67196, 0.05982, -0.32283, 0.38966
60.55811, -0.74629, 0.17581, -0.43677, 0.27062
60.68510, -0.79975, 0.28140, -0.52479, 0.14326
60.81419, -0.81594, 0.36826, -0.55960, -0.03241
60.94069, -0.81819, 0.45447, -0.58438, -0.21245
61.03876, -0.71674, 0.41055, -0.41717, -0.44436
61.12374, -0.58695, 0.29630, -0.21272, -0.51138
61.21654, -0.46151, 0.17418, -0.01927, -0.51836
61.31794, -0.33887, 0.04701, 0.17050, -0.50537
61.43686, -0.23983, -0.07653, 0.32061, -0.42106
61.56664, -0.17884, -0.18061, 0.41493, -0.29172
61.69957, -0.16452, -0.25518, 0.43879, -0.11201
61.82749, -0.15351, -0.33606, 0.46990, 0.05498
61.94670, -0.17697, -0.39016, 0.44787, 0.25354
62.03636, -0.27711, -0.34992, 0.28431, 0.49519
62.12191, -0.40311, -0.23533, 0.08849, 0.53825
62.22223, -0.51671, -0.11793, -0.08173, 0.50628
62.33573, -0.60818, -0.00708, -0.21560, 0.42097
62.45403, -0.69730, 0.11327, -0.35334, 0.33183
62.58166, -0.75256, 0.21669, -0.43981, 0.19469
62.71227, -0.79344, 0.32271, -0.51523, 0.04443
62.84108, -0.78848, 0.39524, -0.52148, -0.14686
62.94952, -0.71223, 0.39256, -0.40476, -0.38944
63.03554, -0.57849, 0.28344, -0.18984, -0.50791
63.11877, -0.43611, 0.15424, 0.03716, -0.57883
63.22477, -0.32637, 0.03452, 0.20030, -0.52301
63.33977, -0.22602, -0.08873, 0.35488, -0.45339
63.46695, -0.15939, -0.19653, 0.45605, -0.32571
63.59995, -0.12094, -0.29673, 0.52278, -0.16582
63.73207, -0.13793, -0.35324, 0.50302, 0.04273
63.85706, -0.13947, -0.43488, 0.52420, 0.21974
63.94884, -0.25353, -0.37648, 0.33415, 0.46516
64.03285, -0.38594, -0.25813, 0.12720, 0.52423
64.12730, -0.50728, -0.13910, -0.05752, 0.52243
64.23950, -0.59783, -0.03088, -0.18772, 0.43392
64.35670, -0.68418, 0.08609, -0.31966, 0.34011
64.47881, -0.75713, 0.19903, -0.43519, 0.23662
64.60653, -0.79019, 0.29140, -0.49204, 0.08048
64.73331, -0.78262, 0.35825, -0.49040, -0.11555
64.84030, -0.69911, 0.34212, -0.35503, -0.36677
64.92406, -0.55948, 0.22512, -0.12344, -0.50888
65.02280, -0.44147, 0.10249, 0.05922, -0.49082
65.12834, -0.32448, -0.02508, 0.24455, -0.47382
65.24194, -0.21752, -0.15088, 0.41167, -0.42694
65.36615, -0.16337, -0.24455, 0.49528, -0.30826
65.49507, -0.13956, -0.33506, 0.54221, -0.13728
65.62472, -0.13717, -0.41735, 0.56475, 0.04906
65.74700, -0.16721, -0.47557, 0.54082, 0.25644
65.82557, -0.31636, -0.38572, 0.29110, 0.54549
65.90951, -0.44946, -0.26610, 0.08968, 0.57780
66.00783, -0.56979, -0.14565, -0.08775, 0.54944
66.11065, -0.69100, -0.01994, -0.26900, 0.52283
66.23017, -0.78669, 0.10064, -0.40693, 0.42461
66.36110, -0.84605, 0.20644, -0.49418, 0.28134
66.49617, -0.86470, 0.28797, -0.52274, 0.09855
66.62777, -0.86903, 0.36699, -0.54006, -0.08708
66.75125, -0.84851, 0.42932, -0.52396, -0.28752
66.83881, -0.72507, 0.36504, -0.31586, -0.55625
66.92710, -0.60278, 0.25484, -0.12673, -0.59022
67.02889, -0.49010, 0.13764, 0.04269, -0.55085
67.13625, -0.37433, 0.01179, 0.22125, -0.51585
67.25995, -0.30742, -0.08369, 0.31677, -0.39884
67.37842, -0.22519, -0.20262, 0.45124, -0.31889
67.50116, -0.16243, -0.31258, 0.55504, -0.20614
67.62835, -0.16005, -0.38605, 0.56913, -0.02168
67.75056, -0.18419, -0.44602, 0.54999, 0.18425
67.84221, -0.30098, -0.39414, 0.35914, 0.45350
67.93169, -0.41405, -0.29229, 0.19181, 0.46600
68.02281, -0.53355, -0.17181, 0.00959, 0.45797
68.12687, -0.64067, -0.05179, -0.15095, 0.40461
68.24430, -0.72032, 0.05848, -0.26907, 0.29797
68.36800, -0.77994, 0.16426, -0.36230, 0.16684
68.49427, -0.81749, 0.26103, -0.42790, 0.01770
68.61804, -0.81536, 0.33070, -0.43429, -0.17011
68.72099, -0.73577, 0.31139, -0.30361, -0.40069
68.81631, -0.62328, 0.20693, -0.12761, -0.43345
68.91698, -0.50906, 0.08588, 0.05226, -0.42140
69.02296, -0.39399, -0.04151, 0.23599, -0.40618
69.14445, -0.31193, -0.15907, 0.36580, -0.30712
69.27461, -0.27105, -0.25692, 0.43756, -0.15873
69.40593, -0.23419, -0.36488, 0.51487, -0.00927
69.53393, -0.23575, -0.44624, 0.53621, 0.17156
69.62919, -0.35059, -0.39604, 0.35042, 0.43370
69.71184, -0.48876, -0.27628, 0.13547, 0.50989
69.80804, -0.61077, -0.15607, -0.04644, 0.49641
69.91825, -0.71433, -0.03825, -0.19746, 0.42668
70.03636, -0.80770, 0.08226, -0.33745, 0.33946
70.15996, -0.88807, 0.20173, -0.46246, 0.23814
70.28846, -0.93304, 0.30269, -0.53696, 0.09771
70.41563, -0.90672, 0.34778, -0.49758, -0.11823
70.51630, -0.79333, 0.29141, -0.30183, -0.39051
70.60653, -0.66444, 0.17387, -0.09124, -0.46999
70.70902, -0.54844, 0.05006, 0.09375, -0.45860
70.82549, -0.45179, -0.07178, 0.24806, -0.38986
70.95221, -0.37939, -0.18726, 0.36860, -0.28035
71.08147, -0.32327, -0.29831, 0.47203, -0.16534
71.21135, -0.30869, -0.38579, 0.51356, 0.00294
71.33244, -0.34383, -0.43295, 0.47875, 0.20901
71.41733, -0.46622, -0.37393, 0.27907, 0.48114
71.50304, -0.59143, -0.26047, 0.09161, 0.50608
71.59592, -0.71771, -0.13598, -0.09840, 0.50283
71.70502, -0.82394, -0.01614, -0.25167, 0.43365
71.81982, -0.92552, 0.10943, -0.40447, 0.36302
71.94446, -1.00409, 0.22913, -0.52286, 0.24712
72.07814, -1.03036, 0.31922, -0.56503, 0.07169
72.20933, -1.03017, 0.39564, -0.57608, -0.11553
72.33226, -1.04155, 0.48534, -0.61934, -0.25393
72.41722, -0.92584, 0.42426, -0.42135, -0.50892
72.49996, -0.79953, 0.30994, -0.22596, -0.54569
72.58953, -0.68068, 0.19535, -0.04353, -0.55014
72.69085, -0.56959, 0.07623, 0.12511, -0.51010
72.80466, -0.46955, -0.04575, 0.27818, -0.43638
72.92954, -0.39536, -0.15786, 0.39311, -0.32299
73.06112, -0.35444, -0.25590, 0.46171, -0.16785
73.19285, -0.32902, -0.35116, 0.51646, -0.00788
73.31168, -0.39033, -0.35918, 0.42156, 0.22385
73.39259, -0.54502, -0.24461, 0.15678, 0.47578
73.48153, -0.67213, -0.12026, -0.04258, 0.49874
73.58692, -0.78184, 0.00338, -0.21354, 0.45887
73.70518, -0.87286, 0.12372, -0.35540, 0.37348
73.83297, -0.94504, 0.24400, -0.47444, 0.25499
73.96725, -0.97239, 0.33815, -0.52787, 0.08805
74.10046, -0.98278, 0.43059, -0.56671, -0.08861
74.22252, -0.94673, 0.48282, -0.53293, -0.29803
74.30825, -0.81092, 0.39072, -0.31426, -0.49172
74.38812, -0.67055, 0.26565, -0.09649, -0.55255
74.48454, -0.54759, 0.14342, 0.08559, -0.53046
74.59366, -0.43832, 0.02214, 0.24560, -0.46998
74.71533, -0.35444, -0.09103, 0.36663, -0.36158
74.83095, -0.25702, -0.21681, 0.52050, -0.30839
74.95692, -0.21229, -0.31033, 0.58390, -0.15817
75.08711, -0.18935, -0.40849, 0.63304, 0.01328
75.21425, -0.19900, -0.48443, 0.63657, 0.20825
75.30480, -0.33983, -0.40324, 0.39726, 0.49708
75.38984, -0.47331, -0.28617, 0.18892, 0.55737
75.48282, -0.60298, -0.16101, -0.01265, 0.57100
75.59116, -0.71683, -0.03783, -0.18534, 0.52571
75.71342, -0.80967, 0.08231, -0.32638, 0.43174
75.84314, -0.88547, 0.20090, -0.44701, 0.31563
75.97771, -0.93724, 0.31175, -0.53734, 0.17455
76.11128, -0.94054, 0.38734, -0.55603, -0.00268
76.23633, -0.91789, 0.44876, -0.54118, -0.20118
76.32217, -0.77500, 0.36676, -0.30183, -0.49189
76.40779, -0.64216, 0.24744, -0.09794, -0.53559
76.51003, -0.52815, 0.12839, 0.07098, -0.49393
76.62186, -0.42698, 0.01151, 0.22110, -0.42745
76.74070, -0.33839, -0.10548, 0.35530, -0.33930
76.86487, -0.26341, -0.22305, 0.47431, -0.23188
76.99589, -0.25024, -0.29873, 0.49609, -0.04987
77.12382, -0.24353, -0.38236, 0.52215, 0.12916
77.23939, -0.28583, -0.41975, 0.46801, 0.34414
77.32026, -0.42313, -0.32239, 0.23741, 0.55569
77.41138, -0.54448, -0.20405, 0.05207, 0.55362
77.51517, -0.65487, -0.08503, -0.11514, 0.51059
77.63011, -0.75207, 0.03300, -0.26208, 0.43401
77.75291, -0.83725, 0.15312, -0.39542, 0.33660
77.88421, -0.85559, 0.22330, -0.42061, 0.16672
78.01107, -0.88359, 0.31725, -0.47726, 0.01297
78.13381, -0.87372, 0.38312, -0.47591, -0.17783
78.22074, -0.72477, 0.28752, -0.21960, -0.47031
78.30544, -0.59180, 0.16760, -0.00890, -0.53587
78.41167, -0.48793, 0.05074, 0.14754, -0.47663
78.52418, -0.38428, -0.07424, 0.30974, -0.41970
78.64569, -0.29424, -0.19825, 0.45218, -0.33304
78.77736, -0.26021, -0.28937, 0.50874, -0.17386
78.90918, -0.24164, -0.38226, 0.55421, -0.00358
79.03655, -0.24153, -0.46450, 0.57883, 0.16738
79.12770, -0.37092, -0.39753, 0.36413, 0.44572
79.20593, -0.51338, -0.27538, 0.13926, 0.53925
79.29243, -0.65011, -0.14703, -0.07265, 0.57165
79.40028, -0.75713, -0.02915, -0.22866, 0.50759
79.51232, -0.86369, 0.09724, -0.39158, 0.45011
79.64018, -0.91768, 0.19163, -0.46613, 0.30592
79.76944, -0.95691, 0.28996, -0.53258, 0.15541
79.89946, -0.97127, 0.37655, -0.56591, -0.02250
80.02554, -0.95885, 0.44881, -0.56568, -0.21848
80.11575, -0.82442, 0.37367, -0.33852, -0.49930
80.20423, -0.69472, 0.25658, -0.13798, -0.54037
80.30211, -0.57211, 0.13440, 0.05018, -0.53398
80.40743, -0.45139, 0.00702, 0.23596, -0.51164
80.52476, -0.35329, -0.11223, 0.38448, -0.44012
80.64499, -0.26145, -0.23709, 0.53010, -0.36220
80.77527, -0.21693, -0.33747, 0.60202, -0.21046
80.90784, -0.20854, -0.42307, 0.63028, -0.02811
81.03600, -0.22483, -0.49613, 0.62783, 0.17388
81.15417, -0.25505, -0.56232, 0.61189, 0.37330
81.23087, -0.38714, -0.47996, 0.39939, 0.57957
81.30988, -0.51542, -0.36672, 0.21117, 0.59469
81.40126, -0.63267, -0.25255, 0.04484, 0.55439
81.49422, -0.75898, -0.12775, -0.14238, 0.54063
81.60557, -0.86307, -0.00853, -0.28887, 0.45714
81.72796, -0.94099, 0.10132, -0.39867, 0.33988
81.85581, -1.00427, 0.21272, -0.49307, 0.20095
81.98175, -1.06610, 0.32735, -0.59657, 0.09182
82.10779, -1.09576, 0.42732, -0.65350, -0.06651
82.22856, -1.06189, 0.47877, -0.61343, -0.28568
82.32174, -0.96911, 0.45812, -0.46819, -0.53199
82.40509, -0.84473, 0.35269, -0.27681, -0.58486
82.50061, -0.72660, 0.23625, -0.10139, -0.55579
82.60223, -0.60925, 0.11499, 0.07703, -0.52863
82.71811, -0.51810, 0.00502, 0.21112, -0.44370
82.83167, -0.42153, -0.11403, 0.36343, -0.39122
82.95384, -0.33795, -0.23695, 0.49581, -0.29078
83.08471, -0.31275, -0.32298, 0.54098, -0.12904
83.21476, -0.30207, -0.41200, 0.57552, 0.04952
83.33888, -0.32487, -0.47738, 0.56219, 0.25335
83.42557, -0.45409, -0.40742, 0.34901, 0.51494
83.50598, -0.59084, -0.28803, 0.13672, 0.57966
83.59309, -0.72809, -0.16010, -0.07442, 0.60763
83.69982, -0.84376, -0.03664, -0.24337, 0.55188
83.81925, -0.94151, 0.08571, -0.38736, 0.45995
83.94932, -1.00635, 0.19314, -0.48233, 0.32309
84.07788, -1.07080, 0.31019, -0.58974, 0.20540
84.20919, -1.06744, 0.37511, -0.58629, 0.00789
84.33607, -1.06849, 0.46127, -0.60932, -0.17598
84.43963, -0.98193, 0.44912, -0.47443, -0.42896
84.52921, -0.85703, 0.34279, -0.28523, -0.47722
84.61629, -0.72246, 0.21762, -0.07522, -0.51754
84.71597, -0.60180, 0.09403, 0.10826, -0.49825
84.83148, -0.50162, -0.02725, 0.25884, -0.41997
84.95496, -0.42372, -0.13898, 0.37858, -0.31915
85.08488, -0.37629, -0.23993, 0.45521, -0.17155
85.21567, -0.37567, -0.30802, 0.46219, 0.01615
85.33624, -0.41391, -0.34417, 0.40913, 0.23508
85.42144, -0.55026, -0.25801, 0.17213, 0.51346
85.51005, -0.67962, -0.13542, -0.03435, 0.55781
85.61919, -0.78970, -0.01146, -0.20376, 0.50600
85.74086, -0.88315, 0.11088, -0.34900, 0.41753
85.87115, -0.94832, 0.22189, -0.45444, 0.29344
86.00580, -0.97714, 0.31557, -0.50915, 0.12768
86.13845, -0.97996, 0.39646, -0.53189, -0.05482
86.26471, -0.97191, 0.47586, -0.54726, -0.23579
86.34604, -0.82368, 0.38617, -0.29832, -0.52332
86.42441, -0.68327, 0.26470, -0.08126, -0.59221
86.51831, -0.55560, 0.14013, 0.10935, -0.58065
86.62749, -0.44438, 0.01814, 0.27093, -0.51769
86.72645, -0.32671, -0.10116, 0.45120, -0.52456
86.83948, -0.24517, -0.20238, 0.55959, -0.42552
86.96433, -0.20323, -0.29909, 0.62268, -0.26964
87.09321, -0.22511, -0.34501, 0.58310, -0.05009
87.20694, -0.29360, -0.34380, 0.46834, 0.19460
87.29274, -0.39606, -0.29135, 0.29081, 0.43858
87.37569, -0.51125, -0.18316, 0.10367, 0.49127
87.47285, -0.62241, -0.06104, -0.07390, 0.46788
87.58529, -0.71106, 0.05362, -0.21497, 0.39065
87.70722, -0.78046, 0.16569, -0.33076, 0.27951
87.83516, -0.82494, 0.26902, -0.41366, 0.13814
87.96419, -0.84395, 0.36114, -0.46418, -0.02506
88.08770, -0.83665, 0.43640, -0.47958, -0.20191
88.16735, -0.68662, 0.34210, -0.22749, -0.48696
88.24954, -0.55189, 0.22103, -0.02245, -0.53079
88.34418, -0.43946, 0.11054, 0.14305, -0.51571
88.45268, -0.34366, -0.00313, 0.27961, -0.43095
88.57097, -0.26096, -0.11948, 0.40156, -0.32223
88.69830, -0.20799, -0.22235, 0.48083, -0.17608
88.82931, -0.18879, -0.30757, 0.51424, 0.00189
88.95717, -0.18976, -0.38455, 0.52505, 0.19169
89.05682, -0.30580, -0.32813, 0.32622, 0.46606
89.15396, -0.42271, -0.21863, 0.14377, 0.48960
89.24974, -0.55030, -0.09278, -0.06230, 0.52279
89.35679, -0.65470, 0.02091, -0.22405, 0.48930
89.47551, -0.74399, 0.14175, -0.36666, 0.40317
89.60587, -0.77923, 0.22914, -0.42400, 0.24622
89.73490, -0.81459, 0.32963, -0.49590, 0.10175
89.86365, -0.82945, 0.42269, -0.54197, -0.06650
89.98449, -0.80443, 0.48488, -0.52954, -0.25974
90.06185, -0.66338, 0.40154, -0.29609, -0.53038
90.14572, -0.53827, 0.28860, -0.11165, -0.54471
90.23799, -0.41543, 0.16718, 0.06971, -0.52669
90.34601, -0.30627, 0.04533, 0.22615, -0.45519
90.45633, -0.19880, -0.07827, 0.38678, -0.40564
90.57688, -0.10970, -0.20109, 0.51780, -0.30229
90.70816, -0.06785, -0.29968, 0.58175, -0.14558
90.84096, -0.05853, -0.38342, 0.60377, 0.04351
90.96621, -0.09343, -0.43119, 0.55943, 0.26406
91.05260, -0.24004, -0.34119, 0.30700, 0.55879
91.14260, -0.36953, -0.22204, 0.10310, 0.59769
91.24594, -0.48662, -0.10140, -0.07826, 0.57577
91.35517, -0.60156, 0.02328, -0.25809, 0.54609
91.47898, -0.68950, 0.14108, -0.39378, 0.44915
91.61149, -0.74536, 0.24833, -0.48617, 0.31003
91.74703, -0.77897, 0.34995, -0.55260, 0.14843
91.88099, -0.79691, 0.44659, -0.60507, -0.01211
92.00654, -0.77338, 0.51265, -0.59520, -0.21012
92.08569, -0.61632, 0.41830, -0.33516, -0.50879
92.16659, -0.47924, 0.29845, -0.12955, -0.55158
92.25903, -0.35040, 0.17385, 0.06181, -0.54398
92.36986, -0.24932, 0.06105, 0.20297, -0.46356
92.48701, -0.16555, -0.04747, 0.32230, -0.36575
92.61026, -0.09781, -0.15588, 0.42136, -0.23791
92.73927, -0.06079, -0.24964, 0.47838, -0.07815
92.86803, -0.05127, -0.32925, 0.49970, 0.10397
92.98862, -0.07530, -0.38340, 0.47210, 0.30928
93.07824, -0.18981, -0.31821, 0.27680, 0.54337
93.16719, -0.31250, -0.20365, 0.08163, 0.58219
93.27384, -0.41538, -0.09024, -0.07476, 0.52674
93.38739, -0.51167, 0.02619, -0.22485, 0.46041
93.50924, -0.59932, 0.14746, -0.36530, 0.37033
93.64009, -0.65408, 0.25451, -0.45828, 0.23524
93.77350, -0.68424, 0.35380, -0.52209, 0.07782
93.90456, -0.68348, 0.43560, -0.54407, -0.10603
94.00758, -0.57880, 0.39930, -0.37805, -0.36535
94.08512, -0.43525, 0.28148, -0.14674, -0.50301
94.17683, -0.31428, 0.16169, 0.03426, -0.49054
94.28351, -0.21264, 0.04575, 0.18325, -0.42333
94.39832, -0.11753, -0.07580, 0.32654, -0.33981
94.52198, -0.04317, -0.19151, 0.44133, -0.22618
94.65252, -0.00541, -0.29012, 0.50451, -0.06704
94.78273, 0.01172, -0.38145, 0.54575, 0.10146
94.89872, -0.04544, -0.40064, 0.46104, 0.33478
94.97163, -0.20360, -0.28850, 0.18693, 0.61401
95.06184, -0.32553, -0.17001, -0.00202, 0.61900
95.17045, -0.43110, -0.05079, -0.16210, 0.55577
95.29304, -0.48532, 0.03124, -0.23564, 0.42625
95.41214, -0.54677, 0.13417, -0.33272, 0.30430
95.53589, -0.59738, 0.23780, -0.41911, 0.16797
95.66198, -0.61057, 0.31800, -0.45153, -0.00218
95.78638, -0.63079, 0.41739, -0.50846, -0.15970
95.87440, -0.49368, 0.33532, -0.27470, -0.44119
95.96509, -0.37266, 0.22111, -0.09209, -0.45269
96.04457, -0.23171, 0.09012, 0.13881, -0.54419
96.14398, -0.11887, -0.03361, 0.30727, -0.49662
96.26211, -0.03997, -0.14664, 0.42657, -0.38907
96.38566, 0.00616, -0.23928, 0.49838, -0.25585
96.50963, 0.04368, -0.33796, 0.56670, -0.11175
96.63567, 0.06572, -0.43624, 0.61928, 0.05330
96.75790, 0.04656, -0.50632, 0.61225, 0.25451
96.84980, -0.05888, -0.45991, 0.44467, 0.47548
96.92766, -0.19422, -0.34270, 0.23391, 0.54661
97.01572, -0.32082, -0.22360, 0.04356, 0.55230
97.11486, -0.44071, -0.10065, -0.13542, 0.52334
97.23071, -0.53616, 0.01526, -0.27341, 0.43260
97.35253, -0.62397, 0.13642, -0.40689, 0.33407
97.48071, -0.68971, 0.24952, -0.51042, 0.20976
97.61364, -0.71675, 0.34368, -0.56000, 0.04051
97.74317, -0.69902, 0.40596, -0.54431, -0.16532
97.85515, -0.63819, 0.42540, -0.45846, -0.39684
97.92815, -0.49052, 0.31829, -0.20734, -0.62772
98.01738, -0.36729, 0.19898, -0.01923, -0.62529
98.12043, -0.25280, 0.07730, 0.15415, -0.58406
98.23819, -0.15597, -0.04145, 0.29821, -0.49441
98.36546, -0.08946, -0.14632, 0.39840, -0.36910
98.49617, -0.03304, -0.25725, 0.49201, -0.22840
98.62733, -0.07256, -0.27888, 0.42243, -0.00311
98.73788, -0.12726, -0.28648, 0.33381, 0.21713
98.81699, -0.27164, -0.17981, 0.08042, 0.47143
98.90586, -0.36618, -0.08708, -0.06467, 0.47263
99.00830, -0.45086, 0.02441, -0.19710, 0.38832
99.12190, -0.52497, 0.13721, -0.31711, 0.28387
99.24308, -0.58819, 0.25257, -0.42752, 0.16620
99.36807, -0.59668, 0.32827, -0.45227, -0.00881
99.48919, -0.59135, 0.40295, -0.46553, -0.19155
99.57201, -0.44799, 0.31563, -0.22173, -0.48078
99.65673, -0.31425, 0.19292, -0.01444, -0.52569
99.76453, -0.22241, 0.08878, 0.11596, -0.44678
99.87628, -0.13126, -0.02688, 0.25251, -0.36170
99.99508, -0.06130, -0.13173, 0.35854, -0.25555
100.11852, -0.00279, -0.24279, 0.45494, -0.12504
100.24600, 0.03819, -0.35120, 0.53251, 0.02284
100.36886, 0.01927, -0.40892, 0.51577, 0.21728
100.45539, -0.12444, -0.31667, 0.26862, 0.49490
100.54248, -0.25673, -0.19439, 0.05959, 0.54380
100.63791, -0.38646, -0.06579, -0.14544, 0.56106
100.74771, -0.50197, 0.06216, -0.32277, 0.51751
100.87588, -0.56464, 0.16290, -0.41570, 0.38615
101.00605, -0.61691, 0.27070, -0.50483, 0.24689
101.13893, -0.62907, 0.35251, -0.53407, 0.06594
101.26949, -0.64173, 0.44755, -0.57913, -0.10203
101.38605, -0.59431, 0.48667, -0.52412, -0.32236
101.46751, -0.46788, 0.40660, -0.32135, -0.52058
101.52363, -0.31441, 0.27684, -0.06608, -0.67810
101.60675, -0.19041, 0.15381, 0.11849, -0.65467
101.70561, -0.07827, 0.03323, 0.28331, -0.60271
101.81985, 0.01756, -0.08684, 0.42069, -0.50135
101.95017, 0.05955, -0.17375, 0.47336, -0.33548
102.07944, 0.10706, -0.28015, 0.54967, -0.18096
102.20826, 0.10352, -0.33940, 0.54599, -0.00199
102.33032, 0.09513, -0.41024, 0.54700, 0.19074
102.42369, -0.02827, -0.34515, 0.33635, 0.46594
102.50137, -0.17094, -0.22216, 0.10142, 0.58683
102.60145, -0.28622, -0.10056, -0.07567, 0.55268
102.71764, -0.37922, 0.01497, -0.21756, 0.46736
102.84129, -0.46122, 0.13234, -0.34765, 0.36588
102.97180, -0.52319, 0.24534, -0.45225, 0.23800
103.10576, -0.55849, 0.34802, -0.52315, 0.08496
103.23738, -0.58358, 0.45030, -0.58927, -0.05948
103.36423, -0.60025, 0.55709, -0.65152, -0.21320
103.44880, -0.47780, 0.50338, -0.45444, -0.48754
103.52535, -0.34699, 0.39442, -0.26131, -0.53624
103.60635, -0.21588, 0.27398, -0.06748, -0.54756
103.70432, -0.10225, 0.15752, 0.09273, -0.49391
103.81055, 0.00544, 0.03708, 0.24739, -0.42907
103.91926, 0.11616, -0.09033, 0.41133, -0.37709
104.04348, 0.18294, -0.19627, 0.50339, -0.24313
104.17305, 0.19762, -0.26730, 0.52137, -0.07255
104.29806, 0.19332, -0.33262, 0.51722, 0.12117
104.40843, 0.12464, -0.32988, 0.40233, 0.36200
104.50184, -0.00242, -0.22024, 0.19114, 0.47046
104.60275, -0.12281, -0.09666, -0.00327, 0.47871
104.71781, -0.22283, 0.02443, -0.16436, 0.42130
104.83834, -0.31718, 0.14803, -0.32244, 0.36453
104.96818, -0.37461, 0.25595, -0.42312, 0.23957
105.10078, -0.39864, 0.35000, -0.48067, 0.08090
105.22926, -0.41766, 0.44458, -0.54132, -0.05486
105.34445, -0.39243, 0.49981, -0.52970, -0.22763
105.42621, -0.29184, 0.46968, -0.37735, -0.47259
105.49839, -0.16242, 0.36107, -0.18459, -0.52869
105.58491, -0.04239, 0.24547, -0.01433, -0.50040
105.67401, 0.08560, 0.11943, 0.17401, -0.49193
105.78590, 0.17027, 0.01760, 0.28338, -0.38488
105.90832, 0.21480, -0.06458, 0.33322, -0.22478
106.02863, 0.26116, -0.15851, 0.39776, -0.07691
106.14796, 0.31087, -0.26457, 0.47843, 0.05687
106.26548, 0.34016, -0.36147, 0.53405, 0.20565
106.37080, 0.29752, -0.39139, 0.46928, 0.42191
106.45431, 0.17110, -0.29210, 0.25665, 0.56990
106.54881, 0.05783, -0.17812, 0.07911, 0.56014
106.65257, -0.03190, -0.07856, -0.05962, 0.51289
106.76080, -0.12314, 0.03401, -0.20517, 0.45038
106.87949, -0.19799, 0.14558, -0.32752, 0.34996
107.00570, -0.25756, 0.25867, -0.43340, 0.22494
107.13376, -0.29347, 0.35830, -0.50947, 0.09239
107.25727, -0.27757, 0.42061, -0.50430, -0.09877
107.36906, -0.23498, 0.46348, -0.46102, -0.30777
107.44215, -0.11348, 0.40305, -0.26365, -0.56696
107.52015, 0.01243, 0.29053, -0.07648, -0.59069
107.61086, 0.13453, 0.17090, 0.10053, -0.56556
107.71579, 0.24664, 0.04874, 0.25936, -0.49750
107.83406, 0.34000, -0.07046, 0.39063, -0.39249
107.96216, 0.40627, -0.17964, 0.48429, -0.25356
108.09542, 0.41375, -0.24279, 0.48649, -0.06783
108.22194, 0.43246, -0.33003, 0.52234, 0.10132
108.34326, 0.43499, -0.41059, 0.54013, 0.28000
108.43475, 0.32618, -0.35981, 0.35445, 0.53661
108.52603, 0.20863, -0.25116, 0.17055, 0.56279
108.62492, 0.09696, -0.13708, -0.00303, 0.54634
108.73527, 0.00260, -0.02696, -0.14759, 0.48091
108.85322, -0.08612, 0.09168, -0.28875, 0.39529
108.97572, -0.17265, 0.21564, -0.43283, 0.31532
109.10546, -0.23539, 0.33435, -0.54406, 0.19297
109.23829, -0.23731, 0.41327, -0.56419, 0.00632
109.36572, -0.21945, 0.48616, -0.56424, -0.19218
109.46033, -0.10938, 0.44394, -0.39221, -0.44265
109.53600, 0.02991, 0.32883, -0.17540, -0.54205
109.62139, 0.16375, 0.20401, 0.02515, -0.55587
109.69920, 0.31047, 0.07276, 0.25306, -0.62332
109.79214, 0.43733, -0.05105, 0.43312, -0.59445
109.91241, 0.50882, -0.15341, 0.52563, -0.45873
110.03822, 0.56885, -0.26531, 0.61462, -0.31049
110.16503, 0.61619, -0.37126, 0.69193, -0.16838
110.29212, 0.60553, -0.43278, 0.67910, 0.02896
