0.10537, 1.25414, -0.14040, 0.00467, -0.30089, 0.29881, -0.07521, -0.18300, 0.28017
0.36287, 1.31724, -0.50065, 0.01308, -1.11721, 1.09859, -0.45786, -0.27348, 0.99018
0.61483, 1.49883, -0.96728, 0.02718, -2.18799, 1.57856, -0.88238, -0.33085, 1.43006
0.68623, 1.62817, -1.23384, 0.04597, -3.19010, 1.70300, -0.96103, -0.45107, 1.57369
0.69690, 1.69879, -1.33330, 0.06111, -3.62024, 1.67352, -1.01850, -0.37946, 1.56565
0.70373, 1.72921, -1.33799, 0.07473, -3.69035, 1.57953, -1.05430, -0.24207, 1.49417
0.63631, 1.59653, -1.08943, 0.08839, -3.58535, 1.38856, -0.69442, -0.33645, 1.39835
0.46308, 1.41000, -0.70578, 0.01884, -3.31385, 1.17849, 0.04329, -0.83511, 1.23753
0.45306, 1.35954, -0.58263, -0.47796, -2.74197, 1.05856, 0.60417, -1.66374, 1.05873
0.64833, 1.39164, -0.72741, -1.16118, -1.82154, 0.98919, 0.78934, -2.71820, 0.95791
0.68222, 1.36680, -0.66932, -1.59295, -0.52578, 0.94559, 0.79245, -3.44325, 0.90905
0.73296, 1.41912, -0.74364, -2.12168, 0.71398, 0.91686, 0.71691, -3.70506, 0.61356
0.92040, 1.64651, -1.11834, -2.71703, 1.20279, 0.89914, 0.61208, -3.69688, 0.18808
1.02284, 1.92545, -1.46040, -3.03646, 1.22260, 0.78435, 0.51078, -3.54645, -0.08707
1.04620, 2.09293, -1.60596, -2.98408, 1.02973, 0.83808, 0.42533, -3.39257, -0.18201
1.04195, 2.07649, -1.48415, -2.58585, 0.84648, 0.79161, 0.35640, -3.25482, 0.03553
0.99889, 1.98693, -1.25392, -2.01529, 0.58786, 0.24587, 0.29981, -3.13942, 0.15767
0.88116, 1.85388, -0.94044, -1.24011, 0.07497, -0.65443, 0.25541, -3.04186, 0.08740
0.73124, 1.75594, -0.66133, -0.32371, -0.83076, -1.43980, 0.11015, -2.82042, -0.20213
0.76907, 1.75363, -0.66603, 0.43541, -2.02811, -1.74374, -0.37794, -2.33206, -0.99122
0.98387, 1.84325, -0.89640, 0.75215, -3.18181, -1.71929, -1.12935, -1.48822, -1.53820
1.01983, 1.84010, -0.85888, 0.82431, -3.71343, -1.54809, -1.56707, -0.21977, -1.71910
1.01765, 1.84321, -0.84995, 0.77668, -3.83955, -1.14675, -1.96743, 0.97209, -1.71621
1.10707, 1.96016, -1.02515, 0.67907, -3.77087, -0.46118, -2.27242, 1.40942, -1.62432
1.13194, 2.04220, -1.07193, 0.57298, -3.62845, 0.02528, -2.16426, 1.35189, -1.50287
1.07346, 2.03885, -0.93719, 0.47293, -3.46871, 0.44257, -1.63558, 0.82727, -1.38408
1.05839, 2.08888, -0.91944, 0.38132, -3.31547, 1.09344, -1.09948, -0.13061, -1.28033
1.06468, 2.13714, -0.97631, 0.31068, -3.18362, 1.40152, -0.64140, -1.04034, -1.19185
0.96459, 2.03846, -0.79008, 0.15651, -2.94963, 1.47061, 0.00370, -1.62510, -0.92579
0.98996, 2.02682, -0.76622, -0.38584, -2.41202, 1.42931, 0.46232, -2.19882, -0.60916
1.16061, 2.11598, -0.94921, -1.12442, -1.47190, 1.08704, 0.62238, -2.89808, -0.20730
1.18407, 2.10218, -0.89073, -1.60993, -0.04261, 0.20602, 0.63841, -3.26313, 0.27121
1.22648, 2.15266, -0.97898, -2.07824, 1.09612, -0.74142, 0.58782, -3.38226, 0.32104
1.31296, 2.30728, -1.20484, -2.36834, 1.48022, -1.24824, 0.51166, -3.36922, 0.33711
1.30330, 2.32576, -1.17218, -2.14881, 1.48382, -1.36290, 0.43603, -3.29555, 0.87217
1.21687, 2.24626, -0.95297, -1.56201, 1.14273, -1.29134, 0.36940, -3.20225, 1.31844
1.18083, 2.26346, -0.87670, -1.00719, 0.36105, -1.21718, 0.30626, -2.96034, 1.25353
1.19220, 2.31569, -0.92089, -0.47738, -0.63989, -0.89097, 0.25313, -2.69820, 0.98109
1.13544, 2.25223, -0.78986, 0.18743, -1.38285, -0.42532, 0.11500, -2.37855, 0.56524
1.23531, 2.31982, -0.87493, 0.54650, -1.97415, -0.08507, -0.45583, -1.72218, 0.14000
1.41865, 2.44984, -1.08028, 0.65125, -2.75844, 0.49274, -1.25317, -0.68039, 0.08063
1.44784, 2.40634, -1.03939, 0.63669, -3.26474, 1.26534, -1.74838, 0.60323, 0.37638
1.51208, 2.49411, -1.19801, 0.56987, -3.43844, 1.56985, -2.10949, 1.21240, 0.73141
1.57151, 2.67220, -1.43469, 0.48947, -3.44078, 1.59360, -2.33701, 1.34474, 0.86281
1.55929, 2.68636, -1.40718, 0.41579, -3.36800, 1.33913, -2.09936, 1.26226, 0.91717
1.49842, 2.59429, -1.21700, 0.35057, -3.26954, 0.67970, -1.56156, 0.95658, 0.94235
1.34860, 2.42524, -0.89282, 0.29134, -3.17032, 0.03795, -0.72988, 0.24862, 0.94361
1.11997, 2.23988, -0.50769, 0.06022, -3.06610, -0.37781, 0.30175, -0.78546, 0.93030
1.25692, 2.21870, -0.62073, -0.78166, -2.74062, -0.57270, 0.85325, -1.95856, 0.78934
1.59445, 2.35029, -1.05343, -1.78703, -1.99597, -0.68416, 0.99579, -3.18208, 0.78947
1.73371, 2.44727, -1.24038, -2.30173, -0.95363, -0.98432, 0.93783, -3.77855, 0.88781
1.75418, 2.45970, -1.23717, -2.66430, 0.23538, -0.93412, 0.82063, -3.92514, 0.87694
1.76254, 2.51078, -1.27731, -2.87302, 0.89069, -0.35518, 0.68412, -3.85324, 0.87572
1.77453, 2.56599, -1.30649, -2.84462, 1.05648, 0.72433, 0.55877, -3.70096, 0.88032
1.79447, 2.63272, -1.34600, -2.72531, 0.97859, 1.66169, 0.45415, -3.53158, 0.88458
1.78928, 2.63799, -1.29064, -2.44813, 0.85142, 2.00155, 0.37202, -3.37217, 0.88860
1.72057, 2.53914, -1.06359, -1.87021, 0.55561, 1.89001, 0.30991, -3.23382, 0.71662
1.65944, 2.49790, -0.92983, -1.25037, -0.10177, 1.29214, 0.25955, -3.11270, 0.11717
1.57877, 2.44148, -0.79927, -0.61559, -0.70493, 0.20029, 0.22137, -3.01390, -0.88653
1.46209, 2.35689, -0.58377, -0.01742, -0.97252, -1.31521, 0.01745, -2.77879, -1.62558
1.53474, 2.35702, -0.58696, 0.31423, -1.40010, -2.17707, -0.59880, -2.19589, -1.88008
1.75923, 2.41055, -0.79297, 0.43932, -2.14994, -2.42772, -1.43284, -1.22231, -1.89468
1.90771, 2.42073, -0.95186, 0.46363, -3.04293, -2.34773, -2.30471, 0.18042, -1.80044
1.99688, 2.52666, -1.20285, 0.43383, -3.49311, -2.02777, -2.97476, 1.05432, -1.66349
2.03187, 2.60435, -1.32289, 0.38483, -3.61265, -1.38848, -3.14980, 1.29672, -1.39820
2.07008, 2.68163, -1.40119, 0.33256, -3.56693, -0.45509, -3.06673, 1.09961, -1.02260
2.09311, 2.71844, -1.40276, 0.28702, -3.45085, 0.30762, -2.80817, 0.74887, -0.77152
2.10480, 2.74803, -1.39002, 0.24801, -3.32371, 0.85861, -2.46101, 0.24945, -0.83641
2.09413, 2.73789, -1.33224, 0.21823, -3.20732, 1.20122, -2.05463, -0.26451, -0.81670
1.98452, 2.55892, -1.02510, 0.19659, -3.10715, 1.31459, -1.31936, -0.79168, -0.81638
1.75846, 2.35611, -0.64325, 0.03785, -2.97754, 1.31421, -0.33958, -1.51677, -0.89100
1.63706, 2.22424, -0.45004, -0.53616, -2.64281, 1.26050, 0.54574, -2.32834, -0.92296
1.96929, 2.30589, -0.90281, -1.74168, -1.87011, 0.90931, 0.90715, -3.11626, -0.91697
2.22811, 2.59873, -1.44591, -2.91797, -0.56039, -0.00808, 0.97953, -3.45276, -0.69686
2.24120, 2.59600, -1.45449, -3.41485, 0.78419, -0.87785, 0.91873, -3.52577, -0.12329
2.22889, 2.58965, -1.42815, -3.47928, 1.33860, -1.13016, 0.80291, -3.47682, 0.46076
2.23733, 2.62871, -1.45162, -3.37214, 1.43316, -0.81107, 0.67671, -3.37922, 0.92271
2.25336, 2.67801, -1.48513, -3.19928, 1.31196, 0.01530, 0.55970, -3.26978, 1.17152
2.25535, 2.65664, -1.41350, -2.87604, 1.13055, 1.07228, 0.46073, -3.16542, 1.25494
2.24842, 2.62458, -1.32777, -2.52920, 0.92965, 1.62507, 0.37917, -3.07474, 1.25797
2.23173, 2.58465, -1.23633, -2.18426, 0.74159, 1.74653, 0.31563, -3.00013, 1.14368
2.13115, 2.43092, -0.95393, -1.56050, 0.49273, 1.48857, 0.26931, -2.93797, 0.71346
1.92200, 2.26418, -0.57307, -0.66824, -0.08337, 0.74396, 0.23264, -2.79494, -0.18649
1.84210, 2.20928, -0.44520, 0.12443, -1.03518, -0.44638, 0.03031, -2.47358, -1.29842
2.02819, 2.25202, -0.66790, 0.50536, -2.11488, -1.54316, -0.50413, -1.92400, -1.81978
2.15320, 2.25377, -0.76753, 0.63261, -3.18354, -1.96173, -0.99316, -1.03839, -1.96055
2.20960, 2.25465, -0.82131, 0.63069, -3.67563, -2.02317, -1.51121, 0.20157, -1.91575
2.35579, 2.38154, -1.11133, 0.57001, -3.79569, -1.78360, -2.12024, 0.94868, -1.78166
2.43487, 2.51764, -1.33508, 0.49225, -3.73670, -1.27374, -2.38900, 1.10817, -1.62308
2.43707, 2.52839, -1.33334, 0.41890, -3.60244, -0.80671, -2.21531, 0.98613, -1.46884
2.43172, 2.52683, -1.30687, 0.35257, -3.45229, -0.22046, -1.93266, 0.65514, -1.33657
2.39849, 2.45503, -1.18802, 0.29835, -3.31388, 0.80609, -1.54267, 0.27256, -0.98705
2.29594, 2.29050, -0.92606, 0.25361, -3.19327, 1.59282, -1.06625, 0.07474, -0.61873
2.20530, 2.19150, -0.74415, 0.07043, -2.98583, 1.85379, -0.59622, -0.28461, -0.72250
2.18979, 2.12638, -0.65967, -0.44138, -2.52583, 1.85667, -0.06478, -1.08836, -1.00609
2.35348, 2.09486, -0.80981, -1.37092, -1.67378, 1.74353, 0.31081, -2.26497, -0.96399
2.51589, 2.08334, -1.02640, -2.36721, -0.31909, 1.36254, 0.45613, -3.39242, -0.78472
2.54141, 2.07294, -1.11295, -2.98754, 0.93355, 0.68646, 0.48104, -3.86699, -0.45911
2.57321, 2.11525, -1.21740, -3.23123, 1.39963, 0.12300, 0.44815, -3.95184, 0.23903
2.62052, 2.17854, -1.31925, -3.25340, 1.39926, 0.00787, 0.39670, -3.84845, 1.09898
2.66742, 2.25238, -1.41891, -3.17389, 1.18294, 0.42446, 0.34464, -3.68284, 1.53010
2.68627, 2.25638, -1.40661, -2.93956, 0.97273, 1.17537, 0.29940, -3.50541, 1.65518
2.70489, 2.27505, -1.41420, -2.66636, 0.61871, 1.52074, 0.25910, -3.34390, 1.62526
2.71221, 2.27430, -1.40041, -2.36018, 0.24528, 1.57505, 0.22690, -3.20915, 1.53373
2.64924, 2.11032, -1.14081, -1.76178, -0.04497, 1.29392, 0.20479, -3.09955, 1.25811
2.41462, 1.84928, -0.64061, -0.88310, -0.28400, 0.49675, 0.18540, -2.90108, 0.70803
2.19961, 1.73262, -0.26524, -0.12917, -0.62609, -0.76930, -0.03874, -2.41916, -0.21243
2.32019, 1.71081, -0.34752, 0.24954, -1.34350, -1.81643, -0.65217, -1.66324, -1.42729
2.61969, 1.73002, -0.69276, 0.39716, -2.36270, -2.18929, -1.66908, -0.58547, -1.99937
2.82561, 1.81527, -1.08755, 0.43431, -3.30874, -2.21150, -2.78042, 0.70154, -2.13976
2.88522, 1.90674, -1.32547, 0.41398, -3.69330, -1.93959, -3.29165, 1.27085, -2.06801
2.90939, 1.93939, -1.40503, 0.37135, -3.76924, -1.23207, -3.34584, 1.38623, -1.90839
2.94169, 1.97882, -1.46689, 0.32370, -3.69157, -0.22977, -3.24603, 1.22690, -1.72424
2.96736, 1.98400, -1.45833, 0.28146, -3.55072, 0.51757, -2.94468, 0.83177, -1.50473
2.98960, 2.02786, -1.50296, 0.24381, -3.40390, 1.07079, -2.59362, 0.14330, -1.30053
2.98627, 2.05017, -1.53503, 0.21481, -3.27035, 1.34127, -2.22188, -0.54603, -1.16246
2.92526, 1.87257, -1.29708, 0.19437, -3.15427, 1.40513, -1.51082, -1.17205, -1.06276
2.74237, 1.59071, -0.90109, 0.07949, -3.05878, 1.37875, -0.50344, -1.78610, -0.99556
2.52147, 1.34447, -0.52711, -0.34331, -2.82641, 1.28071, 0.57859, -2.30429, -0.94974
2.78041, 1.35604, -0.84217, -1.45119, -2.13653, 0.98174, 1.07082, -2.91963, -0.91833
3.07966, 1.63430, -1.41170, -2.63264, -0.91188, 0.25649, 1.18428, -3.23980, -0.89556
3.11839, 1.64766, -1.48323, -3.23427, 0.54439, -0.57620, 1.11974, -3.32776, -0.58925
3.10131, 1.60170, -1.45170, -3.36949, 1.25175, -0.96330, 0.97520, -3.30505, 0.17221
3.09460, 1.57285, -1.42505, -3.23947, 1.42746, -0.80322, 0.81306, -3.23736, 1.16683
3.09369, 1.53550, -1.36639, -2.89214, 1.21526, -0.14815, 0.66349, -3.15511, 1.66868
3.10400, 1.53068, -1.35773, -2.58742, 0.84641, 0.81910, 0.53615, -3.07689, 1.81386
3.13996, 1.59512, -1.45928, -2.54376, 0.60314, 1.46851, 0.43290, -3.01010, 1.76714
3.16799, 1.59464, -1.46042, -2.45535, 0.44487, 1.68127, 0.35449, -2.95323, 1.63362
3.14049, 1.40614, -1.16420, -2.05385, 0.33541, 1.49829, 0.29728, -2.90500, 1.48882
2.97797, 1.16711, -0.69456, -1.40909, 0.19881, 0.93188, 0.24642, -2.86097, 1.11920
2.84976, 1.08804, -0.39058, -0.87559, -0.16297, 0.14334, 0.08157, -2.63625, 0.25076
2.95932, 1.17264, -0.44437, -0.62498, -0.74501, -0.61864, -0.19103, -2.13612, -1.11134
3.09057, 1.27963, -0.56004, -0.22299, -1.61373, -1.34235, -0.50065, -1.50179, -1.97122
3.15778, 1.29333, -0.56765, 0.35105, -2.72937, -1.62769, -0.88642, -0.71327, -2.24244
3.25436, 1.31454, -0.61725, 0.59945, -3.50250, -1.67021, -1.37355, 0.24449, -2.22249
3.45659, 1.43774, -0.85215, 0.65327, -3.77101, -1.47652, -1.89965, 0.79770, -2.06887
3.67787, 1.67269, -1.18378, 0.61541, -3.78709, -0.96576, -2.35468, 0.85772, -1.86742
3.80233, 1.87550, -1.38829, 0.54505, -3.68449, -0.39783, -2.50813, 0.68307, -1.67215
3.85289, 1.92320, -1.34760, 0.47029, -3.53774, 0.01222, -2.32630, 0.53991, -1.50219
3.89012, 1.94603, -1.26604, 0.39800, -3.39010, 0.53814, -2.01455, 0.20323, -1.36335
3.91676, 1.97072, -1.19722, 0.33581, -3.25776, 0.96913, -1.57254, -0.47387, -1.25460
3.86501, 1.88898, -1.00349, 0.28154, -3.14362, 1.07690, -0.81788, -1.43486, -1.17019
3.79773, 1.80039, -0.81947, 0.06088, -2.89123, 1.02221, 0.00567, -2.30740, -1.10286
3.92688, 1.86042, -0.90846, -0.63576, -2.28692, 0.90168, 0.51888, -2.95995, -1.04893
4.12722, 1.99207, -1.06919, -1.41103, -1.19348, 0.64727, 0.70377, -3.26987, -0.74842
4.14393, 1.94539, -0.90252, -1.84868, 0.36742, 0.03683, 0.72682, -3.35699, -0.03487
4.18624, 1.97061, -0.88989, -2.15307, 1.31161, -0.56174, 0.66688, -3.33833, 0.51403
4.28370, 2.07030, -0.97984, -2.26843, 1.57528, -1.05602, 0.57642, -3.26770, 0.95707
4.31615, 2.10788, -0.91519, -1.99738, 1.38468, -1.15036, 0.48673, -3.17681, 1.26065
4.33905, 2.14595, -0.82839, -1.55115, 0.76194, -1.01287, 0.40616, -3.08528, 1.35454
4.38579, 2.20847, -0.81841, -0.98115, -0.32976, -0.94273, 0.34003, -3.00898, 1.24533
4.43154, 2.24497, -0.84235, -0.41356, -1.38368, -0.89971, 0.28816, -2.95048, 1.04063
4.44409, 2.23095, -0.77861, 0.16685, -2.02676, -0.87797, 0.13654, -2.83572, 0.91674
4.60606, 2.34295, -0.93552, 0.49863, -2.58734, -0.87465, -0.36753, -2.50677, 0.85296
4.78380, 2.48651, -1.09096, 0.60396, -3.04416, -0.86949, -0.86766, -1.81286, 0.59535
4.81301, 2.45981, -0.92209, 0.60123, -3.21714, -0.86098, -1.05130, -0.75654, 0.09304
4.81796, 2.42897, -0.77812, 0.54654, -3.23847, -0.61943, -1.34188, 0.43660, -0.49153
4.89932, 2.47690, -0.81520, 0.47249, -3.19028, -0.43707, -1.55188, 0.99807, -0.88690
4.95556, 2.52393, -0.81447, 0.40039, -3.12021, -0.79872, -1.48280, 1.04973, -0.96031
4.96110, 2.54408, -0.72749, 0.33713, -3.04974, -1.19911, -1.12647, 0.63489, -0.85298
5.05596, 2.64675, -0.80605, 0.04639, -2.87951, -1.20129, -0.75041, -0.25890, -0.72563
5.16304, 2.73110, -0.92480, -0.18376, -2.56749, -1.02519, -0.32851, -1.36792, -0.75738
5.17743, 2.64473, -0.82227, -0.34069, -2.11623, -0.80926, 0.33923, -2.52955, -0.87027
5.34512, 2.71081, -0.97004, -0.92699, -1.41427, -0.66424, 0.64744, -3.39337, -0.84121
5.47879, 2.78776, -1.05451, -1.52605, -0.28411, -0.91215, 0.72757, -3.72008, -0.61646
5.54915, 2.81799, -1.06642, -1.93450, 0.72162, -1.10155, 0.69692, -3.77284, -0.07147
5.60778, 2.85410, -1.06816, -2.03776, 1.09282, -1.15436, 0.61856, -3.69114, 0.92586
5.61750, 2.84688, -0.95783, -1.78638, 1.01994, -1.09294, 0.52958, -3.54792, 1.63416
5.62605, 2.85672, -0.85108, -1.35141, 0.47229, -0.98974, 0.44483, -3.39078, 1.83604
5.64980, 2.87959, -0.80099, -0.75130, -0.58344, -0.93497, 0.37267, -3.24282, 1.78116
5.65893, 2.85690, -0.75147, -0.01487, -1.76704, -0.91329, 0.30872, -3.04824, 1.43990
5.77322, 2.91152, -0.85315, 0.54547, -2.59924, -0.90755, 0.00308, -2.64705, 0.64794
5.96531, 3.08122, -1.05738, 0.74147, -3.03931, -0.68362, -0.54115, -1.87193, -0.50152
6.02075, 3.09300, -0.95326, 0.76138, -3.20748, -0.01965, -0.90054, -0.65256, -1.42448
6.04586, 3.05121, -0.83481, 0.68162, -3.21956, 1.03086, -1.35073, 0.78458, -1.72777
6.17157, 3.13044, -0.95990, 0.52057, -3.13205, 1.67612, -1.69383, 1.42847, -1.67707
6.19902, 3.13042, -0.89834, 0.37481, -3.04984, 1.85587, -1.55476, 1.53017, -1.47682
6.13557, 3.07616, -0.68139, 0.18840, -2.97850, 1.81822, -1.06009, 1.20069, -1.25684
6.16117, 3.10792, -0.60982, -0.30436, -2.73624, 1.44112, -0.56550, 0.40841, -1.12314
6.22488, 3.08641, -0.54904, -0.87783, -2.15594, 0.52857, 0.07205, -0.85445, -0.97563
6.36963, 2.98374, -0.56849, -1.69302, -1.13218, -0.52262, 0.64980, -2.34863, -0.84648
6.61139, 2.98631, -0.85847, -2.88826, 0.33270, -1.28468, 0.84598, -3.60434, -0.79187
6.72348, 3.06530, -1.03825, -3.55227, 1.19510, -1.58070, 0.84964, -4.10037, -0.49873
6.81086, 3.14509, -1.12631, -3.73952, 1.43566, -1.42494, 0.77177, -4.15968, 0.08954
6.91760, 3.23728, -1.20828, -3.70596, 1.27263, -0.71760, 0.66622, -4.00648, 0.87431
7.02153, 3.32714, -1.27639, -3.58473, 0.95781, 0.45296, 0.56083, -3.79858, 1.47495
7.10616, 3.39218, -1.30032, -3.43809, 0.72964, 1.57212, 0.46703, -3.58603, 1.67346
7.18415, 3.45074, -1.31342, -3.29288, 0.56685, 2.01143, 0.38781, -3.39689, 1.66812
7.25647, 3.49899, -1.31419, -3.14726, 0.44666, 2.07489, 0.32374, -3.24182, 1.47897
7.30158, 3.47797, -1.20655, -2.86666, 0.35707, 1.96522, 0.27509, -3.11851, 0.93038
7.35064, 3.48323, -1.13796, -2.55610, 0.10833, 1.57192, 0.23637, -3.02384, -0.09061
7.37679, 3.46305, -1.02797, -2.19636, -0.12530, 1.10965, 0.20798, -2.95283, -1.35012
7.37082, 3.41671, -0.86994, -1.79955, -0.33458, 0.53647, 0.18434, -2.89220, -1.96678
7.34440, 3.37577, -0.71036, -1.35540, -0.63126, -0.54001, 0.16684, -2.84345, -2.13241
7.23640, 3.31277, -0.43455, -0.65719, -1.08695, -1.65117, -0.00374, -2.64965, -2.07922
7.14969, 3.25152, -0.19720, 0.21349, -1.96991, -2.08804, -0.43954, -2.15607, -1.93462
7.42649, 3.21251, -0.46716, 0.74491, -3.02654, -2.16157, -1.42266, -1.49950, -1.76494
7.82917, 3.37590, -1.00381, 0.91111, -3.56489, -1.91606, -2.61173, -0.56240, -1.60272
7.95348, 3.46011, -1.17170, 0.89767, -3.72042, -1.29294, -3.32026, 0.56064, -1.45709
8.00477, 3.48944, -1.18734, 0.80613, -3.67576, -0.45822, -3.52926, 1.06318, -1.32575
8.06779, 3.51176, -1.16563, 0.69185, -3.54875, 0.30288, -3.41345, 1.05098, -1.21716
8.16952, 3.58730, -1.21245, 0.57810, -3.40680, 0.75204, -3.16306, 0.57575, -1.13663
8.23903, 3.62116, -1.18848, 0.47777, -3.27221, 0.92652, -2.79686, 0.01887, -1.07322
8.29746, 3.67598, -1.18624, 0.39026, -3.03619, 0.97640, -2.43705, -0.56211, -1.02680
8.34280, 3.73654, -1.19785, 0.32080, -2.78640, 0.75031, -2.10443, -1.08059, -0.99411
8.31278, 3.67236, -1.01318, 0.16437, -2.66503, 0.53651, -1.46896, -1.58267, -0.96169
8.24622, 3.60897, -0.83555, -0.19376, -2.48068, 0.35761, -0.58617, -2.18666, -0.93782
8.24716, 3.53242, -0.74030, -0.85612, -2.00970, -0.17687, 0.39793, -2.57904, -0.92274
8.47978, 3.59037, -0.97087, -1.84327, -1.02914, -1.08624, 0.88645, -2.81031, -0.80152
8.62378, 3.63570, -1.09494, -2.63017, 0.33916, -1.65151, 1.02354, -2.90704, -0.33885
8.65852, 3.61318, -1.05611, -2.88282, 1.12182, -1.82252, 0.98356, -2.93286, 0.59821
8.70427, 3.61531, -1.02863, -2.86376, 1.33521, -1.57638, 0.86951, -2.92332, 1.46317
8.78724, 3.66387, -1.06915, -2.80419, 1.25786, -0.91230, 0.73667, -2.89887, 1.78831
8.86024, 3.69534, -1.07783, -2.67593, 1.10172, 0.10970, 0.61061, -2.87310, 1.84393
8.93288, 3.72351, -1.08528, -2.54883, 0.92860, 1.23581, 0.50063, -2.85054, 1.76231
9.00379, 3.75123, -1.09427, -2.41855, 0.76827, 1.75548, 0.40924, -2.83200, 1.62451
9.04863, 3.74017, -1.03869, -2.20368, 0.62985, 1.78766, 0.33753, -2.81667, 1.45225
9.03311, 3.66704, -0.85860, -1.73498, 0.30615, 1.32948, 0.28412, -2.79930, 1.10383
9.03258, 3.64373, -0.76383, -1.16248, -0.42001, 0.44456, 0.24065, -2.74807, 0.34484
9.05049, 3.63744, -0.74336, -0.63389, -1.10638, -0.62395, 0.20956, -2.70365, -0.88170
8.95345, 3.53983, -0.49306, 0.02160, -1.40537, -1.53958, 0.08234, -2.52825, -1.80205
8.98668, 3.49396, -0.37191, 0.46969, -1.73297, -1.89673, -0.44075, -1.99205, -2.12033
9.25504, 3.49684, -0.55888, 0.62366, -2.35308, -1.95203, -1.32046, -1.03395, -2.13094
9.57665, 3.59947, -0.96376, 0.63870, -3.03754, -1.86840, -2.52646, 0.35114, -2.00413
9.75479, 3.83945, -1.41199, 0.58709, -3.33614, -1.72779, -3.44354, 1.14114, -1.83098
9.82654, 3.96809, -1.60317, 0.51418, -3.40560, -1.47715, -3.72444, 1.32887, -1.58201
9.89756, 3.94998, -1.55541, 0.44093, -3.36587, -1.02700, -3.53475, 1.20048, -1.32518
9.96790, 3.89355, -1.43252, 0.37364, -3.28293, -0.61036, -3.11220, 0.77310, -1.16546
10.01668, 3.84713, -1.30782, 0.31631, -3.18882, -0.58273, -2.47673, -0.14044, -1.06333
10.02567, 3.85229, -1.28676, 0.26856, -3.10451, -0.61455, -1.81385, -1.41074, -0.99805
9.99692, 3.82149, -1.25583, 0.23288, -3.03114, -0.59360, -1.17831, -2.49150, -0.76964
9.94002, 3.66951, -1.07245, 0.05783, -2.96854, -0.62789, -0.23333, -3.10472, -0.18562
9.98846, 3.56975, -0.98278, -0.52872, -2.75103, -0.83200, 0.65688, -3.31374, 0.47699
10.19192, 3.66967, -1.17240, -1.24581, -2.17868, -1.12465, 1.00536, -3.33092, 1.09325
10.31858, 3.72168, -1.22951, -1.59966, -1.31364, -1.23212, 1.06718, -3.27153, 1.39820
10.32468, 3.61849, -1.03143, -1.74450, -0.15608, -1.22794, 0.99224, -3.18760, 1.48817
10.32157, 3.55026, -0.91003, -1.88676, 0.73345, -0.88311, 0.86040, -3.10703, 1.45713
10.39244, 3.57095, -0.94790, -1.97060, 1.04986, -0.51275, 0.71821, -3.03511, 1.36704
10.41651, 3.54693, -0.88338, -1.76226, 1.02872, -0.57338, 0.58790, -2.97235, 1.27665
10.36981, 3.47387, -0.69095, -1.23112, 0.60589, -0.92550, 0.46718, -2.91933, 1.19664
10.38874, 3.46117, -0.63512, -0.62563, -0.34133, -1.13381, 0.24414, -2.86860, 0.86090
10.40215, 3.40091, -0.57556, 0.10043, -1.48397, -1.20541, 0.02577, -2.74835, 0.46296
10.51153, 3.34988, -0.60732, 0.65968, -2.56720, -1.20868, -0.35341, -2.36996, 0.02829
10.72565, 3.38248, -0.76733, 0.83421, -3.35026, -1.06874, -0.89676, -1.59140, -0.81352
10.85317, 3.39509, -0.80435, 0.83387, -3.63666, -0.88640, -1.40363, -0.38380, -1.47439
11.01399, 3.46004, -0.97870, 0.75320, -3.65327, -0.81411, -2.03204, 0.68323, -1.70258
11.17700, 3.61506, -1.25735, 0.64565, -3.52878, -0.79731, -2.50063, 1.09379, -1.56663
11.24734, 3.65718, -1.31666, 0.54060, -3.38570, -0.80495, -2.50884, 1.13983, -1.14021
11.28396, 3.62029, -1.23461, 0.44732, -3.25279, -0.82089, -2.17997, 0.81056, -0.69539
11.33800, 3.64291, -1.24222, 0.36846, -3.14122, -0.83247, -1.78528, 0.05081, -0.56181
11.36237, 3.60305, -1.19455, 0.30860, -3.05310, -0.84462, -1.33116, -0.68154, -0.42387
11.22186, 3.33184, -0.76007, 0.25966, -2.98034, -0.85709, -0.60441, -1.00635, 0.05771
10.88217, 3.11690, -0.13134, 0.02335, -2.73711, -0.78533, 0.28221, -1.30580, 0.54035
10.89173, 3.01774, -0.00020, -0.73262, -2.09679, -0.84972, 0.76296, -1.97942, 0.82879
11.30280, 2.91516, -0.45316, -2.05916, -1.00441, -0.92326, 0.90572, -2.94453, 0.72047
11.69833, 3.09357, -1.06206, -3.39332, 0.21498, -0.69627, 0.86065, -3.49136, 0.54093
11.82348, 3.21715, -1.29936, -3.93163, 0.79852, 0.03734, 0.75386, -3.65134, 0.63684
11.89316, 3.23808, -1.34522, -4.01814, 0.95914, 1.17550, 0.64045, -3.61360, 0.71332
11.97476, 3.25589, -1.37684, -3.89000, 0.77534, 1.84121, 0.53389, -3.49727, 0.72370
12.05846, 3.27780, -1.41033, -3.70487, 0.46991, 2.02386, 0.44086, -3.36477, 0.84960
12.13020, 3.26589, -1.39172, -3.51119, 0.29349, 1.97863, 0.36521, -3.23813, 0.77123
12.19375, 3.22586, -1.32800, -3.25596, 0.13671, 1.67434, 0.30556, -3.12736, 0.24247
12.22628, 3.12892, -1.16089, -2.71867, -0.31773, 1.10380, 0.25936, -3.03250, -0.66985
12.16413, 2.98536, -0.87642, -1.79660, -1.21941, 0.23089, 0.22288, -2.95259, -1.42648
12.05106, 2.90326, -0.65891, -0.57827, -2.30271, -1.07289, 0.03378, -2.77197, -1.70664
12.15230, 2.88135, -0.75585, 0.77228, -3.11179, -1.90193, -0.61768, -2.40066, -1.74613
12.47046, 2.97086, -1.04103, 1.38537, -3.43501, -2.14348, -1.59971, -1.44568, -1.67759
12.59917, 2.94009, -1.05160, 1.52081, -3.50173, -1.85154, -2.19121, -0.06773, -1.56665
12.65717, 2.94360, -1.11572, 1.19062, -3.44993, -1.04876, -2.66689, 1.05200, -1.44465
12.75638, 3.10858, -1.37384, 0.71692, -3.35268, -0.31324, -2.98333, 1.44266, -1.32373
12.79890, 3.09301, -1.34156, 0.44151, -3.24464, 0.28779, -2.77490, 1.41667, -1.11576
12.84829, 3.06083, -1.27780, 0.28299, -3.14461, 0.77529, -2.44140, 1.05395, -0.90667
12.88529, 3.00504, -1.19037, 0.19647, -3.05865, 0.77052, -2.08118, 0.64970, -0.81849
12.92020, 2.96002, -1.13087, 0.14780, -2.98120, 0.46824, -1.72528, 0.17248, -0.78872
12.94942, 2.90890, -1.08062, 0.12395, -2.91773, -0.12014, -1.39426, -0.26141, -0.79028
12.90603, 2.75847, -0.87602, 0.10931, -2.87158, -1.06718, -0.90267, -0.62592, -0.69207
12.85610, 2.62337, -0.69695, -0.07255, -2.70569, -1.60192, -0.30695, -1.26167, -0.76489
12.86519, 2.48307, -0.58705, -0.59937, -2.31638, -1.73719, 0.34061, -2.18065, -1.02177
13.14151, 2.48204, -0.89198, -1.60814, -1.64613, -1.69258, 0.63929, -3.18159, -1.06280
13.38714, 2.58677, -1.23371, -2.59773, -0.50818, -1.58852, 0.71217, -3.64749, -0.99859
13.44246, 2.52712, -1.22180, -3.08548, 0.70989, -1.47057, 0.67993, -3.75956, -0.93772
13.48201, 2.48627, -1.19198, -3.18605, 1.20038, -1.06063, 0.60167, -3.63698, -0.90836
13.56475, 2.51088, -1.24762, -3.17785, 1.18641, -0.15541, 0.51122, -3.41587, -0.62687
13.65158, 2.53516, -1.30827, -3.12088, 0.96525, 1.10337, 0.42685, -3.23877, 0.16036
13.72808, 2.53976, -1.34435, -3.04601, 0.77661, 1.87392, 0.35574, -3.10231, 1.13795
13.79582, 2.52334, -1.34899, -2.92151, 0.62266, 2.03158, 0.29980, -3.00219, 1.60125
13.86116, 2.50637, -1.35396, -2.78968, 0.49825, 1.63513, 0.25630, -2.93052, 1.55931
13.90632, 2.42995, -1.26734, -2.53754, 0.39968, 1.01233, 0.22425, -2.87922, 1.17426
13.89276, 2.26662, -1.02755, -1.96617, 0.04099, 0.26902, 0.20070, -2.84152, 0.61846
13.84437, 2.13681, -0.83046, -1.19907, -0.79266, -0.84341, 0.18194, -2.80873, -0.25327
13.79540, 2.03365, -0.73705, -0.26384, -1.95037, -1.69483, 0.14368, -2.70344, -1.35747
13.90808, 2.01307, -0.87230, 0.62705, -2.90004, -1.99596, -0.29318, -2.40537, -1.87967
14.13300, 2.09633, -1.08863, 0.97692, -3.32558, -2.00281, -0.98668, -1.65312, -2.01128
14.20808, 2.02394, -1.00380, 1.03964, -3.44591, -1.62268, -1.36360, -0.47616, -1.81156
14.26017, 1.94523, -0.96176, 0.96525, -3.42299, -0.96277, -1.78466, 0.70489, -1.48588
14.37621, 1.97950, -1.10624, 0.83569, -3.33945, -0.47445, -2.09698, 1.17202, -1.27524
14.43026, 1.95549, -1.11871, 0.69727, -3.23747, -0.41567, -2.04204, 1.23796, -0.94530
14.47637, 1.93053, -1.10903, 0.56816, -3.13757, -0.75808, -1.83287, 1.00997, -0.64154
14.48947, 1.86643, -1.02627, 0.45984, -3.05121, -1.07441, -1.35775, 0.32426, -0.33825
14.41906, 1.69744, -0.80955, 0.37041, -2.97810, -1.18105, -0.55003, -0.74786, -0.11763
14.39398, 1.53617, -0.69459, 0.06405, -2.82833, -1.01354, 0.26000, -1.96098, -0.28858
14.60978, 1.52925, -0.92440, -0.69891, -2.38672, -0.47116, 0.64211, -3.07590, -0.66533
14.81535, 1.57407, -1.12370, -1.39142, -1.49101, 0.15547, 0.75286, -3.61008, -0.90053
14.86467, 1.47312, -1.01982, -1.77859, -0.12934, 0.71270, 0.73474, -3.76055, -0.89672
14.90123, 1.39490, -0.98349, -2.14548, 0.98516, 1.15046, 0.65712, -3.72825, -0.89201
15.01553, 1.42352, -1.10468, -2.42777, 1.37055, 1.31971, 0.55946, -3.60579, -0.64437
15.08730, 1.40833, -1.09149, -2.38995, 1.37894, 1.25266, 0.46735, -3.45169, -0.20321
15.20717, 1.47811, -1.17382, -2.33614, 1.21242, 0.86207, 0.38519, -3.30200, -0.11136
15.32618, 1.55663, -1.25866, -2.28653, 1.00467, 0.49427, 0.32069, -3.17315, -0.39696
15.36078, 1.46313, -1.06825, -1.86730, 0.55375, 0.07435, 0.27344, -3.06985, -0.64527
15.30511, 1.32931, -0.74975, -1.09880, -0.27802, -0.64000, 0.23575, -2.98884, -0.63188
15.28552, 1.29096, -0.57876, -0.28189, -1.34023, -1.25309, 0.20001, -2.80760, -0.76874
15.41755, 1.32348, -0.67395, 0.38272, -2.53900, -1.50443, 0.06821, -2.50030, -1.08689
15.58774, 1.39529, -0.78247, 0.66824, -3.37173, -1.47903, -0.16217, -1.91908, -1.21259
15.73304, 1.48016, -0.82755, 0.73207, -3.67785, -1.32576, -0.47801, -1.15049, -1.23357
15.94560, 1.63099, -0.99818, 0.69114, -3.71765, -0.97658, -0.93323, -0.53186, -1.06400
16.10676, 1.74059, -1.09793, 0.60983, -3.63485, -0.21056, -1.21137, -0.11645, -0.83927
16.18877, 1.75161, -1.03936, 0.52075, -3.50477, 0.49355, -1.13552, -0.03480, -0.50268
16.21326, 1.70543, -0.88464, 0.43097, -3.36610, 0.96559, -0.73271, -0.41965, -0.15906
16.20810, 1.63441, -0.71575, 0.29825, -3.23626, 1.21133, -0.08213, -1.23609, -0.25631
16.32118, 1.61963, -0.71544, -0.13495, -2.94247, 1.28531, 0.46884, -2.18989, -0.42913
16.58186, 1.70421, -0.90803, -0.76133, -2.28896, 1.23265, 0.67171, -3.08570, -0.64887
16.71787, 1.72935, -0.87705, -1.07746, -1.22306, 0.98242, 0.70088, -3.49677, -0.83311
16.80411, 1.74112, -0.80355, -1.43731, -0.00651, 0.74650, 0.64935, -3.60285, -0.77668
16.96316, 1.81987, -0.89678, -1.80669, 0.71214, 0.77065, 0.56598, -3.53348, -0.56934
17.11076, 1.91008, -0.97989, -1.91655, 0.89276, 0.73330, 0.47772, -3.37106, -0.31446
17.19596, 1.93498, -0.93135, -1.74901, 0.81340, 0.82946, 0.39991, -3.23166, 0.07780
17.27453, 1.94974, -0.86734, -1.54828, 0.65993, 0.79601, 0.33338, -3.11546, 0.87428
17.36218, 1.97344, -0.82645, -1.36692, 0.48969, 0.61263, 0.28145, -3.02099, 1.46787
17.46801, 2.01829, -0.83182, -1.17446, 0.20918, 0.28954, 0.24022, -2.94914, 1.59831
17.58294, 2.07347, -0.86650, -0.99565, -0.06705, -0.48132, 0.20335, -2.88879, 1.49307
17.58683, 2.01698, -0.69007, -0.54352, -0.37297, -1.39113, 0.17665, -2.84054, 1.30136
17.64928, 2.00462, -0.61503, -0.01986, -1.09328, -1.77710, 0.00593, -2.65674, 0.78400
17.85575, 2.07130, -0.74253, 0.29875, -2.01338, -1.85271, -0.33116, -2.18239, -0.22544
17.98806, 2.07895, -0.72509, 0.42038, -2.92968, -1.75819, -0.55009, -1.39809, -1.31588
18.01445, 2.04959, -0.56763, 0.43878, -3.38225, -1.60948, -0.80417, -0.21382, -1.80027
18.26556, 2.14994, -0.79213, 0.40901, -3.49330, -1.47495, -1.45395, 0.78572, -1.91753
18.54698, 2.37411, -1.16103, 0.36199, -3.43442, -1.35649, -2.00876, 1.10350, -1.78041
18.70129, 2.52416, -1.32470, 0.31529, -3.33430, -1.25016, -2.07948, 0.90479, -1.50866
18.77100, 2.49246, -1.20874, 0.27593, -3.22760, -1.16431, -1.72761, 0.55852, -1.26714
18.74958, 2.34736, -0.90778, 0.24193, -3.13066, -0.90571, -1.10736, 0.08096, -1.09828
18.74828, 2.27558, -0.72522, 0.10334, -2.94049, -0.34128, -0.45127, -0.81157, -1.00139
18.75267, 2.17402, -0.56993, -0.06182, -2.71246, 0.52766, 0.28851, -1.96805, -0.95063
18.91565, 2.13544, -0.63519, -0.47129, -2.36019, 1.39402, 0.73066, -3.12980, -0.92648
19.22404, 2.24935, -0.90251, -1.21397, -1.53742, 1.66462, 0.85586, -3.69578, -0.91792
19.42926, 2.33951, -1.02234, -1.88224, -0.21779, 1.55785, 0.83171, -3.84827, -0.69766
19.56196, 2.39629, -1.09675, -2.41198, 0.93281, 1.39007, 0.74098, -3.80543, -0.41247
19.71610, 2.52313, -1.26102, -2.72110, 1.34427, 1.12251, 0.63042, -3.67425, -0.07137
19.79748, 2.52999, -1.20193, -2.52270, 1.37105, 0.61815, 0.52688, -3.51533, 0.69855
19.88583, 2.55050, -1.15299, -2.23940, 1.14872, -0.22716, 0.43536, -3.36232, 1.35775
19.96949, 2.56427, -1.09795, -1.92962, 0.85415, -1.09327, 0.36187, -3.22796, 1.56582
20.00572, 2.51664, -0.94048, -1.42596, 0.35951, -1.48340, 0.30401, -3.11324, 1.58034
20.03551, 2.47536, -0.81680, -0.74382, -0.63282, -1.59969, 0.25928, -3.02420, 1.50156
20.08648, 2.42332, -0.77461, 0.09713, -1.95407, -1.58173, 0.17684, -2.90462, 1.11514
20.31811, 2.53029, -1.03187, 0.66493, -3.01482, -1.50425, -0.22665, -2.53422, 0.21826
20.52582, 2.67084, -1.19538, 0.85448, -3.48282, -1.13183, -0.71190, -1.70903, -0.76073
20.58554, 2.61493, -1.02327, 0.85991, -3.61901, -0.69597, -0.93900, -0.48025, -1.32867
20.64695, 2.56238, -0.91602, 0.75663, -3.58224, -0.47800, -1.25028, 0.73401, -1.51754
20.79328, 2.61654, -1.00222, 0.59081, -3.46307, -0.53087, -1.46875, 1.22555, -1.29414
20.83621, 2.57281, -0.88833, 0.46069, -3.33211, -0.95539, -1.23682, 1.24067, -0.75336
20.76893, 2.47494, -0.60318, 0.19895, -3.20512, -1.18041, -0.64274, 0.82068, -0.26005
20.76458, 2.43217, -0.40789, -0.42307, -2.96620, -1.04087, -0.02081, -0.01415, -0.08804
21.00125, 2.42174, -0.53496, -1.25041, -2.46312, -0.62126, 0.38599, -1.16683, -0.41298
21.36902, 2.45593, -0.86434, -2.18697, -1.54969, -0.30722, 0.53298, -2.47487, -0.76474
21.58496, 2.45359, -1.04034, -3.03728, -0.23944, -0.33499, 0.54364, -3.45732, -0.68896
21.65016, 2.41090, -0.98869, -3.40207, 0.77090, -0.40985, 0.49680, -3.82078, -0.44327
21.75242, 2.42906, -0.98637, -3.48702, 1.11792, -0.04885, 0.43168, -3.81660, -0.35045
21.91298, 2.50047, -1.05512, -3.43924, 1.00540, 0.61788, 0.36583, -3.51578, -0.14532
22.08218, 2.61938, -1.15992, -3.33922, 0.73241, 1.17646, 0.30813, -2.94519, 0.24221
22.20051, 2.69125, -1.19446, -3.22049, 0.54751, 1.39994, 0.26254, -2.39891, 0.72657
22.29807, 2.69109, -1.14632, -3.03651, 0.42043, 1.26309, 0.23003, -2.14879, 1.13593
22.37964, 2.64006, -1.01391, -2.64833, 0.16883, 0.74848, 0.20755, -2.14749, 1.10502
22.40916, 2.56963, -0.81102, -1.94500, -0.48767, -0.12976, 0.19062, -2.16251, 0.61019
22.41084, 2.54761, -0.69530, -1.00767, -1.58133, -1.32412, 0.17256, -2.23148, -0.31693
22.44699, 2.53523, -0.74733, 0.20440, -2.63846, -1.92523, 0.13988, -2.43910, -1.43266
22.67924, 2.61294, -0.99460, 0.99366, -3.18459, -2.03034, -0.25886, -2.44782, -1.92243
22.88405, 2.70830, -1.12877, 1.24249, -3.37976, -1.61943, -0.64641, -2.03477, -1.91184
22.94488, 2.65238, -0.97880, 1.22455, -3.39598, -0.88178, -0.67434, -1.31947, -1.45518
22.92524, 2.56909, -0.74220, 0.95345, -3.32466, -0.13592, -0.72168, -0.32063, -0.82825
23.02092, 2.56559, -0.70865, 0.60689, -3.23037, 0.71793, -1.00565, 0.55953, -0.11020
23.14959, 2.57429, -0.72904, 0.39372, -3.13969, 1.39579, -1.14343, 0.89816, 0.88454
23.28895, 2.60635, -0.78292, 0.26596, -3.05665, 1.53295, -1.15435, 0.87917, 1.62587
23.42063, 2.65623, -0.85336, 0.19374, -2.98433, 1.14740, -0.98675, 0.47452, 1.87629
23.47430, 2.62531, -0.80286, 0.15638, -2.92103, 0.25831, -0.44205, -0.39383, 1.87730
23.52050, 2.52794, -0.72935, 0.02807, -2.87187, -0.93640, 0.30128, -1.51668, 1.69781
23.77299, 2.57297, -0.95996, -0.48128, -2.67043, -1.74256, 0.67310, -2.58085, 1.39056
24.01423, 2.66415, -1.17076, -0.96943, -2.11778, -1.99861, 0.77624, -3.33482, 1.14805
24.11690, 2.62723, -1.08901, -1.10640, -1.22651, -1.81661, 0.75243, -3.60415, 1.01088
24.17593, 2.56970, -0.95701, -1.29809, -0.21652, -1.10687, 0.67333, -3.60892, 0.85606
24.31853, 2.61081, -1.02630, -1.61078, 0.43636, -0.37737, 0.57608, -3.49550, 0.43543
24.44452, 2.65148, -1.08394, -1.64792, 0.55436, -0.03232, 0.48247, -3.36445, -0.27595
24.47805, 2.57586, -0.93508, -1.30550, 0.42061, -0.11376, 0.40286, -3.23972, -0.81499
24.44761, 2.46413, -0.67925, -0.79275, 0.13621, -0.64170, 0.33130, -2.98692, -1.01470
24.51012, 2.45042, -0.60028, -0.37228, -0.48327, -1.19700, 0.26258, -2.48342, -1.09499
24.55196, 2.42503, -0.50823, 0.13618, -1.30033, -1.41689, 0.19284, -1.74452, -1.11661
24.71161, 2.43343, -0.58880, 0.48543, -2.22383, -1.45539, -0.16142, -0.95850, -1.10901
24.87006, 2.41779, -0.66192, 0.59655, -3.11618, -1.19514, -0.56831, -0.07212, -1.07445
25.03657, 2.42329, -0.76520, 0.58904, -3.49935, -0.67528, -0.93805, 0.65839, -0.79736
25.26527, 2.52472, -0.99202, 0.53122, -3.58840, -0.02870, -1.24978, 0.80381, -0.05273
25.36402, 2.50844, -0.97367, 0.46236, -3.54186, 0.88205, -1.16118, 0.67329, 0.94695
25.32314, 2.36924, -0.70904, 0.39490, -3.43663, 1.58113, -0.66912, 0.32686, 1.52356
25.23779, 2.25155, -0.41434, 0.14487, -3.22297, 1.75821, 0.07395, -0.50809, 1.70303
25.41094, 2.19254, -0.43806, -0.57102, -2.73976, 1.65372, 0.58323, -1.69972, 1.50096
25.81234, 2.18532, -0.78447, -1.66127, -1.84419, 1.21928, 0.75310, -3.07050, 1.05041
26.09703, 2.23786, -1.06067, -2.58168, -0.50121, 0.70874, 0.75575, -3.84363, 0.73541
26.20331, 2.22415, -1.08794, -3.07436, 0.69539, 0.66313, 0.68375, -4.06475, 0.34805
26.31823, 2.25128, -1.13817, -3.24947, 1.15003, 0.92304, 0.58598, -4.00293, -0.10169
26.46516, 2.31679, -1.23307, -3.26681, 1.13574, 1.04301, 0.48942, -3.82764, -0.15824
26.61356, 2.39605, -1.33928, -3.21456, 0.92482, 1.06409, 0.40566, -3.62338, 0.01637
26.73792, 2.43359, -1.38103, -3.09719, 0.74711, 1.05494, 0.33805, -3.43188, 0.33524
26.85264, 2.44877, -1.39424, -2.96099, 0.59720, 1.02648, 0.28493, -3.27024, 0.56506
26.94720, 2.39873, -1.31113, -2.71003, 0.47615, 0.99059, 0.24490, -3.14012, 0.50184
27.00488, 2.28876, -1.12458, -2.21300, 0.11936, 0.69285, 0.21442, -3.03424, 0.16011
27.03631, 2.20352, -0.97306, -1.51192, -0.72541, -0.10726, 0.19198, -2.95372, -0.62060
27.03710, 2.12198, -0.87986, -0.59980, -1.90145, -1.24826, 0.17680, -2.89618, -1.48700
27.10974, 2.06352, -0.91977, 0.50436, -2.94196, -1.83548, -0.02118, -2.74768, -1.82490
27.30571, 2.09042, -1.01659, 1.05417, -3.41206, -1.96143, -0.45105, -2.17921, -1.87897
27.39033, 2.03436, -0.89644, 1.19793, -3.54425, -1.84510, -0.62527, -1.27273, -1.64047
27.44247, 1.97158, -0.76408, 1.14075, -3.52292, -1.59541, -0.97713, 0.05561, -1.21991
27.68540, 2.05796, -1.00295, 0.99595, -3.43892, -1.32284, -1.65713, 1.06694, -0.57189
27.89660, 2.21993, -1.30239, 0.82573, -3.32876, -1.09614, -2.11717, 1.40397, 0.49879
28.00323, 2.24314, -1.35632, 0.66766, -3.21584, -0.89952, -2.10559, 1.41614, 1.53291
28.04591, 2.12615, -1.18588, 0.53767, -3.11370, -0.79595, -1.68127, 1.15534, 1.92845
27.96482, 1.90023, -0.80212, 0.43042, -3.03030, -0.45241, -0.86644, 0.49697, 1.86845
27.87390, 1.74102, -0.49436, 0.14725, -2.88191, -0.09174, 0.04439, -0.61562, 1.45196
28.08424, 1.67659, -0.59084, -0.58505, -2.53859, 0.28127, 0.58982, -1.98724, 0.69616
28.48401, 1.71688, -0.99328, -1.73161, -1.83266, 1.05109, 0.77462, -3.35679, -0.00870
28.76438, 1.84869, -1.35326, -2.70548, -0.65023, 1.42307, 0.77650, -3.99712, -0.22462
28.84332, 1.75949, -1.27662, -3.11079, 0.70587, 1.43467, 0.70384, -4.14116, -0.39559
28.90197, 1.69257, -1.18869, -3.13013, 1.31361, 1.38893, 0.60237, -4.02772, -0.67952
29.02388, 1.71665, -1.22472, -3.08698, 1.40749, 1.21700, 0.50017, -3.73382, -0.65013
29.16621, 1.79708, -1.32334, -3.02167, 1.26028, 1.00753, 0.41097, -3.28068, -0.20380
29.26722, 1.79528, -1.29787, -2.78782, 1.07417, 0.90224, 0.34098, -2.86942, 0.66975
29.35413, 1.73897, -1.20562, -2.41135, 0.69714, 0.58446, 0.28725, -2.66131, 1.39774
29.44191, 1.69483, -1.14650, -1.96252, 0.06542, -0.15451, 0.24702, -2.59633, 1.55639
29.48878, 1.60119, -1.04104, -1.28038, -0.87582, -1.11718, 0.21982, -2.66808, 1.44346
29.49908, 1.48603, -0.96857, -0.30819, -2.14856, -1.60631, 0.19566, -2.64401, 1.13026
29.64577, 1.48325, -1.12952, 0.70928, -3.10504, -1.75329, -0.14265, -2.46033, 0.76307
29.86724, 1.59626, -1.32697, 1.12397, -3.48346, -1.50691, -0.74837, -1.85172, 0.54423
29.97410, 1.52663, -1.21919, 1.20095, -3.56985, -0.70514, -1.03646, -0.88737, 0.60724
29.99995, 1.37518, -0.96269, 1.11734, -3.52457, 0.56763, -1.27411, 0.14998, 0.78368
30.11023, 1.35490, -0.92406, 0.96626, -3.42597, 1.61913, -1.61977, 0.72619, 0.84766
30.21731, 1.34573, -0.89343, 0.80145, -3.30876, 1.97205, -1.80090, 0.89285, 0.87362
30.32244, 1.34106, -0.85544, 0.64991, -3.19689, 1.96340, -1.86668, 0.82179, 0.70222
30.42143, 1.33145, -0.80359, 0.52544, -3.09806, 1.63187, -1.85714, 0.64749, 0.47875
30.56259, 1.36118, -0.83318, 0.42465, -3.00949, 0.95424, -1.87009, 0.31489, 0.16468
30.71749, 1.41241, -0.90819, 0.34758, -2.93231, -0.04841, -1.90173, -0.04018, -0.61734
30.87014, 1.47423, -1.00537, 0.28821, -2.87526, -1.35269, -1.93570, -0.44122, -1.40384
30.98955, 1.49322, -1.04216, 0.24326, -2.83849, -1.99953, -1.93119, -0.85981, -1.69894
31.08684, 1.49136, -1.04287, 0.20768, -2.71661, -2.15749, -1.91386, -1.28814, -1.74404
31.17193, 1.47731, -1.02536, 0.17710, -2.56795, -2.08277, -1.94585, -1.67590, -1.66912
31.20696, 1.41585, -0.86920, -0.04340, -2.29683, -1.71548, -1.72526, -2.04811, -1.55245
31.25502, 1.43294, -0.76975, -0.52873, -1.59999, -1.01525, -1.24517, -2.70775, -1.43477
31.28759, 1.39673, -0.63621, -1.20638, -0.41520, -0.07488, -0.50751, -3.18585, -1.33124
31.38824, 1.29806, -0.64732, -2.17509, 0.74164, 0.77545, 0.45481, -3.36928, -1.24705
31.66746, 1.36119, -0.97864, -3.19552, 1.09762, 1.20396, 0.93225, -3.38781, -1.09983
31.80700, 1.39036, -1.08102, -3.60080, 1.05331, 1.23904, 1.05750, -3.32059, -0.58951
31.89647, 1.36957, -1.06207, -3.63310, 0.70972, 1.05912, 1.01084, -3.22954, 0.02427
32.01994, 1.41510, -1.12903, -3.48987, -0.11383, 0.81293, 0.89067, -3.13676, 0.17283
32.08982, 1.41159, -1.08378, -3.22075, -0.92880, 0.74681, 0.75179, -3.05012, -0.20043
32.10378, 1.37259, -0.87683, -2.64675, -1.75851, 0.64985, 0.37747, -2.82493, -0.85887
32.20700, 1.45934, -0.79463, -1.71973, -2.75533, 0.00521, -0.39318, -2.43789, -1.32457
32.32906, 1.46367, -0.79206, -0.50506, -3.33294, -1.14943, -1.26298, -2.01270, -1.49403
32.47587, 1.29866, -0.81442, 0.73439, -3.55176, -1.83943, -2.40619, -1.17514, -1.51224
32.66540, 1.30848, -1.00679, 1.24668, -3.51775, -2.04279, -3.49547, 0.04439, -1.46123
32.59890, 1.18128, -0.78956, 1.34655, -3.32355, -2.00019, -3.91122, 0.91169, -1.38309
32.49183, 1.09587, -0.52330, 1.12935, -3.04005, -1.64311, -3.96879, 1.16260, -1.30167
32.58506, 1.12499, -0.47762, 0.47926, -2.50609, -0.80689, -3.86135, 0.90885, -1.22553
32.99876, 1.31399, -0.80523, -0.66454, -1.52348, 0.28445, -3.68828, 0.08971, -1.16041
33.38255, 1.69912, -1.30859, -2.10073, 0.21066, 1.07731, -3.48893, -1.20697, -1.10865
33.47997, 2.05046, -1.69591, -3.14244, 1.55682, 1.31510, -3.26054, -2.70256, -1.06621
33.55790, 2.09392, -1.68011, -3.54950, 2.01000, 1.23457, -2.69090, -3.75523, -0.80780
33.55531, 1.64305, -1.09872, -3.59612, 1.98109, 0.85690, -1.73287, -4.13107, -0.27673
33.19173, 1.20293, -0.38955, -3.51141, 1.46507, 0.54436, -0.49252, -4.14522, 0.42555
33.01137, 1.03246, -0.14296, -3.38000, 0.19160, 0.32314, 0.61377, -3.98617, 0.92524
33.23936, 1.06100, -0.32547, -3.24989, -1.61280, 0.06267, 1.06451, -3.70662, 0.95258
33.16951, 1.11171, -0.02267, -3.14743, -3.17367, -0.24037, 1.16389, -3.36331, 0.70319
33.17292, 1.15435, 0.20623, -2.85722, -3.89529, -1.07925, 0.95353, -2.95920, 0.04294
33.21682, 1.23522, 0.42741, -2.31697, -4.11528, -1.61542, 0.46432, -2.46062, -1.05957
33.20922, 1.31950, 0.72404, -1.71688, -4.08010, -1.78572, -0.10346, -2.12657, -1.76467
33.14233, 1.42511, 1.05539, -1.01345, -3.92190, -1.77341, -0.75970, -1.75558, -1.99243
33.06695, 1.47714, 1.17665, 0.03444, -3.73310, -1.68039, -1.63354, -1.28749, -1.97622
33.13567, 1.26980, 0.83051, 0.87463, -3.56599, -1.56024, -2.97944, -0.37149, -1.84999
33.26998, 1.23844, 0.70045, 1.16987, -3.40199, -1.43898, -3.77286, 0.48715, -1.69338
33.32914, 1.32744, 0.79178, 1.19024, -3.25650, -1.33113, -4.01607, 0.71746, -1.54286
33.39675, 1.40179, 0.88029, 1.07745, -3.12343, -0.97951, -3.98461, 0.39871, -1.41157
33.51277, 1.43892, 0.91804, 0.91555, -2.80777, -0.35952, -3.79038, -0.39465, -1.30331
33.68349, 1.48418, 1.01918, 0.51809, -2.04835, 0.03396, -3.36691, -1.61145, -1.21721
33.86119, 1.54463, 1.27580, -0.07990, -0.78655, -0.07994, -2.69800, -3.03205, -1.15100
33.97986, 1.76871, 1.73116, -0.57017, 0.69221, -0.42161, -1.92121, -3.81469, -1.09603
34.15494, 1.96709, 2.08315, -0.97117, 1.39170, -0.61852, -1.15481, -4.05922, -1.04795
