0.04339, -0.01747, 0.07517, 0.16090, -0.09389, 0.32611, -0.25027, 0.10480, 0.11291
-0.00982, -0.07437, 0.13734, -0.12284, 0.23771, 0.12045, -0.71304, -0.23990, -0.04924
-0.05390, -0.16137, 0.16243, -0.52284, 0.57494, -0.41427, -1.02025, -0.23525, -0.56039
0.00971, -0.20028, 0.01568, 0.04150, 0.40200, -0.43093, -0.21577, -0.12010, -0.30840
0.09912, -0.16815, 0.00375, 0.57960, -0.09979, -0.20359, -0.08066, -0.47275, -0.30697
0.09060, -0.14480, 0.09957, -0.02917, 0.21355, 0.53703, -0.68422, -0.51455, -0.17012
0.09568, -0.15710, 0.11467, -0.58392, 0.59463, -0.05447, -0.98060, -0.06438, -0.30981
0.23776, -0.13019, -0.01413, 0.11625, 0.40351, -0.43342, -0.13849, 0.16117, -0.24937
0.36619, -0.09274, -0.09010, 0.66329, -0.18399, 0.15555, 0.11268, -0.22643, -0.13335
0.38201, -0.05184, -0.00492, -0.05102, 0.26112, 0.54309, -0.58959, -0.29876, 0.36432
0.43384, -0.05277, 0.03301, -0.57904, 0.57123, -0.16040, -0.98567, -0.09050, 0.33730
0.55453, -0.02783, 0.02492, -0.36198, 0.38258, -0.46808, -0.84978, 0.27267, -0.34562
0.71701, -0.02985, -0.03671, 0.16971, 0.29267, -0.41826, -0.52217, 0.54697, -0.45288
0.87567, -0.06165, -0.03535, 0.65345, -0.32139, 0.27523, -0.32474, 0.38562, 0.26709
0.91804, -0.14603, 0.03539, -0.04348, 0.22461, 0.62742, -0.44451, -0.26124, 0.39448
0.97197, -0.26227, 0.06712, -0.55620, 0.61953, -0.23123, -0.74531, -0.31004, -0.30848
1.15077, -0.27999, 0.02750, 0.16087, 0.56481, -0.40243, -0.16019, -0.33176, -0.51684
1.31983, -0.25453, 0.01649, 0.75183, -0.10315, 0.38137, -0.02895, -0.49706, -0.10801
1.36355, -0.23447, 0.14729, 0.01574, 0.25172, 0.68997, -0.70292, -0.46103, 0.05659
1.43316, -0.25849, 0.20205, -0.61096, 0.59594, -0.25431, -0.95500, -0.21147, -0.34129
1.63559, -0.21725, 0.03477, 0.14228, 0.29642, -0.40427, -0.06420, -0.12071, -0.53780
1.82321, -0.13609, -0.01971, 0.63084, -0.21945, 0.10397, 0.12337, -0.19686, -0.35819
1.88477, -0.06621, 0.02712, -0.04527, 0.11659, 0.50939, -0.58983, 0.09939, 0.25630
1.97862, -0.06227, 0.04104, -0.61589, 0.45867, -0.28930, -0.88667, 0.02707, 0.55396
2.14300, -0.04018, 0.01437, -0.45340, 0.40902, -0.44599, -0.77827, 0.19032, -0.09796
2.35247, -0.02542, -0.03292, 0.23491, 0.13857, -0.41303, -0.55617, 0.40333, -0.53460
2.54600, -0.06054, -0.04142, 0.72643, -0.39934, 0.30574, -0.41696, -0.13396, 0.08871
2.63261, -0.15051, 0.01824, 0.00341, 0.33008, 0.27082, -0.74048, -0.60813, 0.27927
2.73410, -0.25709, -0.02182, -0.60297, 0.70839, -0.49614, -0.87983, -0.12059, -0.36780
2.96999, -0.21583, -0.04452, 0.02076, 0.67429, -0.23175, -0.16605, 0.02065, -0.55818
3.19550, -0.15747, -0.01455, 0.70338, -0.26842, 0.60063, 0.05549, -0.28882, -0.35842
3.27057, -0.14388, 0.08100, 0.01517, 0.14208, 0.63810, -0.61328, -0.39836, -0.18912
3.36636, -0.17953, 0.08497, -0.63139, 0.60494, -0.30960, -1.01709, 0.03494, -0.36525
3.61834, -0.16361, -0.05969, 0.14788, 0.40526, -0.45214, -0.14725, 0.20600, -0.44059
3.86168, -0.13043, -0.08847, 0.69499, -0.14217, 0.12662, 0.14764, -0.17335, -0.24280
3.97081, -0.11428, 0.02338, -0.05713, 0.25480, 0.68303, -0.52274, -0.43121, 0.01978
4.11038, -0.13412, 0.06603, -0.55750, 0.56946, -0.17373, -1.03462, 0.06760, -0.26373
4.39866, -0.11621, -0.05611, 0.18114, 0.40614, -0.48556, -0.17100, 0.37446, -0.15313
4.66974, -0.10784, -0.10570, 0.71318, -0.18695, 0.30904, 0.23385, -0.09733, 0.24137
4.80566, -0.10409, 0.00599, -0.04397, 0.28666, 0.76887, -0.38097, -0.40563, 0.25770
4.96613, -0.13355, 0.08826, -0.58205, 0.53494, -0.11353, -1.02424, 0.10086, -0.39931
5.28092, -0.12364, 0.00558, 0.15096, 0.22692, -0.48233, -0.23087, 0.35333, -0.36314
5.57434, -0.11945, -0.05120, 0.71607, -0.28885, 0.23201, 0.20269, -0.17304, 0.08552
5.72291, -0.12760, 0.02630, -0.02137, 0.26945, 0.67447, -0.42440, -0.42760, 0.17214
5.89552, -0.17511, 0.05664, -0.60573, 0.64799, -0.22394, -0.98620, 0.09372, -0.41079
6.22020, -0.17348, -0.07115, 0.17360, 0.42689, -0.43742, -0.18449, 0.24767, -0.54498
6.53235, -0.15748, -0.10017, 0.75744, -0.11758, 0.17358, 0.17872, -0.20389, -0.24085
6.70151, -0.15215, 0.03132, 0.01377, 0.25943, 0.55943, -0.49516, -0.46793, -0.05491
6.89240, -0.18899, 0.09501, -0.59209, 0.58627, -0.26866, -1.03892, -0.02967, -0.37750
7.23457, -0.17600, -0.02473, 0.16423, 0.36458, -0.44287, -0.17809, 0.16192, -0.56412
7.55146, -0.14797, -0.07897, 0.75305, -0.19495, 0.21519, 0.18271, -0.23691, -0.18286
7.72046, -0.13361, 0.01734, -0.02007, 0.23379, 0.74862, -0.50658, -0.42435, 0.05671
7.91936, -0.15954, 0.05023, -0.55380, 0.54511, -0.18312, -1.03995, 0.11282, -0.30840
8.27110, -0.14560, -0.08310, 0.18489, 0.34813, -0.49084, -0.17563, 0.38317, -0.19362
8.60600, -0.12010, -0.11381, 0.70824, -0.10004, 0.21955, 0.24452, -0.08651, 0.26449
8.79281, -0.10761, -0.00113, -0.07086, 0.27559, 0.76044, -0.37921, -0.37801, 0.41062
9.00865, -0.13551, 0.06449, -0.55416, 0.55402, -0.21415, -1.00062, 0.11745, -0.22290
9.37668, -0.12513, -0.02739, 0.19084, 0.28400, -0.43968, -0.22135, 0.34808, -0.36096
9.72070, -0.12177, -0.07290, 0.75269, -0.26506, 0.29440, 0.25999, -0.12991, 0.09549
9.91115, -0.12931, 0.02169, -0.02965, 0.29044, 0.76478, -0.35310, -0.40743, 0.23042
10.12688, -0.17682, 0.08586, -0.58304, 0.63921, -0.21643, -0.99799, 0.06184, -0.37569
10.48639, -0.17890, -0.02624, 0.10817, 0.44841, -0.43649, -0.21864, 0.16188, -0.55158
10.82338, -0.15553, -0.08234, 0.70847, -0.09172, 0.23994, 0.20637, -0.27886, -0.18509
11.01939, -0.13337, 0.02970, -0.01656, 0.29620, 0.74039, -0.46898, -0.45092, 0.02581
11.23505, -0.14974, 0.09255, -0.60472, 0.60275, -0.19038, -1.04392, 0.09992, -0.33425
11.60499, -0.11641, -0.00769, 0.16176, 0.23449, -0.44374, -0.21739, 0.23931, -0.33896
11.95052, -0.09276, -0.07989, 0.74871, -0.31911, 0.28908, 0.17172, -0.00535, -0.26077
12.14553, -0.08886, -0.00843, -0.02797, 0.30746, 0.56088, -0.40406, -0.24386, -0.15474
12.36920, -0.12267, 0.03134, -0.56385, 0.63009, -0.34667, -0.98362, 0.12015, -0.28932
12.74411, -0.09999, -0.05222, 0.21649, 0.13062, -0.46376, -0.23788, 0.29492, -0.04167
13.10851, -0.09259, -0.03273, 0.75568, -0.36535, 0.19550, 0.22355, -0.02228, 0.52262
13.34438, -0.10015, 0.05951, 0.40555, 0.16161, 0.12095, -0.22722, -0.30377, 0.20523
13.54807, -0.14012, 0.19181, -0.33769, 0.72100, -0.46983, -0.99867, 0.00232, -0.56035
13.88659, -0.14318, 0.16310, -0.12187, 0.42385, -0.42607, -0.32888, -0.00579, -0.58456
14.21009, -0.13379, 0.10407, 0.39295, -0.30743, 0.25553, 0.14564, -0.40487, -0.45282
14.41029, -0.16040, 0.07142, -0.00828, 0.28638, 0.30531, -0.41778, -0.43820, -0.33172
14.60612, -0.22210, 0.04433, -0.57507, 0.72947, -0.35701, -0.97838, 0.10533, -0.43701
14.94415, -0.21073, -0.07200, 0.04672, 0.64905, -0.31714, -0.19591, 0.19639, -0.55386
15.26372, -0.15777, -0.09850, 0.72456, -0.15783, 0.45944, 0.19205, -0.30735, -0.10327
15.43079, -0.12555, 0.01524, 0.08596, 0.16114, 0.47073, -0.50417, -0.48389, 0.17678
15.60719, -0.14039, 0.05636, -0.60505, 0.51817, -0.43874, -1.03828, 0.09706, -0.21838
15.95395, -0.10774, -0.06239, 0.12996, 0.31341, -0.41693, -0.13950, 0.40044, -0.17098
16.28233, -0.09608, -0.10772, 0.74378, -0.25527, 0.28834, 0.30261, -0.00773, 0.26352
16.45346, -0.09948, -0.01471, -0.02397, 0.27102, 0.72284, -0.30339, -0.33800, 0.28125
16.65059, -0.14502, 0.05376, -0.55624, 0.61136, -0.21477, -1.00867, 0.12570, -0.39110
17.00191, -0.14972, -0.04504, 0.17731, 0.42377, -0.42738, -0.25765, 0.32319, -0.38793
17.33221, -0.14369, -0.09614, 0.75341, -0.15358, 0.28017, 0.23218, -0.19915, 0.03879
17.51403, -0.14386, 0.01186, -0.00938, 0.25557, 0.76494, -0.39676, -0.44129, 0.13500
17.72053, -0.18736, 0.07222, -0.56977, 0.58154, -0.10130, -0.98536, -0.02655, -0.39729
18.07042, -0.18858, -0.04966, 0.14332, 0.43137, -0.47738, -0.19950, 0.15106, -0.51727
18.41053, -0.16998, -0.06820, 0.72484, -0.11098, 0.20392, 0.18334, -0.20406, -0.29698
18.60749, -0.16457, 0.05387, 0.00776, 0.21868, 0.76810, -0.45775, -0.42940, -0.11306
18.82067, -0.20426, 0.11015, -0.60743, 0.60156, -0.17230, -0.99988, 0.01524, -0.37806
19.17481, -0.19022, -0.02729, 0.14714, 0.41053, -0.49164, -0.14235, 0.02814, -0.54390
19.49791, -0.15066, -0.06625, 0.68957, -0.14312, 0.22315, 0.23240, -0.22557, -0.39275
19.67284, -0.12752, 0.03170, -0.06809, 0.23639, 0.47507, -0.45509, -0.37787, -0.30022
19.87862, -0.14713, 0.06572, -0.56263, 0.47741, -0.27525, -1.01465, 0.10590, -0.42439
20.23645, -0.12742, -0.06032, 0.17346, 0.24579, -0.41809, -0.18704, 0.35368, -0.06377
20.57904, -0.10195, -0.09695, 0.74553, -0.21439, 0.21805, 0.21722, -0.09589, 0.43237
20.77015, -0.09035, 0.01326, -0.04244, 0.24665, 0.76283, -0.38731, -0.38926, 0.35761
20.98914, -0.11726, 0.08693, -0.56509, 0.52612, -0.18868, -1.00764, 0.07318, -0.43959
21.35693, -0.10220, 0.00130, 0.11553, 0.20174, -0.45006, -0.23859, 0.30832, -0.25953
21.70682, -0.09045, -0.05645, 0.68545, -0.31586, 0.27239, 0.19401, -0.12019, 0.28510
21.91215, -0.09423, 0.02002, -0.02976, 0.30564, 0.71640, -0.37622, -0.37290, 0.30044
22.13583, -0.12963, 0.08793, -0.60270, 0.61918, -0.18794, -1.00221, 0.11623, -0.39203
22.51716, -0.12340, 0.00493, 0.16319, 0.31365, -0.49027, -0.21690, 0.33778, -0.35682
22.86981, -0.12020, -0.07604, 0.74638, -0.25113, 0.33541, 0.30430, -0.16555, 0.15673
23.07128, -0.11766, -0.00120, -0.00220, 0.33825, 0.74788, -0.31799, -0.39492, 0.26246
23.29200, -0.15407, 0.05901, -0.61378, 0.66442, -0.15991, -1.00702, 0.15945, -0.36585
23.66868, -0.14527, -0.02095, 0.09808, 0.32637, -0.48996, -0.25092, 0.35549, -0.39610
24.02824, -0.11739, -0.05152, 0.67874, -0.19473, 0.22761, 0.29454, -0.17508, 0.02192
24.24328, -0.08760, 0.06193, 0.03674, 0.29586, 0.70183, -0.31703, -0.40688, 0.17781
24.46470, -0.09375, 0.16978, -0.56563, 0.66828, -0.19389, -1.02598, 0.09065, -0.33141
24.84372, -0.05615, 0.13092, 0.14966, 0.19377, -0.47181, -0.29055, 0.17974, -0.41170
25.18674, -0.04456, 0.07379, 0.61750, -0.48877, 0.38874, 0.16004, -0.21859, -0.24548
25.38528, -0.07194, 0.05084, -0.11163, 0.20958, 0.73584, -0.38543, -0.40303, -0.13541
25.61222, -0.14069, -0.01219, -0.56906, 0.62518, -0.26656, -0.94883, 0.15592, -0.41219
25.98624, -0.15197, -0.17681, 0.18860, 0.53724, -0.46877, -0.20195, 0.37903, -0.15237
26.35700, -0.13778, -0.15264, 0.77744, -0.10298, 0.32468, 0.25942, -0.01922, 0.53874
26.57974, -0.13871, -0.00185, 0.23125, 0.18702, 0.82023, -0.27255, -0.32941, 0.19940
26.78973, -0.18530, 0.14984, -0.49836, 0.64996, -0.19347, -1.02273, -0.06692, -0.55787
27.14039, -0.18559, 0.10938, -0.04864, 0.40991, -0.47621, -0.27122, -0.10139, -0.50711
27.47122, -0.16101, 0.06681, 0.55276, -0.26670, 0.27420, 0.15241, -0.46232, -0.46097
27.67159, -0.14581, 0.12164, 0.02511, 0.29210, 0.12805, -0.49969, -0.45918, -0.33478
27.87922, -0.16483, 0.15233, -0.57961, 0.64441, -0.44822, -1.01026, 0.08257, -0.44847
28.23177, -0.13750, 0.02790, 0.11714, 0.35971, -0.41497, -0.14911, 0.09845, -0.55445
28.55292, -0.12077, -0.05693, 0.72791, -0.29749, 0.32683, 0.27380, -0.13869, -0.29343
28.72338, -0.11630, 0.00326, 0.01532, 0.23709, 0.69299, -0.37631, -0.33070, -0.14784
28.91368, -0.15906, 0.02462, -0.62013, 0.62714, -0.25310, -0.96919, 0.11470, -0.37611
29.26496, -0.14982, -0.09438, 0.16264, 0.35369, -0.44157, -0.16618, 0.32656, -0.15523
29.60261, -0.12266, -0.11531, 0.77002, -0.18849, 0.21391, 0.23059, -0.12813, 0.31028
29.78364, -0.11400, 0.00826, -0.03183, 0.25357, 0.80274, -0.41061, -0.39800, 0.26217
29.99389, -0.14529, 0.08319, -0.56733, 0.58127, -0.18884, -1.03127, 0.11126, -0.46469
30.35964, -0.13561, -0.00895, 0.18644, 0.32545, -0.43461, -0.22278, 0.34432, -0.26298
30.69429, -0.12156, -0.09355, 0.76160, -0.23907, 0.33112, 0.27456, -0.18803, 0.19651
30.88019, -0.10418, 0.00262, -0.01081, 0.24986, 0.81640, -0.37187, -0.43408, 0.20511
31.09172, -0.12446, 0.06421, -0.55440, 0.53403, -0.16934, -1.01864, 0.12291, -0.43939
31.45803, -0.10470, -0.03788, 0.16866, 0.24257, -0.50666, -0.23162, 0.36575, -0.27207
31.81329, -0.09886, -0.05429, 0.71515, -0.28113, 0.24147, 0.24054, -0.01737, 0.39071
32.04868, -0.10634, 0.02674, 0.39903, 0.15879, 0.41847, -0.22603, -0.29998, 0.39033
32.24997, -0.14863, 0.14763, -0.32228, 0.73770, -0.28500, -0.97474, 0.02855, -0.40033
32.58814, -0.15161, 0.11502, -0.01905, 0.41884, -0.42905, -0.31888, 0.01321, -0.51932
32.91061, -0.13355, 0.06952, 0.52289, -0.36974, 0.27728, 0.12801, -0.39292, -0.42852
33.11189, -0.12654, 0.12263, 0.05086, 0.23546, 0.14989, -0.47031, -0.46512, -0.26855
33.30864, -0.15345, 0.16665, -0.60496, 0.66525, -0.48626, -1.01492, -0.01311, -0.35376
33.65698, -0.13449, 0.06907, 0.03505, 0.41483, -0.39080, -0.18067, 0.12570, -0.47098
33.97582, -0.11966, -0.02173, 0.66152, -0.34534, 0.38386, 0.23533, -0.22198, -0.39209
34.14617, -0.12564, 0.00087, 0.00265, 0.22189, 0.78578, -0.44502, -0.39070, -0.15726
34.33676, -0.17705, -0.00960, -0.62056, 0.64356, 0.02024, -1.04201, 0.13039, -0.32324
34.68524, -0.16069, -0.14978, 0.18553, 0.49437, -0.49597, -0.20204, 0.35244, -0.11470
35.02381, -0.13101, -0.14394, 0.71655, -0.08262, 0.31543, 0.22960, 0.04144, 0.39400
35.22672, -0.13007, -0.03402, 0.22816, 0.19833, 0.78043, -0.26147, -0.25921, 0.39653
35.41149, -0.17571, 0.07689, -0.47774, 0.67240, -0.17342, -0.98810, 0.09204, -0.35325
35.74530, -0.18385, 0.03121, -0.02188, 0.46269, -0.41918, -0.28644, 0.24300, -0.49420
36.07192, -0.15195, 0.01391, 0.57806, -0.17720, 0.27467, 0.27902, -0.32530, -0.25507
36.25895, -0.12595, 0.08888, -0.00635, 0.26021, 0.73949, -0.33690, -0.45853, 0.01172
36.45007, -0.13831, 0.14344, -0.57799, 0.66877, -0.17488, -0.98734, 0.14642, -0.31639
36.79393, -0.11120, 0.05540, 0.17182, 0.34053, -0.50924, -0.24371, 0.20697, -0.51692
37.11086, -0.11476, -0.00025, 0.69263, -0.41805, 0.36562, 0.21139, -0.10138, -0.42404
37.27513, -0.14810, 0.03967, -0.01546, 0.30573, 0.56039, -0.37168, -0.37101, -0.31410
37.45915, -0.21611, 0.06863, -0.58474, 0.73827, -0.37941, -0.99653, 0.04190, -0.44494
37.78985, -0.22782, -0.05749, 0.17441, 0.48722, -0.46933, -0.20140, 0.14279, -0.58455
38.09821, -0.19294, -0.08215, 0.76837, -0.09464, 0.21883, 0.19518, -0.35260, -0.17904
38.25920, -0.16436, 0.04820, 0.00323, 0.21810, 0.71610, -0.51174, -0.50151, 0.08364
38.44467, -0.18203, 0.10895, -0.58663, 0.53352, -0.23797, -1.00264, -0.08349, -0.26824
38.78044, -0.15605, -0.01205, 0.14298, 0.32136, -0.37309, -0.15609, 0.13719, -0.40304
39.09088, -0.12709, -0.08126, 0.72590, -0.20079, 0.26288, 0.18628, -0.18308, -0.47918
39.25843, -0.11019, 0.00892, -0.01497, 0.30655, 0.17415, -0.50877, -0.42162, -0.34512
39.45737, -0.12881, 0.03324, -0.55806, 0.53032, -0.51124, -1.03863, 0.07217, -0.40684
39.80305, -0.09886, -0.09561, 0.10257, 0.24958, -0.43841, -0.20170, 0.37579, -0.04414
40.14962, -0.08067, -0.05527, 0.65073, -0.23715, 0.14785, 0.27919, 0.14883, 0.56489
40.38250, -0.08366, 0.02865, 0.53196, 0.08934, 0.27721, -0.09464, -0.17671, 0.24065
40.56294, -0.11265, 0.22280, -0.15510, 0.53536, -0.31068, -0.95072, -0.21698, -0.48427
40.82893, -0.12386, 0.29175, -0.48291, 0.18632, -0.42601, -0.66262, -0.04793, -0.54030
41.15732, -0.13318, 0.18351, -0.08540, -0.07011, 0.04231, 0.26196, -0.34434, -0.51633
41.45387, -0.12723, 0.06814, 0.45051, -0.29033, 0.50807, 0.35720, -0.18151, -0.25301
41.62310, -0.11535, 0.04158, 0.02398, 0.21580, 0.17182, -0.36780, -0.19781, 0.19050
41.79829, -0.15973, 0.03475, -0.56194, 0.55839, -0.48330, -1.03428, 0.18591, 0.25175
42.13409, -0.15921, -0.12448, 0.15974, 0.39651, -0.43153, -0.23676, 0.28154, 0.11832
42.46563, -0.13082, -0.13727, 0.77503, -0.11833, 0.19204, 0.20237, -0.06194, 0.22637
42.64465, -0.12298, 0.00042, 0.07045, 0.24348, 0.60148, -0.36513, -0.34068, 0.08558
42.83301, -0.15980, 0.10265, -0.58424, 0.57187, -0.24631, -1.00846, 0.00859, -0.50452
43.18013, -0.14623, 0.05306, 0.11830, 0.14470, -0.43866, -0.22819, 0.25634, -0.45879
43.49812, -0.12040, 0.02024, 0.64636, -0.32516, 0.19413, 0.27617, -0.23116, -0.15329
43.67631, -0.09349, 0.10583, -0.02753, 0.27424, 0.74860, -0.34425, -0.42171, 0.10207
43.86707, -0.09840, 0.18955, -0.58222, 0.62201, -0.13652, -1.01430, 0.12552, -0.31151
44.21377, -0.06721, 0.13555, 0.14353, 0.17499, -0.48687, -0.26942, 0.20803, -0.44267
44.52546, -0.06422, 0.06500, 0.62717, -0.45416, 0.37154, 0.17524, -0.22076, -0.47168
44.69149, -0.09334, 0.04684, -0.07671, 0.18499, 0.45347, -0.43152, -0.41044, -0.37252
44.88772, -0.16880, -0.03065, -0.56538, 0.57297, -0.40129, -0.95824, 0.10977, -0.43589
45.23553, -0.15786, -0.17052, 0.14763, 0.61315, -0.50702, -0.19058, 0.35538, -0.06579
45.58296, -0.11350, -0.10321, 0.70034, -0.08498, 0.36458, 0.21795, -0.00669, 0.56590
45.78492, -0.09613, 0.04181, 0.11896, 0.11992, 0.78870, -0.30973, -0.27883, 0.15484
45.97812, -0.13346, 0.14321, -0.58975, 0.61804, -0.21143, -1.01546, 0.14659, -0.64243
46.31561, -0.12464, 0.07304, -0.10305, 0.44020, -0.42171, -0.28811, 0.08845, -0.30648
46.64079, -0.09825, -0.00266, 0.55804, -0.33119, 0.38323, 0.17593, -0.35539, -0.22873
46.83632, -0.08153, 0.04623, 0.08937, 0.12546, 0.14172, -0.45502, -0.44572, -0.11998
47.03157, -0.10547, 0.05389, -0.55389, 0.53366, -0.47286, -0.98897, 0.13780, -0.28300
47.37738, -0.09152, -0.07216, 0.00130, 0.42594, -0.41320, -0.18205, 0.41115, -0.21576
47.73135, -0.09427, -0.07512, 0.64066, -0.21125, 0.27032, 0.28042, 0.27879, 0.33324
47.98093, -0.08853, -0.02478, 0.61213, 0.10446, 0.11568, 0.07082, -0.07794, 0.50608
48.14613, -0.07201, 0.11289, -0.16586, 0.60315, -0.46110, -0.56355, -0.34476, 0.01387
48.36445, -0.07002, 0.21492, -0.57987, 0.49286, -0.42286, -1.03110, 0.01119, -0.58796
48.72627, -0.02926, 0.15372, 0.26546, -0.30734, -0.39608, -0.18114, 0.13747, -0.21077
49.03119, -0.03813, 0.02957, 0.66896, -0.67682, 0.35054, 0.18401, -0.18308, -0.14505
49.20024, -0.08762, -0.04780, -0.11126, 0.29701, 0.40688, -0.40894, -0.34359, 0.03153
49.41098, -0.17664, -0.14890, -0.56630, 0.67651, -0.45201, -0.96275, 0.18967, -0.13571
49.75531, -0.13049, -0.22094, 0.15013, 0.68248, -0.43184, -0.32106, 0.35858, -0.05534
50.10847, -0.09416, -0.10417, 0.72370, -0.24047, 0.38843, 0.15328, 0.10351, 0.46843
50.33978, -0.11882, 0.03268, 0.48223, -0.04905, 0.72275, -0.16905, -0.22042, 0.30384
50.52305, -0.19123, 0.21008, -0.21328, 0.70311, -0.14905, -0.85804, -0.45053, -0.40525
50.82669, -0.21033, 0.25860, 0.00168, 0.27839, -0.47518, -0.28834, -0.50096, -0.55461
51.09565, -0.18894, 0.21694, 0.41646, -0.43995, 0.26236, -0.01084, -0.67490, -0.41971
51.26163, -0.19270, 0.19502, -0.03257, 0.33384, 0.04154, -0.58192, -0.42388, -0.32234
51.43784, -0.23013, 0.18024, -0.57990, 0.77677, -0.45589, -0.89313, -0.11450, -0.41467
51.72892, -0.20419, 0.03112, 0.07409, 0.41821, -0.41466, -0.02258, -0.17179, -0.55971
52.00011, -0.14282, -0.02747, 0.69162, -0.24393, 0.16576, 0.24245, -0.18243, -0.37664
52.12459, -0.09952, 0.04237, -0.01295, 0.17198, 0.25857, -0.44816, -0.27328, 0.01612
52.27487, -0.11064, 0.05368, -0.58281, 0.49109, -0.48859, -0.98537, 0.15377, -0.05809
52.55599, -0.08294, -0.02554, 0.10198, 0.29377, -0.43286, -0.62879, 0.45728, -0.03400
52.84466, -0.10338, -0.05432, 0.72083, -0.39082, 0.35289, -0.19641, 0.01335, 0.30532
52.99655, -0.17799, 0.03139, 0.00613, 0.31019, 0.77448, -0.46115, -0.50792, 0.12041
53.15709, -0.27599, 0.08740, -0.61030, 0.75535, -0.21446, -0.86919, -0.31354, -0.54118
53.43937, -0.27048, 0.02050, 0.13618, 0.58397, -0.45292, -0.12999, -0.28884, -0.54424
53.68977, -0.21806, -0.01448, 0.73501, -0.16868, 0.26993, 0.11007, -0.39929, -0.40021
53.79987, -0.17876, 0.08827, 0.02433, 0.23250, 0.36411, -0.61035, -0.32167, -0.27208
53.93229, -0.18978, 0.12598, -0.63817, 0.55410, -0.43228, -1.01091, 0.02956, -0.39892
54.22437, -0.15837, 0.01362, 0.10221, 0.32059, -0.37282, -0.10620, 0.09395, -0.51244
54.49495, -0.13946, -0.04781, 0.71080, -0.23730, 0.28742, 0.20261, -0.19495, -0.46691
54.62381, -0.13488, 0.02964, -0.00814, 0.24672, 0.58102, -0.50738, -0.39226, -0.32915
54.77866, -0.17417, 0.04332, -0.61581, 0.60616, -0.28215, -1.02803, 0.05942, -0.41169
55.08712, -0.15997, -0.11891, 0.12414, 0.42757, -0.44383, -0.12867, 0.23044, -0.20635
55.36046, -0.11073, -0.07077, 0.41953, 0.00374, 0.28797, 0.16933, -0.15880, -0.01126
55.54206, -0.08744, 0.05034, 0.14849, 0.15497, 0.55092, -0.39425, -0.38330, -0.09290
55.70871, -0.10546, 0.15005, -0.31373, 0.63715, -0.28151, -1.04750, -0.03611, -0.47748
56.00550, -0.08199, 0.11502, 0.09632, 0.26643, -0.35558, -0.29550, 0.21358, -0.22058
56.28599, -0.06497, 0.06306, 0.55475, -0.47587, 0.40396, 0.11226, -0.26014, 0.12445
56.43320, -0.09600, 0.02601, -0.10857, 0.17719, 0.66108, -0.38255, -0.43813, 0.11109
56.60418, -0.16794, -0.06011, -0.56210, 0.62869, -0.24806, -0.90998, 0.14692, -0.21336
56.92048, -0.15825, -0.19402, 0.14948, 0.64816, -0.45111, -0.20600, 0.38302, -0.04285
57.23888, -0.12227, -0.12562, 0.66184, -0.06497, 0.35461, 0.20196, 0.02274, 0.48976
57.42111, -0.12206, 0.01271, 0.14923, 0.09596, 0.73620, -0.29534, -0.31775, 0.25801
57.59051, -0.16961, 0.12571, -0.50858, 0.48554, -0.19641, -1.00877, 0.06658, -0.55001
57.90072, -0.18001, 0.04714, -0.05638, 0.36107, -0.47346, -0.28073, 0.09442, -0.60773
58.21482, -0.15538, 0.03249, 0.58393, -0.20325, 0.13503, 0.14712, -0.35204, -0.27617
58.40393, -0.13871, 0.11970, 0.11694, 0.26931, 0.34252, -0.47136, -0.47470, 0.11356
58.58649, -0.15483, 0.18755, -0.54139, 0.71151, -0.25288, -1.03739, 0.08387, -0.14598
58.91028, -0.13097, 0.09578, 0.01344, 0.46970, -0.45326, -0.20508, 0.11424, -0.64608
59.21346, -0.11305, 0.02429, 0.63038, -0.38627, 0.34427, 0.23202, -0.22064, -0.38058
59.36848, -0.12250, 0.03576, 0.04315, 0.12654, 0.74541, -0.38336, -0.40373, -0.05526
59.53102, -0.17930, 0.03470, -0.57236, 0.61399, -0.24187, -0.99649, 0.01955, -0.19540
59.85240, -0.17782, -0.09939, 0.15156, 0.49243, -0.46373, -0.21132, 0.28313, -0.10331
60.16528, -0.13363, -0.13206, 0.72597, -0.09189, 0.25443, 0.19661, -0.13302, 0.22093
60.33155, -0.10625, -0.01147, -0.02078, 0.25602, 0.68630, -0.40949, -0.37963, 0.22698
60.51977, -0.11806, 0.06237, -0.56063, 0.50018, -0.26386, -1.00802, 0.10699, -0.41811
60.86086, -0.08861, -0.02814, 0.13621, 0.21779, -0.39012, -0.20976, 0.34858, -0.34765
61.19178, -0.09419, -0.04844, 0.69053, -0.33857, 0.35388, 0.26198, 0.01727, 0.35997
61.38908, -0.10520, 0.04500, 0.16878, 0.18820, 0.69084, -0.24944, -0.31882, 0.37886
61.57499, -0.15643, 0.14882, -0.49386, 0.71182, -0.19219, -1.00125, 0.08761, -0.40596
61.90610, -0.16681, 0.08733, 0.03257, 0.51163, -0.48736, -0.29562, 0.08594, -0.57883
62.21704, -0.15955, 0.02139, 0.64453, -0.29431, 0.30645, 0.16903, -0.40214, -0.19952
62.39306, -0.16032, 0.07284, 0.03621, 0.31834, 0.63364, -0.47116, -0.48393, 0.00096
62.58059, -0.19406, 0.10433, -0.56722, 0.73334, -0.26317, -1.00230, 0.07146, -0.32417
62.91973, -0.18327, -0.00899, 0.17195, 0.43795, -0.43902, -0.15160, 0.16129, -0.56174
63.22803, -0.15461, -0.06455, 0.71295, -0.14875, 0.26371, 0.23448, -0.31010, -0.35715
63.39922, -0.12603, 0.03546, -0.01448, 0.24789, 0.33321, -0.45148, -0.49102, -0.15022
63.59356, -0.13797, 0.06528, -0.57283, 0.48244, -0.44270, -0.99376, 0.06770, -0.21231
63.94394, -0.11112, -0.06697, 0.14238, 0.29333, -0.42021, -0.17861, 0.33469, -0.02680
64.28022, -0.09930, -0.10219, 0.72006, -0.18844, 0.20995, 0.27993, 0.00585, 0.00043
64.46653, -0.09361, 0.01900, 0.02320, 0.31806, 0.05606, -0.32005, -0.24293, -0.16782
64.67079, -0.13266, 0.13519, -0.62274, 0.55299, -0.45960, -0.98375, -0.12320, -0.47455
65.04052, -0.10981, 0.11815, 0.20781, -0.13009, -0.24182, -0.23585, 0.10665, -0.44691
65.35651, -0.11408, 0.02958, 0.75184, -0.52787, 0.15677, 0.21766, -0.18599, -0.27107
65.51989, -0.13293, 0.05134, -0.04732, 0.40366, 0.37454, -0.39775, -0.36785, 0.06038
65.71834, -0.18258, 0.07064, -0.55845, 0.71589, -0.18650, -0.98399, 0.10062, -0.21291
66.05916, -0.18822, -0.06138, 0.20418, 0.44865, -0.44655, -0.20061, 0.20204, -0.46087
66.37761, -0.16846, -0.10173, 0.74623, -0.07589, 0.23541, 0.21880, -0.22564, -0.46033
66.54865, -0.15791, 0.01347, -0.04164, 0.24282, 0.69708, -0.47784, -0.45372, -0.33454
66.75017, -0.18986, 0.04774, -0.56105, 0.51496, -0.24483, -1.00130, 0.01622, -0.44852
67.09730, -0.17251, -0.09040, 0.13613, 0.44204, -0.45776, -0.17359, 0.22641, -0.41537
67.42775, -0.13054, -0.11299, 0.72958, -0.13871, 0.27724, 0.18037, -0.18374, -0.09511
67.61248, -0.10769, 0.01251, -0.00824, 0.17251, 0.79614, -0.48742, -0.42133, 0.05140
67.82030, -0.12865, 0.06608, -0.57320, 0.52450, -0.21228, -1.04388, 0.08690, -0.34889
68.18407, -0.10226, -0.03824, 0.16406, 0.23079, -0.44259, -0.19344, 0.36434, -0.19792
68.53102, -0.09174, -0.06870, 0.71591, -0.26962, 0.24547, 0.21740, -0.06959, 0.31076
68.73398, -0.09273, 0.04186, 0.00509, 0.29844, 0.53954, -0.36830, -0.38370, 0.33783
68.95321, -0.12830, 0.13323, -0.59242, 0.61608, -0.25838, -1.02242, 0.08590, -0.33306
69.32937, -0.11758, 0.05667, 0.16755, 0.27371, -0.41985, -0.23504, 0.19226, -0.57034
69.66102, -0.12745, -0.04051, 0.69677, -0.34500, 0.31547, 0.21862, -0.22727, -0.30470
69.84475, -0.16011, -0.01972, -0.00052, 0.38939, 0.71138, -0.41558, -0.43062, -0.10106
70.05444, -0.22350, -0.01048, -0.56493, 0.73192, 0.18671, -1.01452, 0.09426, -0.36292
70.41085, -0.22176, -0.10076, 0.32774, 0.61392, -0.46553, -0.22136, 0.36152, -0.52730
70.72418, -0.19619, -0.13451, 0.84140, -0.03832, 0.18054, 0.29921, -0.24779, -0.09923
70.88363, -0.16352, 0.01959, -0.00379, 0.26464, 0.75608, -0.39805, -0.48302, 0.17895
71.06964, -0.17530, 0.10883, -0.55819, 0.50801, -0.19761, -1.02175, 0.05713, -0.31318
71.40793, -0.15359, 0.00087, 0.14444, 0.34639, -0.43701, -0.21175, 0.22245, -0.51879
71.72051, -0.13461, -0.07187, 0.72232, -0.21557, 0.30575, 0.19716, -0.19797, -0.35604
71.89216, -0.12026, 0.02161, 0.00069, 0.30629, 0.28413, -0.47521, -0.44704, -0.05945
72.08559, -0.14482, 0.05842, -0.62409, 0.58554, -0.50637, -1.04220, 0.08172, -0.23737
72.44249, -0.12045, -0.06025, 0.14825, 0.35360, -0.40734, -0.18930, 0.38691, -0.13596
72.78410, -0.11170, -0.10495, 0.74808, -0.20610, 0.30776, 0.25136, -0.03532, 0.15370
72.97333, -0.11279, 0.01068, -0.03561, 0.26012, 0.71360, -0.35270, -0.37795, 0.15973
73.18973, -0.15403, 0.08677, -0.56619, 0.56653, -0.25914, -1.00516, 0.04809, -0.41722
73.56133, -0.15507, -0.00585, 0.17301, 0.32711, -0.43856, -0.22434, 0.30996, -0.37639
73.90050, -0.13572, -0.07892, 0.73755, -0.18084, 0.29142, 0.30388, -0.20530, 0.03695
74.08652, -0.11493, 0.00828, -0.04372, 0.28727, 0.66538, -0.35245, -0.40745, 0.16968
74.29962, -0.13616, 0.05707, -0.57044, 0.55384, -0.28899, -1.00239, 0.15078, -0.35475
74.67040, -0.11423, -0.04147, 0.18702, 0.19597, -0.45238, -0.22250, 0.36113, -0.27268
75.02449, -0.10053, -0.07942, 0.74708, -0.24817, 0.22464, 0.20688, -0.05899, 0.25736
75.23904, -0.08818, 0.05131, 0.09945, 0.26450, 0.33261, -0.36329, -0.35954, 0.28480
75.45761, -0.11423, 0.16859, -0.58999, 0.59805, -0.39287, -1.02455, 0.02173, -0.40600
75.83181, -0.09592, 0.11001, 0.04017, 0.31766, -0.41874, -0.24520, 0.10962, -0.52558
76.17713, -0.09324, 0.02371, 0.65173, -0.34638, 0.36666, 0.20987, -0.24650, -0.35310
76.36909, -0.11922, 0.01515, -0.02170, 0.13509, 0.77772, -0.41732, -0.39887, -0.15662
76.58073, -0.19707, -0.03948, -0.61290, 0.62839, -0.21392, -1.00096, 0.14958, -0.32339
76.94972, -0.18034, -0.15305, 0.16344, 0.65631, -0.46177, -0.23176, 0.35693, -0.09666
77.30176, -0.12839, -0.15526, 0.76995, -0.12527, 0.38444, 0.20914, -0.16182, 0.36481
77.49590, -0.10322, -0.01842, 0.01851, 0.21365, 0.80203, -0.40903, -0.43802, 0.46055
77.70484, -0.11928, 0.06764, -0.62264, 0.48914, -0.22242, -1.02375, 0.09948, -0.25571
78.07767, -0.08848, -0.00729, 0.10726, 0.16559, -0.42752, -0.21274, 0.37241, -0.37616
78.43972, -0.09847, -0.03650, 0.69712, -0.34614, 0.31305, 0.30436, 0.08362, 0.24236
78.67154, -0.11434, 0.01400, 0.35099, 0.21508, 0.60142, -0.16304, -0.22198, 0.33029
78.87284, -0.16776, 0.13939, -0.34897, 0.77201, -0.22203, -0.96162, -0.10174, -0.31520
79.22245, -0.18485, 0.12014, 0.04713, 0.42613, -0.48268, -0.34548, 0.07136, -0.49115
79.56072, -0.17171, 0.07111, 0.60535, -0.29841, 0.30342, 0.35139, -0.46650, -0.26029
79.77252, -0.15353, 0.08967, 0.25174, 0.21753, 0.33665, -0.19091, -0.45433, 0.07718
79.95557, -0.17739, 0.15821, -0.44748, 0.71111, -0.35743, -0.91188, -0.12355, -0.20081
80.28125, -0.16619, 0.08563, 0.00507, 0.41308, -0.43928, -0.23909, -0.04456, -0.40225
80.59374, -0.13047, 0.02272, 0.62163, -0.30943, 0.24786, 0.15902, -0.33524, -0.48681
80.77619, -0.10076, 0.08113, 0.06787, 0.20944, 0.37631, -0.49234, -0.42604, -0.06468
80.96437, -0.11113, 0.10430, -0.56067, 0.64622, -0.36847, -1.02800, 0.10808, -0.04084
81.30897, -0.07717, -0.00861, 0.13724, 0.36038, -0.40948, -0.22876, 0.26830, -0.04790
81.63088, -0.07133, -0.08735, 0.69306, -0.39902, 0.40269, 0.18289, -0.09554, 0.18716
81.80556, -0.10081, -0.05293, 0.00714, 0.30517, 0.81258, -0.37962, -0.36291, 0.12808
81.99762, -0.16500, -0.02793, -0.60138, 0.72613, -0.24523, -1.00505, 0.11263, -0.41751
82.34261, -0.16007, -0.13264, 0.17193, 0.49266, -0.45755, -0.22814, 0.33331, -0.28105
82.68511, -0.13570, -0.11757, 0.74626, -0.13881, 0.28079, 0.29330, -0.11339, 0.36193
82.87783, -0.11947, -0.00038, 0.11524, 0.18734, 0.75675, -0.25484, -0.40234, 0.36666
83.06942, -0.14804, 0.09266, -0.52091, 0.54958, -0.14572, -0.97077, 0.07436, -0.37284
83.41057, -0.14579, 0.02535, 0.00130, 0.37081, -0.48402, -0.26002, 0.29534, -0.38896
83.74215, -0.11843, -0.02938, 0.62674, -0.24809, 0.27014, 0.26371, -0.22907, -0.01415
83.93377, -0.09205, 0.05526, 0.03054, 0.32324, 0.18040, -0.36314, -0.43107, 0.15063
84.13457, -0.10234, 0.13077, -0.59113, 0.65651, -0.49914, -1.00787, 0.03794, -0.34230
84.49633, -0.06074, 0.09111, 0.12745, 0.10007, -0.42385, -0.24824, 0.29379, -0.27938
84.82777, -0.05969, 0.02318, 0.63973, -0.54064, 0.34962, 0.18031, -0.09840, 0.18776
85.01239, -0.10386, -0.00780, -0.10791, 0.26545, 0.77441, -0.33664, -0.34289, 0.25732
85.22850, -0.18808, -0.05142, -0.57024, 0.70423, -0.16395, -0.93168, 0.10894, -0.35877
85.58802, -0.18604, -0.15348, 0.19735, 0.66306, -0.52982, -0.24738, 0.29337, -0.32352
85.93689, -0.13190, -0.10987, 0.72746, -0.15055, 0.37956, 0.25220, -0.14264, 0.28201
86.12064, -0.10029, 0.01504, -0.02781, 0.11471, 0.80554, -0.30180, -0.40608, 0.43516
86.32277, -0.11866, 0.06635, -0.55953, 0.50259, -0.26205, -0.91119, 0.11874, -0.17615
86.67877, -0.09939, -0.00544, 0.15039, 0.22124, -0.39787, -0.22915, 0.36176, -0.26643
87.01262, -0.09863, -0.05991, 0.70414, -0.31142, 0.37496, 0.20525, -0.08124, 0.21254
87.20112, -0.11212, 0.02612, -0.02726, 0.31582, 0.57267, -0.37347, -0.38970, 0.29078
87.41478, -0.15766, 0.09315, -0.55407, 0.62896, -0.17100, -0.99907, 0.07943, -0.38275
87.77528, -0.16214, -0.01828, 0.21453, 0.42818, -0.45918, -0.21515, 0.17236, -0.54130
88.10290, -0.16153, -0.09575, 0.77153, -0.15475, 0.32419, 0.19910, -0.27300, -0.16713
88.29007, -0.15803, 0.01759, -0.01341, 0.33932, 0.68605, -0.48622, -0.46114, -0.00572
88.50647, -0.18789, 0.08235, -0.56291, 0.60265, -0.27588, -1.03254, 0.05662, -0.38433
88.87210, -0.17612, -0.03940, 0.17338, 0.38970, -0.39548, -0.16774, 0.23229, -0.59852
89.21087, -0.15129, -0.08196, 0.72902, -0.17187, 0.32505, 0.25048, -0.20324, -0.32703
89.39931, -0.14010, 0.01434, -0.02907, 0.21643, 0.66659, -0.44055, -0.43452, -0.11037
89.61580, -0.17354, 0.04403, -0.55995, 0.52847, -0.25783, -1.03298, 0.10225, -0.35967
89.98818, -0.16502, -0.09549, 0.19039, 0.35760, -0.43617, -0.19145, 0.37654, -0.14978
90.33755, -0.12741, -0.13708, 0.78691, -0.15045, 0.24864, 0.27804, -0.13871, 0.23649
90.52537, -0.10281, -0.02228, -0.02474, 0.22686, 0.82101, -0.37187, -0.37931, 0.18864
90.74172, -0.12348, 0.03892, -0.57092, 0.52275, -0.22680, -1.00627, 0.13047, -0.44715
91.11372, -0.09440, -0.05191, 0.18014, 0.13993, -0.44488, -0.22051, 0.32677, -0.25611
91.47750, -0.09347, -0.05051, 0.71375, -0.28869, 0.21992, 0.25209, 0.03187, 0.47862
91.72701, -0.10439, 0.02569, 0.56111, 0.23557, -0.01442, -0.17993, -0.25222, 0.27806
91.93259, -0.13516, 0.20869, -0.19657, 0.74340, -0.45329, -0.99589, -0.14532, -0.49091
92.27696, -0.14273, 0.23410, -0.07474, 0.41547, -0.41773, -0.33907, -0.06706, -0.45455
92.60584, -0.13020, 0.19473, 0.37794, -0.27759, 0.22014, 0.30394, -0.52266, -0.25355
92.80029, -0.13990, 0.12669, -0.09364, 0.24602, 0.14149, -0.23569, -0.40130, 0.00541
92.99457, -0.20146, 0.06977, -0.60146, 0.59869, -0.47017, -0.84754, 0.08561, -0.27986
93.34118, -0.20399, -0.06234, 0.15736, 0.54153, -0.44870, -0.17083, 0.13225, -0.42399
93.65936, -0.16268, -0.10924, 0.76223, -0.12401, 0.34658, 0.18505, -0.18708, -0.41218
93.82819, -0.13729, 0.00384, 0.03135, 0.24594, 0.20891, -0.50278, -0.39047, -0.29969
94.01907, -0.15949, 0.03394, -0.61691, 0.51330, -0.45095, -1.04202, 0.08555, -0.39462
94.37453, -0.12646, -0.09620, 0.17334, 0.23949, -0.37604, -0.16278, 0.36134, -0.04234
94.71266, -0.09253, -0.10759, 0.74205, -0.25827, 0.21882, 0.22981, -0.05282, 0.36167
94.89506, -0.08447, 0.00447, -0.02479, 0.23360, 0.45855, -0.36866, -0.33379, 0.21744
95.10562, -0.11864, 0.07423, -0.56524, 0.54887, -0.18957, -1.00013, 0.10056, -0.50457
95.47140, -0.10677, -0.01018, 0.22728, 0.22442, -0.44704, -0.23409, 0.29591, -0.25701
95.80716, -0.10864, -0.07912, 0.76883, -0.30318, 0.32761, 0.19045, -0.18136, 0.33491
95.99836, -0.11676, 0.01687, -0.03045, 0.34172, 0.78426, -0.41989, -0.42568, 0.33406
96.22082, -0.15476, 0.08668, -0.55835, 0.66511, -0.19200, -0.98886, 0.06902, -0.43982
96.58698, -0.15013, -0.02004, 0.18332, 0.43459, -0.44235, -0.19140, 0.18244, -0.45775
96.91959, -0.14170, -0.10438, 0.74659, -0.14499, 0.32279, 0.21103, -0.25488, 0.00680
97.11243, -0.13700, -0.01484, 0.00195, 0.33427, 0.80245, -0.45958, -0.44640, 0.21726
97.32934, -0.16996, 0.03525, -0.60117, 0.64367, -0.18318, -1.01422, 0.05240, -0.30187
97.70017, -0.15571, -0.07404, 0.15243, 0.37072, -0.45528, -0.17250, 0.34080, -0.27546
98.05217, -0.12460, -0.10736, 0.73555, -0.12389, 0.21513, 0.27570, -0.11167, 0.15058
98.25211, -0.10247, 0.00899, -0.01725, 0.22280, 0.76660, -0.35024, -0.37243, 0.20891
98.47115, -0.12776, 0.08220, -0.60833, 0.53149, -0.17206, -0.99942, 0.07240, -0.39831
98.84934, -0.10835, -0.00283, 0.14613, 0.22799, -0.49971, -0.22072, 0.30518, -0.34662
99.20488, -0.10255, -0.06282, 0.71655, -0.30267, 0.31639, 0.22746, -0.10480, 0.12615
99.41678, -0.10144, 0.03863, 0.00970, 0.31891, 0.59443, -0.36886, -0.38090, 0.20538
99.64512, -0.13203, 0.13625, -0.58329, 0.61928, -0.30261, -1.02532, 0.05755, -0.40737
100.02614, -0.11683, 0.05845, 0.12020, 0.29506, -0.37722, -0.23493, 0.15891, -0.52659
100.37017, -0.11403, -0.02957, 0.69220, -0.36666, 0.44160, 0.21927, -0.20871, -0.41518
100.56717, -0.12375, 0.02679, 0.06340, 0.15773, 0.39257, -0.43450, -0.40783, -0.28787
100.77509, -0.18000, 0.03928, -0.58312, 0.54245, -0.50247, -1.04194, 0.09390, -0.42499
101.15015, -0.17815, -0.09630, 0.14638, 0.47379, -0.45747, -0.19329, 0.36680, -0.33050
101.50079, -0.14139, -0.13244, 0.74198, -0.10196, 0.34420, 0.29465, -0.10973, 0.06335
101.69120, -0.11993, -0.02094, -0.02300, 0.23391, 0.75519, -0.34566, -0.38466, 0.26845
101.90539, -0.14445, 0.04051, -0.56139, 0.51616, -0.28440, -1.00026, 0.11655, -0.24534
102.27628, -0.12791, -0.06524, 0.16738, 0.30122, -0.45998, -0.22595, 0.34947, -0.25878
102.63284, -0.11399, -0.09516, 0.74107, -0.19009, 0.24173, 0.22217, -0.08566, 0.20909
102.84732, -0.10611, 0.03253, 0.05748, 0.28222, 0.75574, -0.35766, -0.37400, 0.23874
103.06984, -0.13353, 0.15218, -0.58673, 0.59259, -0.14046, -1.03158, 0.03596, -0.43144
103.43349, -0.11561, 0.09266, -0.04556, 0.26799, -0.48742, -0.26312, 0.09194, -0.43510
103.77606, -0.09369, 0.01200, 0.55800, -0.39120, 0.32894, 0.19490, -0.23959, -0.40097
103.98823, -0.08220, 0.04879, 0.06091, 0.26841, 0.11870, -0.41394, -0.34685, -0.15002
104.19894, -0.10758, 0.08602, -0.61301, 0.67780, -0.47948, -1.03380, 0.15237, -0.24470
104.56626, -0.08327, 0.00413, 0.04328, 0.37961, -0.39556, -0.26411, 0.34477, -0.17924
104.92070, -0.08825, -0.05234, 0.66754, -0.38135, 0.36979, 0.20286, -0.06980, 0.24106
105.12376, -0.12446, -0.00382, -0.00549, 0.29148, 0.80452, -0.32476, -0.36859, 0.26357
105.33987, -0.19638, 0.04047, -0.60922, 0.72835, -0.15959, -0.97094, 0.08255, -0.40618
105.70380, -0.20999, -0.06930, 0.19156, 0.45114, -0.50956, -0.21031, 0.15130, -0.56271
106.04093, -0.18303, -0.08095, 0.77079, -0.13335, 0.23455, 0.19725, -0.31542, -0.18515
106.22880, -0.17112, 0.04080, 0.05036, 0.23150, 0.81528, -0.48732, -0.46654, 0.03668
106.43173, -0.20312, 0.10144, -0.59363, 0.62752, -0.21267, -1.03059, 0.06449, -0.33411
106.78556, -0.18607, -0.02151, 0.14303, 0.40549, -0.44517, -0.18087, 0.11897, -0.56591
107.11355, -0.15737, -0.08123, 0.74161, -0.15574, 0.24702, 0.21462, -0.23054, -0.21754
107.29003, -0.14453, 0.00329, -0.02826, 0.23930, 0.76992, -0.46060, -0.39502, -0.07796
107.49612, -0.17597, 0.02496, -0.55258, 0.55118, -0.14529, -1.01734, 0.12318, -0.39785
107.85088, -0.16647, -0.11584, 0.18786, 0.37645, -0.49717, -0.20178, 0.36468, -0.18625
108.18888, -0.12512, -0.13615, 0.75751, -0.13194, 0.19749, 0.21639, -0.13606, 0.31656
108.37182, -0.10436, -0.00930, -0.02338, 0.26119, 0.75635, -0.41563, -0.41347, 0.35137
108.58163, -0.12291, 0.06565, -0.56032, 0.56842, -0.21532, -1.01061, 0.06936, -0.27165
108.94510, -0.09453, -0.00914, 0.18442, 0.17869, -0.43851, -0.21890, 0.33583, -0.26656
109.28521, -0.09345, -0.05546, 0.71373, -0.33105, 0.28340, 0.20724, -0.07265, 0.22718
109.48317, -0.10301, 0.04327, -0.00635, 0.36125, 0.53964, -0.36373, -0.37389, 0.26300
109.69991, -0.14495, 0.14182, -0.60346, 0.71193, -0.30229, -0.99926, -0.02360, -0.42476
110.06634, -0.13567, 0.07292, 0.15103, 0.37106, -0.43169, -0.22493, 0.07471, -0.51668
110.38724, -0.13404, -0.02284, 0.69820, -0.37982, 0.36642, 0.19587, -0.27608, -0.39076
110.56254, -0.15123, 0.00723, 0.05584, 0.21367, 0.81305, -0.47087, -0.40658, -0.21746
110.75389, -0.20916, 0.00037, -0.57245, 0.66536, -0.21411, -0.99881, 0.12922, -0.39980
111.10080, -0.19430, -0.09116, 0.08068, 0.61112, -0.44965, -0.14875, 0.34339, -0.47050
111.43157, -0.14379, -0.05519, 0.70189, -0.20194, 0.35703, 0.29851, -0.17050, -0.11018
111.59973, -0.12246, 0.05755, -0.02140, 0.12245, 0.80613, -0.37856, -0.41949, 0.15466
111.79063, -0.15293, 0.10582, -0.55684, 0.54120, -0.24411, -1.01364, 0.10560, -0.31835
112.13472, -0.14204, -0.01786, 0.17348, 0.37440, -0.44826, -0.22445, 0.21894, -0.40147
112.45335, -0.13118, -0.09932, 0.75048, -0.19074, 0.30630, 0.18386, -0.23281, -0.05826
112.63264, -0.12217, 0.00026, -0.00619, 0.31454, 0.64988, -0.48223, -0.43888, 0.09912
112.83938, -0.14744, 0.05243, -0.57211, 0.60053, -0.09315, -1.04063, 0.10284, -0.36502
113.20013, -0.12859, -0.05404, 0.20258, 0.29950, -0.44111, -0.18933, 0.37121, -0.25294
113.54036, -0.11409, -0.09277, 0.75205, -0.20635, 0.24790, 0.24018, -0.10848, 0.24673
113.73760, -0.10400, 0.02643, 0.02534, 0.28136, 0.75200, -0.37649, -0.40105, 0.28342
113.95204, -0.13287, 0.11380, -0.56895, 0.65250, -0.18717, -1.03517, 0.09916, -0.38668
114.32255, -0.12301, 0.03181, 0.15005, 0.42992, -0.46624, -0.24366, 0.28532, -0.41708
114.65783, -0.11894, -0.03874, 0.67564, -0.35010, 0.27855, 0.25800, -0.16406, 0.09605
114.84174, -0.13246, 0.01354, 0.00892, 0.29585, 0.74317, -0.34061, -0.37422, 0.26088
115.03853, -0.18384, 0.06791, -0.59583, 0.69912, -0.18824, -1.00414, 0.10785, -0.33750
115.38766, -0.18463, -0.03983, 0.17957, 0.45144, -0.48503, -0.22976, 0.18251, -0.57204
115.71303, -0.17045, -0.07865, 0.73207, -0.13312, 0.28861, 0.19621, -0.26562, -0.36001
115.89607, -0.16389, 0.03424, 0.00028, 0.26450, 0.73194, -0.47778, -0.45186, -0.18900
116.09774, -0.19899, 0.08749, -0.60934, 0.61422, -0.23461, -1.04222, 0.05272, -0.34968
116.45330, -0.18557, -0.03851, 0.15743, 0.41189, -0.44592, -0.17472, 0.20320, -0.56395
116.78083, -0.15117, -0.09433, 0.74702, -0.14230, 0.22746, 0.23183, -0.25437, -0.35086
116.95939, -0.12939, -0.00543, -0.01354, 0.22064, 0.78348, -0.47687, -0.44823, -0.20979
117.16540, -0.15300, 0.00840, -0.57091, 0.55746, -0.17001, -1.03045, 0.09993, -0.40263
117.52125, -0.12989, -0.14032, 0.14323, 0.37635, -0.50770, -0.18033, 0.38459, -0.09949
117.88029, -0.10355, -0.09904, 0.69592, -0.17437, 0.18812, 0.30014, 0.07049, 0.45761
118.11856, -0.09637, -0.00036, 0.46458, 0.00945, 0.67206, -0.16429, -0.24458, 0.30175
118.31168, -0.13388, 0.14309, -0.24141, 0.63409, -0.14427, -1.00518, -0.03645, -0.38196
118.64536, -0.14385, 0.12156, -0.02570, 0.46255, -0.35120, -0.37432, 0.12328, -0.46784
118.96970, -0.12798, 0.07900, 0.49512, -0.39745, 0.32307, 0.17959, -0.33694, -0.29534
119.15875, -0.14211, 0.08192, -0.00213, 0.21008, 0.70334, -0.35384, -0.42165, -0.07053
119.34420, -0.19589, 0.08546, -0.58221, 0.72824, -0.21685, -0.95598, 0.08081, -0.32811
119.67181, -0.20154, -0.03897, 0.08795, 0.51517, -0.43511, -0.20231, 0.16049, -0.55568
119.98856, -0.16426, -0.07732, 0.72023, -0.11032, 0.19132, 0.20588, -0.28594, -0.39281
120.15687, -0.13979, 0.01907, -0.02307, 0.21757, 0.75329, -0.48344, -0.42460, -0.26707
120.35048, -0.16005, 0.04289, -0.55630, 0.55220, -0.19413, -1.02494, 0.12026, -0.42163
120.69698, -0.13957, -0.09215, 0.17891, 0.35689, -0.43558, -0.17552, 0.38062, -0.10033
121.03174, -0.11047, -0.12000, 0.74653, -0.16538, 0.21404, 0.21353, -0.05184, 0.38438
121.21615, -0.09745, 0.00330, -0.01768, 0.23393, 0.43837, -0.38386, -0.36590, 0.28652
121.42646, -0.12714, 0.07458, -0.55536, 0.48847, -0.40229, -0.99938, 0.08367, -0.49652
121.79165, -0.11601, -0.02575, 0.16552, 0.28133, -0.40974, -0.22417, 0.32179, -0.26006
122.13084, -0.11305, -0.10048, 0.73075, -0.23726, 0.41534, 0.20661, -0.16277, 0.31140
122.32600, -0.11691, -0.00260, -0.00444, 0.34037, 0.42935, -0.41140, -0.43724, 0.36491
122.54290, -0.15517, 0.06248, -0.60498, 0.60797, -0.45976, -1.02486, 0.10793, -0.37696
122.92242, -0.14795, -0.03421, 0.17172, 0.36000, -0.42936, -0.20130, 0.36800, -0.39449
123.27109, -0.13596, -0.10240, 0.75865, -0.15315, 0.28930, 0.31102, -0.15904, 0.10681
123.46345, -0.12529, -0.00578, -0.05082, 0.29857, 0.79636, -0.34798, -0.41627, 0.24354
123.68529, -0.15564, 0.05417, -0.57369, 0.55694, -0.20562, -1.01678, 0.12409, -0.36354
124.06207, -0.14801, -0.05671, 0.15660, 0.34495, -0.44053, -0.22799, 0.35325, -0.35779
124.41865, -0.12529, -0.09495, 0.74846, -0.19091, 0.24990, 0.26648, -0.15465, 0.13754
124.61747, -0.11521, 0.00979, -0.03345, 0.22804, 0.68380, -0.35099, -0.42218, 0.27127
124.84108, -0.14862, 0.06141, -0.56922, 0.54015, -0.26028, -0.98544, 0.12051, -0.31691
125.22282, -0.14413, -0.04364, 0.19142, 0.33148, -0.43829, -0.21491, 0.35968, -0.30640
125.57717, -0.12910, -0.10871, 0.77461, -0.17299, 0.29739, 0.29305, -0.14246, 0.15576
125.77551, -0.11467, -0.00089, -0.03863, 0.30117, 0.75810, -0.34952, -0.40474, 0.23045
126.00368, -0.13824, 0.07109, -0.56936, 0.54422, -0.05563, -1.00764, 0.12679, -0.41376
126.38321, -0.12514, -0.01876, 0.13787, 0.26324, -0.44852, -0.23598, 0.35616, -0.36785
126.74182, -0.10691, -0.06092, 0.69526, -0.21938, 0.23867, 0.26065, -0.12574, 0.06378
126.95611, -0.09456, 0.03611, 0.03220, 0.29983, 0.67498, -0.33582, -0.37967, 0.16616
127.18124, -0.11341, 0.13025, -0.55560, 0.56127, -0.20104, -1.00821, 0.12257, -0.39034
127.55966, -0.09684, 0.04855, 0.11267, 0.26540, -0.47041, -0.23857, 0.22514, -0.46569
127.90867, -0.09962, -0.03723, 0.65659, -0.39044, 0.35852, 0.20016, -0.14748, -0.18019
128.11260, -0.13159, -0.01578, 0.02565, 0.35325, 0.57110, -0.39102, -0.37325, -0.04296
128.33076, -0.19632, 0.00548, -0.57090, 0.74707, -0.35733, -1.01550, 0.11188, -0.37613
128.70522, -0.19892, -0.09888, 0.19346, 0.53437, -0.47372, -0.21523, 0.35290, -0.46894
129.05281, -0.16720, -0.11160, 0.78418, -0.12886, 0.34854, 0.31484, -0.18622, -0.11774
129.23833, -0.14321, 0.02643, -0.01282, 0.21962, 0.81776, -0.35631, -0.44105, 0.13860
129.44832, -0.16396, 0.10931, -0.55556, 0.52554, -0.21448, -1.01763, 0.09248, -0.30847
129.81208, -0.14536, 0.00659, 0.17399, 0.29586, -0.43926, -0.22042, 0.21845, -0.47040
130.14170, -0.12839, -0.07350, 0.73771, -0.24385, 0.31481, 0.22909, -0.20105, -0.46202
130.32612, -0.11463, 0.01385, -0.00890, 0.33489, 0.45829, -0.45182, -0.43785, -0.30943
130.53445, -0.13490, 0.05936, -0.60554, 0.59356, -0.35610, -1.05616, 0.08015, -0.31399
130.90165, -0.10858, -0.05831, 0.14706, 0.33030, -0.45056, -0.22229, 0.37236, 0.03748
131.25252, -0.10378, -0.11166, 0.75955, -0.21744, 0.16148, 0.20906, -0.07450, 0.47216
131.44969, -0.10975, 0.00670, -0.01871, 0.29796, 0.69727, -0.37883, -0.39776, 0.24909
131.67433, -0.14967, 0.09068, -0.55536, 0.59803, -0.16397, -0.99563, 0.06603, -0.57356
132.04414, -0.14092, -0.00354, 0.19478, 0.27176, -0.50203, -0.21682, 0.17452, -0.44539
132.38297, -0.12091, -0.05172, 0.72127, -0.24353, 0.26607, 0.20078, -0.23808, -0.40665
132.57871, -0.10738, 0.04849, -0.05536, 0.31462, 0.72669, -0.47458, -0.45190, -0.23483
132.80457, -0.12481, 0.10344, -0.56116, 0.62957, -0.23373, -1.04228, 0.07864, -0.37327
133.17698, -0.09985, -0.01087, 0.17405, 0.35884, -0.44196, -0.23848, 0.25103, -0.21672
133.52219, -0.09207, -0.10092, 0.73300, -0.29880, 0.37512, 0.18622, -0.18658, 0.12100
133.72394, -0.09654, -0.02040, 0.05037, 0.27795, 0.41885, -0.43440, -0.42295, 0.08283
133.94042, -0.13885, 0.02843, -0.61220, 0.59395, -0.45703, -1.03548, 0.07207, -0.47864
134.31880, -0.11953, -0.07478, 0.16596, 0.22057, -0.43060, -0.20613, 0.33820, -0.24338
134.69046, -0.10863, -0.07316, 0.77811, -0.25027, 0.12837, 0.28036, -0.00464, 0.47019
134.92425, -0.10281, 0.02238, 0.35288, 0.17302, 0.61893, -0.21909, -0.30313, 0.27587
135.13384, -0.13597, 0.14579, -0.34936, 0.70805, -0.14362, -1.00793, 0.05728, -0.52582
135.48114, -0.12848, 0.10154, -0.00689, 0.38256, -0.44518, -0.33173, 0.02495, -0.38250
135.81215, -0.10476, 0.04751, 0.52493, -0.37627, 0.14453, 0.12708, -0.33003, -0.44246
136.01745, -0.09457, 0.10470, 0.07280, 0.20158, -0.03048, -0.45536, -0.42633, -0.38415
136.21365, -0.11940, 0.14421, -0.62565, 0.65376, -0.46154, -1.02624, 0.08052, -0.43443
136.56604, -0.09398, 0.04652, 0.04174, 0.39088, -0.37001, -0.22415, 0.19698, -0.25451
136.89592, -0.08101, -0.05736, 0.70105, -0.42390, 0.37197, 0.16978, -0.09192, -0.11407
137.07999, -0.08870, -0.01187, 0.12609, 0.04668, 0.76621, -0.42220, -0.34127, 0.10281
137.26603, -0.14646, 0.00130, -0.56746, 0.55338, -0.24544, -1.01917, 0.09093, -0.20904
137.61012, -0.14926, -0.14784, 0.09859, 0.41199, -0.44879, -0.19793, 0.32885, -0.16773
137.95784, -0.12232, -0.10927, 0.69485, -0.12413, 0.14007, 0.25462, 0.01275, 0.32148
138.16037, -0.11740, 0.02013, 0.15028, 0.16936, 0.73287, -0.26450, -0.32607, 0.34398
138.35017, -0.15893, 0.13259, -0.54482, 0.64374, -0.10005, -0.99647, 0.07402, -0.31882
138.68426, -0.15942, 0.07559, -0.03478, 0.47846, -0.47386, -0.28984, 0.11680, -0.59734
139.00079, -0.14574, 0.02032, 0.57030, -0.26759, 0.32195, 0.17658, -0.35195, -0.28130
139.18474, -0.14384, 0.07707, -0.00068, 0.33482, 0.38869, -0.44863, -0.46769, -0.10036
139.37864, -0.17273, 0.12278, -0.57965, 0.68389, -0.32467, -1.01921, 0.05828, -0.39750
139.72593, -0.15727, 0.01125, 0.19556, 0.40106, -0.42622, -0.18643, 0.20135, -0.56580
140.03923, -0.14396, -0.07913, 0.76295, -0.21392, 0.34480, 0.24351, -0.23317, -0.28252
140.21035, -0.13226, -0.00417, 0.01838, 0.27441, 0.79276, -0.43855, -0.43247, -0.06773
140.40313, -0.16342, 0.02357, -0.60000, 0.61408, -0.18252, -1.04425, 0.12460, -0.35360
140.75450, -0.14604, -0.11311, 0.15704, 0.38690, -0.46548, -0.19244, 0.37941, -0.16343
141.10080, -0.11405, -0.13170, 0.75569, -0.14130, 0.19175, 0.20363, -0.01681, 0.32327
141.29637, -0.09971, -0.00038, -0.00683, 0.21541, 0.78825, -0.37389, -0.32294, 0.29748
141.51208, -0.13443, 0.08913, -0.61714, 0.57457, -0.06860, -0.98821, -0.03391, -0.43316
141.88216, -0.11558, 0.02487, 0.16341, 0.19585, -0.47578, -0.22834, 0.20758, -0.26937
142.22127, -0.10092, -0.05114, 0.71873, -0.33456, 0.31101, 0.20574, -0.18928, 0.21535
142.41866, -0.09079, 0.03088, -0.01638, 0.31201, 0.69931, -0.39804, -0.39434, 0.29628
142.63622, -0.11456, 0.09576, -0.60878, 0.66893, -0.19207, -1.00728, 0.12438, -0.35440
143.01399, -0.08982, 0.03462, 0.18673, 0.19775, -0.49708, -0.22084, 0.34674, -0.35210
143.36007, -0.09429, -0.03131, 0.72854, -0.45020, 0.34617, 0.24116, -0.09538, 0.11754
143.55660, -0.11151, 0.03606, -0.01099, 0.33361, 0.70087, -0.35513, -0.37193, 0.22699
143.77273, -0.15977, 0.11073, -0.61663, 0.69177, -0.24282, -1.02077, 0.09071, -0.37991
144.13945, -0.15849, 0.01729, 0.09792, 0.41108, -0.41368, -0.22645, 0.14616, -0.56647
144.47461, -0.14897, -0.05974, 0.68750, -0.17785, 0.32395, 0.22180, -0.30032, -0.37443
144.67251, -0.13728, 0.03190, 0.01940, 0.34216, 0.46200, -0.46296, -0.45623, -0.24524
144.88554, -0.15783, 0.09450, -0.60323, 0.59573, -0.38298, -1.05494, 0.09325, -0.42939
145.25637, -0.13100, -0.01524, 0.13945, 0.29251, -0.43741, -0.20778, 0.25384, -0.45925
145.60566, -0.11134, -0.07082, 0.72898, -0.24563, 0.30072, 0.23561, -0.16666, -0.33670
145.80745, -0.10007, 0.02504, 0.00568, 0.26070, 0.51124, -0.42325, -0.42448, -0.19495
146.02698, -0.13046, 0.07313, -0.62708, 0.59412, -0.35746, -1.05349, 0.08879, -0.39873
146.40742, -0.10981, -0.03301, 0.10655, 0.31337, -0.46469, -0.22956, 0.36116, -0.11276
146.77189, -0.09834, -0.08823, 0.71351, -0.26307, 0.29077, 0.23669, -0.11068, 0.32679
146.98374, -0.10314, -0.00337, -0.02314, 0.24347, 0.79863, -0.34371, -0.40281, 0.24641
147.21799, -0.14624, 0.04960, -0.55675, 0.59490, -0.19171, -0.99036, 0.10905, -0.47415
147.60133, -0.14665, -0.05149, 0.13233, 0.35476, -0.43729, -0.23471, 0.33342, -0.28060
147.96456, -0.11949, -0.09083, 0.71904, -0.16122, 0.25986, 0.28380, -0.18699, 0.10707
148.17434, -0.10259, 0.00763, -0.00292, 0.20561, 0.79278, -0.32543, -0.41322, 0.09197
148.39603, -0.12922, 0.06945, -0.61839, 0.48198, -0.09751, -1.00866, 0.14416, -0.43315
148.77925, -0.11528, -0.03123, 0.10984, 0.23469, -0.46887, -0.23987, 0.37287, -0.28555
149.14958, -0.10065, -0.08196, 0.72037, -0.21492, 0.22627, 0.24799, -0.09003, 0.18294
149.37201, -0.09015, 0.02664, 0.02688, 0.30486, 0.66674, -0.33435, -0.37793, 0.20271
149.60608, -0.11579, 0.12437, -0.59496, 0.63233, -0.16222, -1.01742, 0.06930, -0.41721
150.00244, -0.09660, 0.07724, 0.16840, 0.18210, -0.49034, -0.25762, 0.29657, -0.34136
150.35892, -0.09056, -0.02094, 0.70203, -0.48827, 0.33000, 0.28187, -0.14430, 0.14839
150.56358, -0.09941, -0.00385, 0.01944, 0.20117, 0.83469, -0.28883, -0.35047, 0.31686
150.78107, -0.15301, 0.01651, -0.57289, 0.64331, -0.24071, -0.95547, 0.09242, -0.29703
151.15238, -0.15787, -0.10358, 0.14446, 0.41722, -0.45023, -0.23272, 0.28819, -0.32857
151.51853, -0.13492, -0.11783, 0.75356, -0.13360, 0.22286, 0.30806, -0.10179, 0.28589
151.72141, -0.11605, -0.00844, 0.02336, 0.19951, 0.77343, -0.24732, -0.36877, 0.33756
151.93302, -0.14637, 0.05904, -0.59924, 0.54427, -0.10614, -0.95000, 0.15673, -0.36473
152.30756, -0.13873, -0.02190, 0.15432, 0.31799, -0.48685, -0.23296, 0.34085, -0.37726
152.65845, -0.12074, -0.07318, 0.73913, -0.22778, 0.27456, 0.27377, -0.17318, 0.14558
152.85735, -0.10836, 0.02006, -0.01638, 0.27605, 0.79674, -0.34927, -0.40155, 0.26058
153.07754, -0.13618, 0.08464, -0.57839, 0.61414, -0.16853, -1.00758, 0.12633, -0.32063
153.45100, -0.12234, 0.00840, 0.12024, 0.26515, -0.51045, -0.25357, 0.34214, -0.31082
153.80197, -0.10304, -0.04859, 0.67157, -0.29125, 0.30492, 0.26605, -0.13183, 0.11128
154.00719, -0.09410, 0.01972, -0.01301, 0.29047, 0.74606, -0.29970, -0.36780, 0.18829
154.22515, -0.12255, 0.08616, -0.59620, 0.64365, -0.21088, -0.97139, 0.06497, -0.34913
154.59660, -0.10447, 0.02133, 0.10800, 0.24334, -0.42542, -0.26023, 0.28769, -0.28391
154.94855, -0.09365, -0.04128, 0.69202, -0.33446, 0.27928, 0.22765, -0.15233, 0.17939
155.15993, -0.09084, 0.03414, 0.08786, 0.34672, 0.27595, -0.33735, -0.38984, 0.23911
155.37564, -0.12142, 0.11150, -0.58825, 0.72514, -0.24673, -1.00918, 0.09822, -0.35743
155.75148, -0.10738, 0.06187, 0.11238, 0.33945, -0.41565, -0.24275, 0.26435, -0.36265
156.09646, -0.10537, -0.01287, 0.69759, -0.46118, 0.36757, 0.27033, -0.18462, 0.08788
156.28565, -0.12632, 0.00730, 0.01929, 0.26500, 0.80634, -0.32602, -0.36944, 0.22748
156.48823, -0.18878, 0.02676, -0.60350, 0.72742, -0.23577, -0.98713, 0.15471, -0.33301
156.84976, -0.19953, -0.08297, 0.16236, 0.44118, -0.44778, -0.22577, 0.32774, -0.34997
157.18274, -0.16344, -0.12159, 0.75326, -0.07525, 0.24296, 0.29654, -0.24704, 0.05985
157.35690, -0.13693, -0.01201, 0.00549, 0.25050, 0.82299, -0.37578, -0.43327, 0.18739
157.54740, -0.15740, 0.05011, -0.61800, 0.55255, -0.22566, -1.02411, 0.14167, -0.37750
157.89991, -0.12932, -0.04101, 0.12188, 0.21376, -0.44752, -0.21325, 0.36628, -0.32179
158.23989, -0.09698, -0.04352, 0.69525, -0.27541, 0.17530, 0.22419, -0.13504, 0.18810
158.43907, -0.08111, 0.06099, 0.08719, 0.22117, 0.64105, -0.36029, -0.40361, 0.25842
158.64001, -0.10367, 0.14454, -0.56183, 0.65568, -0.16499, -1.01927, 0.10481, -0.37058
158.99153, -0.07963, 0.09059, 0.02683, 0.24860, -0.41782, -0.26698, 0.20216, -0.43383
159.32880, -0.08152, 0.02964, 0.62846, -0.52940, 0.37212, 0.18661, -0.15418, 0.02391
159.51948, -0.11999, 0.02979, 0.02732, 0.21904, 0.41868, -0.35719, -0.33044, 0.22810
159.71974, -0.20015, 0.02379, -0.56478, 0.70479, -0.38492, -0.95315, 0.14576, -0.25991
160.07092, -0.21603, -0.10056, 0.18070, 0.57207, -0.45123, -0.18909, 0.18532, -0.56197
160.39891, -0.18368, -0.10871, 0.75470, -0.06352, 0.33094, 0.20378, -0.30808, -0.29283
160.57958, -0.16290, 0.03425, -0.01025, 0.19689, 0.81091, -0.51368, -0.47942, -0.16379
160.78683, -0.18792, 0.10343, -0.56863, 0.50668, -0.24721, -1.02234, -0.09860, -0.41516
161.14044, -0.17086, -0.02157, 0.13487, 0.35896, -0.45226, -0.15173, 0.13597, -0.58291
161.47138, -0.14513, -0.07329, 0.72365, -0.18174, 0.25526, 0.20312, -0.16764, -0.36874
161.65530, -0.13471, 0.02047, -0.03972, 0.26429, 0.64242, -0.47582, -0.40244, -0.06161
161.87125, -0.16479, 0.04797, -0.56271, 0.58723, -0.28375, -0.99191, 0.06918, -0.25444
162.23467, -0.14968, -0.09588, 0.18908, 0.40358, -0.43863, -0.16770, 0.23729, -0.22149
162.57933, -0.11993, -0.13832, 0.75653, -0.12819, 0.26518, 0.19764, -0.14550, -0.10747
162.77432, -0.10921, -0.02398, -0.05246, 0.23762, 0.73457, -0.47003, -0.40927, -0.02806
163.00273, -0.14048, 0.01288, -0.56977, 0.53896, -0.23261, -1.02711, 0.08351, -0.36235
163.38073, -0.11658, -0.10112, 0.19336, 0.17555, -0.44255, -0.19750, 0.36361, -0.17795
163.74897, -0.09825, -0.05741, 0.75324, -0.29698, 0.19236, 0.24851, 0.04845, 0.43950
163.97968, -0.10251, 0.05033, 0.32165, 0.15575, 0.38850, -0.23344, -0.28856, 0.33103
164.18476, -0.14686, 0.17376, -0.40609, 0.71532, -0.28912, -1.00924, 0.06708, -0.40547
164.53742, -0.15339, 0.13154, 0.01667, 0.46557, -0.42241, -0.30441, 0.05095, -0.62191
164.86525, -0.14576, 0.07395, 0.57948, -0.40415, 0.30114, 0.17406, -0.40886, -0.26428
165.04973, -0.16861, 0.06441, -0.00494, 0.26338, 0.79517, -0.43776, -0.45606, -0.00249
165.24485, -0.22940, 0.04013, -0.57358, 0.75553, -0.17411, -0.98780, 0.16746, -0.30271
165.58813, -0.22768, -0.09618, 0.18188, 0.58928, -0.52052, -0.16922, 0.21720, -0.56750
165.90691, -0.17350, -0.10659, 0.74193, -0.07289, 0.29642, 0.23300, -0.29879, -0.42349
166.07528, -0.13174, 0.02442, 0.02100, 0.22656, 0.36877, -0.51703, -0.45777, -0.21475
166.26361, -0.13816, 0.06351, -0.63693, 0.53168, -0.48172, -1.03019, 0.08872, -0.28332
166.62494, -0.09790, -0.05490, 0.14296, 0.32685, -0.40635, -0.08061, 0.38739, -0.01246
166.95620, -0.08739, -0.12108, 0.74333, -0.26632, 0.36919, 0.33233, 0.12969, 0.41848
167.12728, -0.09120, -0.04255, -0.04429, 0.29541, 0.80121, -0.22688, -0.22100, 0.32531
167.32420, -0.13814, 0.03466, -0.57563, 0.60078, -0.23717, -0.96538, 0.14077, -0.43905
167.67424, -0.14176, -0.05114, 0.15129, 0.36211, -0.44090, -0.28826, 0.26635, -0.28044
168.01600, -0.13143, -0.08973, 0.73432, -0.15934, 0.25575, 0.27333, -0.18028, 0.38841
168.20958, -0.10844, 0.01203, 0.09341, 0.21909, 0.71706, -0.28332, -0.38565, 0.45486
168.40027, -0.13081, 0.08835, -0.59700, 0.60362, -0.18139, -0.97245, 0.17812, -0.25434
168.74740, -0.11648, 0.01780, 0.00288, 0.38462, -0.47372, -0.25197, 0.29254, -0.41390
169.08636, -0.11440, -0.02778, 0.64267, -0.33496, 0.36758, 0.24346, -0.14076, 0.02305
169.28185, -0.12611, 0.05029, 0.01799, 0.33660, 0.64292, -0.33205, -0.38660, 0.16440
169.48636, -0.16962, 0.14184, -0.57513, 0.74340, -0.25048, -1.00273, 0.01704, -0.36795
169.84164, -0.16575, 0.06590, 0.18555, 0.45077, -0.42771, -0.22830, 0.08347, -0.56566
170.14271, -0.15770, -0.03738, 0.68646, -0.29383, 0.34243, 0.18699, -0.37456, -0.21051
170.30004, -0.16656, -0.01177, 0.03431, 0.33266, 0.66981, -0.51590, -0.48639, 0.22964
170.47698, -0.21048, -0.00953, -0.58449, 0.68099, -0.31295, -1.04098, 0.08913, -0.07047
170.81261, -0.17594, -0.10357, 0.12031, 0.55003, -0.48257, -0.16721, 0.37130, -0.26776
171.13332, -0.11571, -0.07949, 0.69760, -0.19606, 0.36590, 0.21993, -0.00813, -0.01439
171.30197, -0.08899, 0.03032, 0.01496, 0.12222, 0.72616, -0.35746, -0.28683, 0.14444
171.48329, -0.11691, 0.08277, -0.58892, 0.56336, -0.26683, -0.97806, 0.10632, -0.32507
171.82444, -0.09395, 0.00576, 0.16946, 0.19334, -0.45129, -0.24015, 0.29779, -0.25006
172.14445, -0.09563, -0.05029, 0.71714, -0.33650, 0.28771, 0.17201, -0.11842, 0.27620
172.32456, -0.10928, 0.03788, -0.02217, 0.33839, 0.63425, -0.39432, -0.39719, 0.28058
172.52455, -0.15309, 0.11309, -0.60898, 0.66618, -0.25138, -1.00859, 0.08456, -0.44940
172.87534, -0.14828, 0.01864, 0.15795, 0.37077, -0.44117, -0.22090, 0.16943, -0.47811
173.19028, -0.14239, -0.06459, 0.76890, -0.22141, 0.12973, 0.20806, -0.27338, -0.49792
173.36107, -0.13123, 0.03776, 0.05449, 0.27038, 0.24181, -0.51274, -0.45988, -0.39253
173.55275, -0.15991, 0.07069, -0.60244, 0.58094, -0.39160, -1.02536, 0.05724, -0.45736
173.90834, -0.14194, -0.06838, 0.15504, 0.37589, -0.43307, -0.09228, 0.26596, -0.47631
174.24440, -0.12831, -0.10891, 0.75777, -0.15496, 0.21124, 0.25418, -0.04371, -0.32898
174.44139, -0.12077, 0.01121, 0.08463, 0.26834, 0.68050, -0.40815, -0.33947, -0.13784
174.64849, -0.15669, 0.09882, -0.60304, 0.63901, -0.12899, -1.07818, 0.07997, -0.34007
175.00935, -0.14756, 0.02174, -0.01703, 0.39611, -0.45882, -0.24412, 0.33315, -0.51408
175.36260, -0.12834, -0.02138, 0.63834, -0.25562, 0.27728, 0.30348, -0.11619, -0.19195
175.58596, -0.11059, 0.04913, 0.25110, 0.27302, 0.40841, -0.27044, -0.34795, 0.16608
175.78822, -0.12692, 0.15280, -0.44811, 0.76137, -0.33559, -1.02871, 0.10843, -0.22299
176.14075, -0.10566, 0.09655, 0.01371, 0.48677, -0.32317, -0.30062, 0.14787, -0.41190
176.47857, -0.08289, 0.03800, 0.62514, -0.40893, 0.42440, 0.18246, -0.27096, -0.16785
176.66217, -0.09901, 0.02475, -0.02865, 0.06679, 0.65342, -0.39283, -0.40360, 0.01419
176.86369, -0.17479, -0.05970, -0.60233, 0.55790, -0.32090, -0.94443, 0.17706, -0.30215
177.21696, -0.15189, -0.17944, 0.06016, 0.63176, -0.50303, -0.21583, 0.36771, -0.15202
177.57579, -0.11418, -0.08025, 0.64182, 0.02265, 0.33882, 0.24459, 0.08311, 0.55540
177.82126, -0.09460, 0.04440, 0.57103, -0.07404, 0.58058, -0.06752, -0.22912, 0.26289
177.99311, -0.10842, 0.21715, -0.19501, 0.54617, -0.26630, -0.83665, -0.37530, -0.41012
178.23905, -0.13434, 0.31773, -0.57203, 0.59263, -0.42349, -0.95253, -0.49971, -0.51683
178.60054, -0.10324, 0.29756, 0.22342, -0.37034, 0.19884, 0.03986, -0.42039, -0.52893
178.86518, -0.09644, 0.17399, 0.54351, -0.72157, 0.66128, 0.22534, -0.24148, -0.38837
179.00023, -0.12572, 0.05738, -0.17703, 0.38881, -0.08518, -0.40699, -0.19214, -0.15556
179.18435, -0.19550, -0.04543, -0.55930, 0.72326, -0.43953, -0.93034, 0.24506, -0.24021
179.51132, -0.17420, -0.16100, 0.24596, 0.66526, -0.43703, -0.21510, 0.29731, -0.12415
179.82611, -0.13856, -0.14012, 0.79420, -0.16266, 0.39604, 0.20126, -0.02177, 0.37925
179.98848, -0.12116, 0.01489, 0.09845, 0.19748, 0.79608, -0.35150, -0.33884, 0.38013
180.15709, -0.14740, 0.13345, -0.56155, 0.59670, -0.24510, -0.99371, 0.05716, -0.37431
180.48013, -0.13074, 0.07657, 0.09354, 0.33230, -0.44914, -0.24363, 0.13043, -0.54614
180.76868, -0.12043, 0.00177, 0.62740, -0.39196, 0.33353, 0.12473, -0.30613, -0.01859
180.92025, -0.13782, 0.02561, 0.01728, 0.23527, 0.64746, -0.50124, -0.42486, 0.20683
181.08546, -0.19286, 0.02130, -0.57927, 0.67639, -0.30701, -1.02473, 0.15196, -0.27927
181.40918, -0.18929, -0.10184, 0.16198, 0.51586, -0.47476, -0.16545, 0.38791, -0.41638
181.72026, -0.14947, -0.09284, 0.71309, -0.13443, 0.30572, 0.26583, -0.11324, -0.10329
181.88250, -0.12669, 0.03919, 0.01335, 0.20362, 0.67838, -0.38456, -0.40430, 0.09829
182.05920, -0.15132, 0.11481, -0.59699, 0.59333, -0.26204, -1.03740, 0.09996, -0.35410
182.39485, -0.12796, 0.02253, 0.16291, 0.32237, -0.43868, -0.25238, 0.22069, -0.46329
182.69965, -0.12234, -0.05912, 0.73805, -0.32650, 0.32503, 0.15736, -0.21517, -0.23463
182.86381, -0.12806, 0.01576, 0.00511, 0.32351, 0.72945, -0.48410, -0.44600, -0.09553
183.05043, -0.16342, 0.06109, -0.59537, 0.65860, -0.21374, -1.04388, 0.05679, -0.39427
183.39300, -0.15165, -0.05213, 0.16575, 0.37585, -0.43738, -0.18781, 0.36287, -0.22904
183.71859, -0.12914, -0.10984, 0.75640, -0.14675, 0.23575, 0.27003, -0.12819, 0.12088
183.89707, -0.10061, 0.02177, -0.01789, 0.19789, 0.74338, -0.38666, -0.42246, 0.28305
184.10032, -0.11522, 0.09966, -0.55971, 0.48143, -0.17838, -1.02303, 0.06356, -0.16626
184.46224, -0.08979, 0.01728, 0.18617, 0.12986, -0.50368, -0.23341, 0.33820, -0.19158
184.79909, -0.08798, -0.03476, 0.70571, -0.37885, 0.27521, 0.21749, -0.08743, 0.18070
184.99138, -0.09750, 0.04816, -0.01584, 0.35754, 0.32149, -0.35301, -0.37813, 0.22073
185.20202, -0.13969, 0.12280, -0.62195, 0.68875, -0.45099, -1.00085, 0.07575, -0.40079
185.57081, -0.13096, 0.04037, 0.18003, 0.35556, -0.42737, -0.22371, 0.17308, -0.55898
185.89606, -0.13595, -0.05121, 0.75357, -0.30549, 0.32345, 0.20813, -0.24747, -0.32666
186.07407, -0.14847, 0.01769, 0.03798, 0.34243, 0.35901, -0.47085, -0.44520, -0.14516
186.27330, -0.19770, 0.04928, -0.61537, 0.65208, -0.47641, -1.03273, 0.05246, -0.35276
186.63247, -0.18250, -0.07088, 0.15885, 0.43410, -0.44861, -0.17567, 0.21030, -0.55452
186.96651, -0.14974, -0.09777, 0.75771, -0.17057, 0.32881, 0.20499, -0.22625, -0.29285
187.14814, -0.13661, 0.01596, -0.02393, 0.22151, 0.80648, -0.48668, -0.45296, -0.14654
187.35930, -0.16427, 0.05619, -0.55910, 0.55932, -0.19277, -1.03887, 0.08513, -0.43568
187.72151, -0.15150, -0.07054, 0.14661, 0.38146, -0.43819, -0.18381, 0.38309, -0.16847
188.06734, -0.11615, -0.11277, 0.73505, -0.15166, 0.23526, 0.26741, -0.12651, 0.31034
188.26044, -0.08943, -0.00054, -0.02422, 0.12840, 0.80055, -0.35089, -0.39471, 0.29609
188.47605, -0.11250, 0.04837, -0.56576, 0.44844, -0.20869, -0.98432, 0.13095, -0.39456
188.84696, -0.08976, -0.05048, 0.16143, 0.12679, -0.44089, -0.23483, 0.35769, -0.35605
189.21401, -0.09921, -0.03312, 0.71816, -0.31491, 0.13292, 0.27142, 0.10128, 0.45407
189.46464, -0.07909, 0.00900, 0.58990, 0.15990, 0.02652, 0.19571, -0.19115, 0.44464
189.63112, -0.03940, 0.12629, -0.21616, 0.69492, -0.35228, -0.43013, -0.27392, -0.18443
189.84674, -0.01387, 0.24891, -0.58658, 0.49182, -0.43193, -1.01110, 0.12001, -0.52249
190.21263, 0.03352, 0.23373, 0.25601, -0.37766, -0.19226, -0.24804, 0.28613, -0.05380
190.52719, 0.01403, 0.14021, 0.65593, -0.62425, 0.45442, 0.23181, -0.04421, 0.52133
190.70473, -0.02312, 0.09142, 0.04766, 0.40413, -0.00779, -0.22184, -0.25421, 0.20191
190.88802, -0.09655, 0.08271, -0.60928, 0.75225, -0.44670, -0.93083, 0.19714, -0.55599
191.22662, -0.12741, -0.03562, 0.05046, 0.39105, -0.30704, -0.27789, 0.29161, -0.25852
191.57317, -0.14368, -0.08456, 0.71202, -0.11352, 0.27253, 0.18091, -0.16155, 0.29850
191.78367, -0.15643, 0.04920, 0.10241, 0.33822, 0.39655, -0.39020, -0.41053, 0.29047
191.99455, -0.20471, 0.16577, -0.60538, 0.67063, -0.29407, -1.03063, 0.04764, -0.44126
192.34099, -0.18749, 0.05072, -0.00061, 0.43076, -0.26548, -0.25792, -0.01760, -0.52896
192.68157, -0.15781, -0.03715, 0.69870, -0.23533, 0.46783, 0.18502, -0.21469, -0.41585
192.86982, -0.14540, 0.02220, 0.03367, 0.26658, 0.20523, -0.43608, -0.36370, -0.32723
193.07306, -0.17961, 0.02950, -0.64374, 0.56528, -0.45361, -0.98034, 0.05399, -0.32398
193.44479, -0.14496, -0.07655, 0.19395, 0.24357, -0.46208, -0.16756, 0.31423, -0.04669
193.78757, -0.10405, -0.09849, 0.78782, -0.28494, 0.24184, 0.21749, -0.10662, 0.36049
193.97094, -0.08860, 0.00470, -0.03549, 0.19450, 0.81652, -0.40143, -0.39390, 0.34762
194.18568, -0.11412, 0.05984, -0.56027, 0.48042, -0.19188, -0.99811, 0.07478, -0.36782
194.55148, -0.09535, -0.04198, 0.16285, 0.16106, -0.43719, -0.23703, 0.33665, -0.36240
194.90998, -0.09203, -0.06317, 0.72295, -0.27857, 0.20363, 0.20695, 0.14434, 0.27984
195.15236, -0.09723, 0.00931, 0.48893, 0.17981, 0.31580, -0.21250, -0.18211, 0.50605
195.35652, -0.13841, 0.17963, -0.25138, 0.72439, -0.30920, -0.91678, -0.44338, -0.14609
195.63205, -0.16977, 0.27218, -0.57000, 0.58398, -0.42325, -0.96003, -0.39259, -0.58621
196.00639, -0.14715, 0.21649, 0.18038, -0.30233, 0.24406, 0.05730, -0.34510, -0.56837
196.30278, -0.12073, 0.10558, 0.62742, -0.55544, 0.71011, 0.27203, -0.31269, -0.41862
196.46489, -0.10983, 0.08577, -0.01396, 0.38694, -0.09045, -0.50216, -0.26015, 0.14477
196.66007, -0.13876, 0.07969, -0.61849, 0.66333, -0.47177, -1.04293, 0.18939, 0.16175
197.01699, -0.11618, -0.05690, 0.22970, 0.24305, -0.41935, -0.19654, 0.23540, -0.07943
197.35215, -0.10839, -0.10900, 0.79316, -0.22008, 0.22205, 0.22472, -0.14042, -0.02961
197.53973, -0.10073, 0.02757, -0.03998, 0.33790, 0.76302, -0.42156, -0.41294, -0.10095
197.75924, -0.12208, 0.12762, -0.55978, 0.60975, -0.16749, -1.04568, 0.07309, -0.52792
198.12060, -0.10293, 0.04991, 0.09206, 0.30902, -0.50402, -0.24822, 0.20065, -0.46041
198.45752, -0.09755, -0.00825, 0.62033, -0.36973, 0.37049, 0.18910, -0.18680, -0.49707
198.66076, -0.11140, 0.04371, 0.03400, 0.30247, 0.33552, -0.40463, -0.42665, -0.40771
198.87224, -0.15760, 0.08256, -0.56682, 0.69356, -0.49947, -1.01202, -0.00280, -0.44413
199.23577, -0.15342, -0.03203, 0.14222, 0.44702, -0.43639, -0.21650, 0.21261, -0.32012
199.57907, -0.14202, -0.08487, 0.72628, -0.13953, 0.28335, 0.25452, -0.15090, 0.03492
199.77333, -0.13409, 0.02923, -0.01902, 0.23890, 0.60314, -0.34970, -0.37449, 0.10194
199.98593, -0.16510, 0.11190, -0.56548, 0.40914, -0.30621, -0.99069, 0.10160, -0.42621
200.35078, -0.16315, -0.00590, 0.11058, 0.26391, -0.44496, -0.19320, 0.20403, -0.56158
200.69037, -0.13775, -0.05843, 0.70141, -0.17061, 0.19991, 0.24705, -0.22622, -0.42102
200.88130, -0.12049, 0.03302, 0.00078, 0.22028, 0.44898, -0.44322, -0.43658, -0.31257
201.08870, -0.15109, 0.06020, -0.63057, 0.55146, -0.36790, -1.05301, 0.10733, -0.46393
201.46130, -0.13181, -0.07358, 0.15006, 0.35158, -0.45827, -0.19574, 0.37024, -0.10269
201.82086, -0.11405, -0.13337, 0.77294, -0.14524, 0.26257, 0.23921, -0.08511, 0.43702
202.02968, -0.09762, -0.00462, -0.00852, 0.29370, 0.67020, -0.37307, -0.38388, 0.32471
202.26409, -0.11955, 0.08537, -0.55563, 0.56835, -0.27111, -1.01704, 0.10611, -0.48669
202.65192, -0.10267, 0.00548, 0.13686, 0.30817, -0.41657, -0.23882, 0.32996, -0.25886
203.01176, -0.09722, -0.07297, 0.71884, -0.32466, 0.28919, 0.23407, -0.16352, 0.34845
203.22003, -0.10576, -0.00417, 0.02463, 0.34811, 0.70948, -0.37151, -0.41205, 0.34506
203.44894, -0.14884, 0.06783, -0.55686, 0.71907, -0.21374, -0.99494, -0.03400, -0.43411
203.82423, -0.14248, -0.01319, 0.13150, 0.39837, -0.43358, -0.22849, 0.22480, -0.26578
204.17601, -0.12377, -0.09133, 0.73164, -0.21077, 0.31869, 0.26980, -0.23245, 0.18710
204.37765, -0.10887, -0.00921, -0.00651, 0.29351, 0.78610, -0.35863, -0.39467, 0.19809
204.59576, -0.12914, 0.06308, -0.61442, 0.49808, -0.17041, -1.02286, 0.17029, -0.43838
204.97482, -0.11045, -0.03670, 0.10265, 0.23217, -0.50814, -0.21637, 0.36436, -0.28075
205.34031, -0.09940, -0.08594, 0.65825, -0.14234, 0.23819, 0.22209, -0.06489, 0.31062
205.56886, -0.09432, 0.01819, 0.05645, 0.31581, 0.33096, -0.33956, -0.34331, 0.33066
205.80304, -0.12700, 0.11305, -0.55758, 0.61155, -0.40229, -1.00709, 0.08760, -0.41967
206.19787, -0.11778, 0.05472, 0.14281, 0.26083, -0.30633, -0.24927, 0.28690, -0.31227
206.54874, -0.11589, -0.06170, 0.67504, -0.31041, 0.49792, 0.31193, -0.19684, 0.08851
206.74456, -0.13355, -0.06729, -0.01313, 0.37869, 0.78510, -0.30428, -0.39075, 0.28694
206.95969, -0.18982, -0.06391, -0.60873, 0.69128, -0.25532, -0.99823, 0.18155, -0.24850
207.33121, -0.15794, -0.14447, 0.13856, 0.56827, -0.47896, -0.26375, 0.34600, -0.28389
207.69865, -0.10604, -0.07777, 0.72659, -0.15110, 0.36941, 0.22318, -0.04009, 0.29046
207.92790, -0.08097, 0.04632, 0.33703, 0.02043, 0.66985, -0.26125, -0.32373, 0.30062
208.12584, -0.10361, 0.16040, -0.37933, 0.59549, -0.21337, -0.99438, 0.03928, -0.37236
208.47337, -0.10164, 0.11584, -0.00607, 0.43467, -0.49281, -0.30233, 0.23204, -0.38480
208.81232, -0.08213, 0.06074, 0.57256, -0.40970, 0.33716, 0.24225, -0.24760, -0.00736
208.99757, -0.10180, 0.02433, -0.05127, 0.18281, 0.41116, -0.30835, -0.38161, 0.21976
209.19981, -0.17264, -0.04512, -0.55991, 0.59840, -0.43148, -0.92701, 0.21869, -0.22479
209.55759, -0.16135, -0.16169, 0.15921, 0.60847, -0.44394, -0.23682, 0.36897, -0.21321
209.91109, -0.12931, -0.12572, 0.75521, -0.16345, 0.36814, 0.24749, -0.06475, 0.39207
210.11026, -0.11669, 0.02561, 0.15298, 0.13273, 0.60963, -0.30127, -0.39081, 0.41070
210.30077, -0.15672, 0.14483, -0.60053, 0.60971, -0.28599, -0.99795, -0.06058, -0.33626
210.64541, -0.14346, 0.09641, -0.01003, 0.33881, -0.44500, -0.25764, 0.03019, -0.56143
210.96579, -0.13236, 0.01712, 0.63660, -0.35039, 0.32489, 0.16458, -0.30164, -0.39041
211.14404, -0.14193, 0.04597, 0.03477, 0.33994, 0.07398, -0.46034, -0.41616, -0.26959
211.33656, -0.18588, 0.05076, -0.59928, 0.67641, -0.49431, -1.00242, 0.10969, -0.44750
211.68786, -0.17494, -0.08427, 0.21640, 0.34340, -0.41568, -0.17162, 0.26901, -0.54978
212.01612, -0.14955, -0.08838, 0.77173, -0.19194, 0.24196, 0.20289, -0.16402, -0.28886
212.20027, -0.14550, 0.02807, 0.08568, 0.22214, 0.80088, -0.45047, -0.44311, -0.00419
212.39625, -0.18831, 0.09593, -0.59541, 0.68361, -0.14525, -1.03112, -0.10196, -0.22004
212.73498, -0.17507, -0.00185, 0.01288, 0.41470, -0.48351, -0.20749, 0.09915, -0.54249
213.06671, -0.14027, -0.02273, 0.66817, -0.25144, 0.20257, 0.18264, -0.22647, -0.33875
213.25065, -0.12992, 0.06274, 0.02395, 0.22179, 0.52768, -0.46141, -0.40753, -0.17764
213.44667, -0.16221, 0.10511, -0.59914, 0.62653, -0.28878, -1.03772, 0.06543, -0.40596
213.79684, -0.14529, -0.01965, 0.13538, 0.41168, -0.44537, -0.20442, 0.19857, -0.39440
214.12462, -0.12763, -0.10096, 0.74133, -0.18758, 0.29106, 0.19793, -0.16186, -0.28224
214.31230, -0.11186, 0.00253, 0.01244, 0.34741, 0.51789, -0.45964, -0.39230, -0.15563
214.52001, -0.13191, 0.06794, -0.62351, 0.64590, -0.34649, -1.05560, 0.08140, -0.38276
214.89001, -0.09012, -0.00042, 0.18213, 0.07270, -0.46175, -0.21774, 0.34242, -0.14467
215.23926, -0.07431, -0.02709, 0.72750, -0.40141, 0.20204, 0.20584, -0.10489, 0.33598
215.45150, -0.06745, 0.07204, 0.11648, 0.28441, 0.39396, -0.35330, -0.38737, 0.32989
215.66438, -0.09525, 0.16895, -0.56317, 0.74888, -0.33407, -1.02484, 0.06597, -0.36732
216.03000, -0.07916, 0.12551, 0.00798, 0.41929, -0.43571, -0.28288, 0.19853, -0.49814
216.38104, -0.07919, 0.08240, 0.62227, -0.42195, 0.33498, 0.21878, -0.15659, -0.02741
216.57414, -0.11258, 0.08128, -0.06192, 0.14215, 0.73479, -0.30997, -0.33279, 0.17089
216.78603, -0.19669, 0.04390, -0.56382, 0.59675, -0.20088, -0.91100, 0.17692, -0.32181
217.14672, -0.21491, -0.08535, 0.16860, 0.62753, -0.47586, -0.19572, 0.20139, -0.55130
217.47326, -0.17603, -0.10160, 0.71036, -0.08141, 0.39499, 0.19486, -0.31569, -0.20995
217.65347, -0.15266, 0.02778, -0.00024, 0.23864, 0.79255, -0.51540, -0.49287, -0.04192
217.85244, -0.16981, 0.08295, -0.61863, 0.58702, -0.27568, -1.03083, 0.07969, -0.41664
218.21191, -0.13847, -0.03450, 0.14563, 0.33250, -0.45948, -0.12492, 0.26672, -0.42664
218.54714, -0.10987, -0.08664, 0.73169, -0.21532, 0.25466, 0.24520, -0.16802, -0.19392
218.73914, -0.08431, 0.03138, 0.00730, 0.15570, 0.40458, -0.44555, -0.43256, -0.07918
218.95134, -0.10778, 0.07372, -0.62999, 0.48892, -0.42074, -1.02744, 0.07234, -0.40588
219.32897, -0.07412, -0.02419, 0.15139, 0.10824, -0.40499, -0.20126, 0.36470, -0.20834
219.69223, -0.08673, -0.05245, 0.72752, -0.38591, 0.29293, 0.28177, 0.15243, 0.43289
219.92568, -0.11254, -0.00096, 0.42988, 0.13809, 0.07655, -0.14410, -0.18808, 0.33731
220.12174, -0.17931, 0.12326, -0.34654, 0.67915, -0.44943, -0.94284, -0.14286, -0.35973
220.45790, -0.21404, 0.08563, -0.14367, 0.48158, -0.40971, -0.33829, 0.03647, -0.55292
220.81137, -0.18525, 0.06979, 0.52581, -0.11248, 0.09091, 0.47392, -0.55921, -0.26632
221.06682, -0.13397, 0.11493, 0.61207, -0.22671, 0.59658, -0.00278, -0.43205, 0.01091
221.23408, -0.12300, 0.24711, -0.16314, 0.50423, -0.12029, -0.89720, -0.19633, -0.21588
221.48034, -0.13599, 0.31664, -0.55657, 0.63713, -0.43908, -0.95006, -0.16175, -0.54367
221.84422, -0.09334, 0.27909, 0.22765, -0.30420, 0.20495, 0.05777, -0.35133, -0.55232
222.11923, -0.07958, 0.15263, 0.63819, -0.73955, 0.54346, 0.25611, -0.22880, -0.40925
222.26217, -0.09762, 0.07157, -0.09226, 0.24182, -0.10028, -0.39494, -0.23602, 0.05488
222.44773, -0.16385, -0.02442, -0.55786, 0.58739, -0.49641, -0.91159, 0.22692, 0.10265
222.78509, -0.15891, -0.16546, 0.18946, 0.58839, -0.45197, -0.20408, 0.33186, 0.06194
223.11630, -0.13153, -0.11952, 0.71944, -0.11850, 0.34910, 0.21836, 0.00271, 0.41273
223.30063, -0.13650, 0.02184, 0.08269, 0.11809, 0.74114, -0.28755, -0.31946, 0.26288
223.48378, -0.19541, 0.11067, -0.57153, 0.59022, -0.23520, -0.95999, 0.07395, -0.48969
223.81295, -0.20585, 0.01884, 0.09122, 0.44029, -0.44118, -0.26621, 0.00543, -0.57457
224.12762, -0.19269, -0.02528, 0.70141, -0.12457, 0.19737, 0.09510, -0.39668, -0.30514
224.30828, -0.18269, 0.08495, -0.01880, 0.29804, 0.59552, -0.56320, -0.49449, -0.18162
224.50885, -0.20705, 0.13016, -0.59762, 0.60475, -0.24237, -1.02832, 0.08336, -0.45116
224.84816, -0.18379, -0.01903, 0.14402, 0.40987, -0.43791, -0.12495, 0.07509, -0.54870
225.15045, -0.14305, -0.09795, 0.75662, -0.12729, 0.06554, 0.26901, -0.22395, -0.31776
225.30351, -0.10085, -0.00042, -0.02647, 0.27511, 0.54989, -0.45522, -0.34311, 0.06751
225.48731, -0.10375, 0.04108, -0.56502, 0.53969, -0.23983, -1.03967, 0.16474, 0.15328
225.79691, -0.07446, -0.02203, 0.04258, 0.34657, -0.39631, -0.60099, 0.37046, 0.12547
226.12029, -0.08957, -0.02520, 0.64812, -0.36670, 0.41724, -0.14368, -0.03699, 0.41524
226.30856, -0.16174, 0.05545, 0.03492, 0.13678, 0.42661, -0.41215, -0.44858, 0.16097
226.50304, -0.27186, 0.10862, -0.57914, 0.59782, -0.41563, -0.75616, -0.50636, -0.56148
226.82227, -0.24471, 0.10821, 0.10395, 0.32925, -0.34421, -0.02687, -0.47274, -0.46283
227.08631, -0.15578, 0.07875, 0.68142, -0.40061, 0.48816, 0.12126, -0.40814, -0.41045
227.20473, -0.10169, 0.11269, 0.00177, 0.24395, 0.07192, -0.62231, -0.21963, -0.25384
227.35366, -0.09845, 0.09189, -0.64010, 0.61557, -0.44792, -1.01879, 0.21820, -0.26994
227.64496, -0.05107, -0.00165, 0.13756, 0.29806, -0.41817, -0.46035, 0.43619, -0.36250
227.92585, -0.06043, -0.03091, 0.71414, -0.40796, 0.25285, -0.03036, 0.06033, 0.14569
228.05905, -0.12251, 0.02796, -0.08138, 0.23272, 0.72173, -0.38493, -0.41484, 0.23582
228.21821, -0.21752, 0.02618, -0.54870, 0.65032, -0.19375, -0.87366, -0.00928, -0.40171
228.50496, -0.23844, -0.06175, 0.04486, 0.67544, -0.50044, -0.20425, 0.15267, -0.62161
228.77979, -0.19316, -0.03690, 0.61039, -0.06106, 0.32692, 0.10475, -0.34828, -0.18540
228.93192, -0.16961, 0.08557, 0.03330, 0.22592, 0.69076, -0.54912, -0.50129, 0.04093
229.09066, -0.18491, 0.14994, -0.57607, 0.62530, -0.24110, -1.04199, 0.00922, -0.37032
229.38695, -0.15587, 0.03185, 0.03987, 0.45036, -0.43787, -0.20855, 0.05604, -0.54015
229.66765, -0.13101, -0.04154, 0.66979, -0.27511, 0.29099, 0.18266, -0.20209, -0.28925
229.81346, -0.11799, 0.03361, 0.02413, 0.31462, 0.44230, -0.43781, -0.37432, -0.17997
229.97396, -0.13996, 0.08380, -0.58685, 0.67473, -0.20324, -1.02662, 0.10478, -0.39999
230.29246, -0.11830, -0.01254, 0.19104, 0.39820, -0.40017, -0.21489, 0.35014, -0.17321
230.58393, -0.11637, -0.09287, 0.75002, -0.27376, 0.41922, 0.19604, -0.12792, 0.25993
230.73160, -0.12293, -0.00101, 0.01075, 0.17862, 0.81819, -0.42467, -0.42088, 0.22899
230.89939, -0.17417, 0.03848, -0.61024, 0.54140, -0.19026, -1.03495, 0.09687, -0.46719
231.22864, -0.16964, -0.08418, 0.13583, 0.43255, -0.45794, -0.20799, 0.35248, -0.27028
231.54418, -0.13070, -0.11254, 0.71995, -0.13340, 0.25562, 0.21716, -0.19322, 0.19155
231.71160, -0.10961, -0.00366, -0.04013, 0.24837, 0.75991, -0.41464, -0.44180, 0.19510
231.90707, -0.12826, 0.04080, -0.55595, 0.57371, -0.22705, -0.96811, 0.09810, -0.45932
232.25260, -0.09999, -0.05079, 0.18381, 0.19698, -0.43485, -0.17788, 0.36834, -0.24732
232.58506, -0.10451, -0.08111, 0.67224, -0.14866, 0.24285, 0.25993, 0.13695, 0.37577
232.79641, -0.11591, -0.01084, 0.29274, 0.32036, 0.41785, -0.19216, -0.21735, 0.32844
232.98585, -0.16126, 0.10913, -0.38749, 0.71830, -0.30702, -0.93965, 0.00809, -0.38124
233.31966, -0.17918, 0.06983, -0.01407, 0.48235, -0.30710, -0.28682, 0.16254, -0.48385
233.64396, -0.16303, 0.01902, 0.59066, -0.23684, 0.45283, 0.31365, -0.37567, -0.20941
233.83214, -0.14588, 0.07181, 0.07154, 0.21837, 0.63448, -0.29870, -0.45687, 0.04592
234.01294, -0.17212, 0.11598, -0.59041, 0.65434, -0.22471, -0.99068, 0.16576, -0.32536
234.34641, -0.15863, 0.00587, 0.05296, 0.45862, -0.47100, -0.24350, 0.18491, -0.53966
234.67003, -0.13886, -0.06143, 0.70551, -0.20056, 0.24890, 0.19136, -0.19346, -0.23238
234.85376, -0.12260, 0.03591, 0.00847, 0.31980, 0.70067, -0.43592, -0.37941, -0.10571
235.05289, -0.14165, 0.10654, -0.61180, 0.66675, -0.19768, -1.03355, 0.08633, -0.31465
235.40763, -0.11460, 0.01117, 0.15155, 0.38155, -0.46309, -0.22430, 0.21515, -0.35932
235.73532, -0.10867, -0.07095, 0.73462, -0.33795, 0.41792, 0.18919, -0.14874, -0.24746
235.91396, -0.12811, -0.02583, 0.01596, 0.28265, 0.73910, -0.43641, -0.38086, -0.16702
236.11387, -0.18835, -0.01771, -0.61236, 0.68065, -0.24875, -1.03260, 0.11021, -0.44823
236.47190, -0.16687, -0.11628, 0.15467, 0.54784, -0.46621, -0.21551, 0.31072, -0.19063
236.81080, -0.12580, -0.11850, 0.74043, -0.18462, 0.33008, 0.19463, -0.20133, 0.31139
236.99655, -0.11362, 0.00225, 0.00553, 0.24572, 0.82022, -0.42740, -0.44340, 0.27262
237.19963, -0.14184, 0.07284, -0.62456, 0.63164, -0.20455, -1.02477, 0.09923, -0.46219
237.56271, -0.11905, -0.00249, 0.14211, 0.29558, -0.43751, -0.21422, 0.35470, -0.25562
237.90189, -0.10594, -0.06998, 0.73292, -0.29106, 0.31068, 0.26729, -0.17427, 0.26552
238.09589, -0.09698, 0.00936, 0.00423, 0.32155, 0.74302, -0.32142, -0.42214, 0.30993
238.30756, -0.12525, 0.08075, -0.60409, 0.67631, -0.21445, -0.96364, 0.00581, -0.38446
238.67484, -0.10503, 0.01619, 0.14436, 0.27757, -0.43848, -0.23144, 0.27084, -0.35996
239.01431, -0.10441, -0.05653, 0.69515, -0.34583, 0.33179, 0.20130, -0.10579, 0.11151
239.21119, -0.11724, 0.01905, -0.00395, 0.35122, 0.69215, -0.37111, -0.37170, 0.21830
239.42435, -0.16078, 0.09814, -0.60847, 0.71325, -0.20929, -1.00638, 0.04004, -0.32998
239.78534, -0.15483, 0.01083, 0.11523, 0.44599, -0.44586, -0.22801, 0.15078, -0.57188
240.12156, -0.14481, -0.05523, 0.71938, -0.20569, 0.27311, 0.18424, -0.16659, -0.23191
240.31958, -0.13669, 0.05020, 0.05340, 0.26810, 0.49471, -0.43449, -0.36207, -0.02029
240.52990, -0.17024, 0.12980, -0.58882, 0.60590, -0.33280, -1.00978, -0.02843, -0.34174
240.89553, -0.15555, 0.03650, 0.15325, 0.30613, -0.42595, -0.18100, 0.11130, -0.57987
241.22595, -0.14483, -0.04373, 0.73958, -0.27771, 0.34699, 0.22770, -0.20698, -0.38919
241.41171, -0.13695, 0.04052, 0.00993, 0.31691, 0.45446, -0.45397, -0.38782, -0.24640
241.61915, -0.16845, 0.08663, -0.62834, 0.63634, -0.38776, -1.04160, 0.10107, -0.43712
241.98601, -0.14711, -0.03964, 0.16942, 0.37392, -0.42817, -0.19664, 0.21097, -0.33447
242.32504, -0.12160, -0.11678, 0.74786, -0.16152, 0.33859, 0.20819, -0.15986, -0.18758
242.51768, -0.10428, -0.02103, -0.02294, 0.30119, 0.40277, -0.44325, -0.38690, -0.01221
242.74029, -0.12635, 0.01301, -0.56469, 0.53950, -0.42567, -0.99886, 0.09679, -0.20504
243.11303, -0.09564, -0.08954, 0.19131, 0.14129, -0.42395, -0.25146, 0.37477, -0.04843
243.48487, -0.09759, -0.02181, 0.72683, -0.32565, 0.18821, 0.24782, 0.17679, 0.44257
243.73837, -0.08532, 0.05977, 0.55736, 0.16076, -0.01810, 0.22098, -0.06320, 0.43147
243.92763, -0.00571, 0.11100, 0.19965, 0.68453, -0.49933, 0.04321, -0.19763, 0.09987
244.09516, 0.06666, 0.25664, -0.36865, 0.63424, -0.42551, -0.67569, -0.19879, -0.31370
244.30678, 0.12779, 0.37787, -0.53745, 0.14461, -0.41592, -1.02588, 0.07348, -0.46559
244.60519, 0.16738, 0.36112, -0.00460, -0.15993, -0.34937, -0.70497, 0.40655, -0.30655
244.91178, 0.14053, 0.32887, 0.62197, -0.49733, 0.33363, -0.36452, 0.25718, 0.30445
245.11382, 0.09587, 0.40395, 0.30658, -0.13837, 0.57211, -0.43248, -0.30650, 0.34699
245.27074, 0.02822, 0.48699, -0.43779, 0.50644, -0.24754, -0.80043, -0.39285, -0.34927
245.55865, -0.01797, 0.46582, -0.12146, -0.04585, -0.43240, -0.15571, -0.22869, -0.58550
245.80083, -0.03225, 0.37291, 0.19617, -0.66667, 0.30011, 0.11357, -0.44072, -0.44310
245.94729, -0.08843, 0.22448, -0.26475, 0.04269, 0.51457, -0.42054, -0.35819, -0.33961
246.11367, -0.19547, 0.05455, -0.54854, 0.63946, -0.30145, -0.90080, 0.25864, -0.43583
246.40883, -0.21704, -0.13692, 0.19145, 0.69489, -0.47150, -0.17790, 0.18492, -0.39093
246.69513, -0.16772, -0.12727, 0.74024, -0.05605, 0.35285, 0.19776, -0.21720, -0.20703
246.83501, -0.13753, 0.03015, -0.01644, 0.19659, 0.80852, -0.48308, -0.43688, -0.16156
247.00055, -0.14834, 0.10628, -0.55463, 0.51530, -0.07732, -1.02273, 0.05821, -0.45709
247.31568, -0.12338, 0.00585, 0.16647, 0.31880, -0.45805, -0.19958, 0.25641, -0.55151
247.60537, -0.12073, -0.05036, 0.69120, -0.30212, 0.33720, 0.15444, -0.18180, -0.12314
247.76185, -0.13295, 0.03506, -0.03258, 0.34369, 0.74741, -0.48349, -0.44805, 0.10458
247.94177, -0.17397, 0.09363, -0.61291, 0.70877, -0.20628, -1.04926, 0.05751, -0.36082
248.27332, -0.16409, -0.01407, 0.17776, 0.42114, -0.43591, -0.20753, 0.21786, -0.58697
248.57997, -0.16031, -0.08204, 0.77792, -0.20034, 0.31521, 0.19005, -0.24907, -0.06787
248.73949, -0.16281, 0.01812, -0.00913, 0.22623, 0.80984, -0.48927, -0.45976, 0.17862
248.92900, -0.20782, 0.05525, -0.55691, 0.55065, -0.17547, -1.02102, 0.04071, -0.34302
249.26649, -0.20086, -0.07327, 0.15163, 0.46923, -0.52039, -0.18031, 0.18588, -0.58152
249.58781, -0.15762, -0.07240, 0.69810, -0.14845, 0.31583, 0.18563, -0.23447, -0.31941
249.76468, -0.13905, 0.04281, 0.01141, 0.21995, 0.80473, -0.48334, -0.44935, -0.12856
249.95710, -0.16216, 0.09525, -0.60096, 0.62841, -0.17504, -1.04540, 0.08296, -0.38635
250.30597, -0.13948, -0.01738, 0.16582, 0.40790, -0.49892, -0.20191, 0.27241, -0.56151
250.63393, -0.13168, -0.07489, 0.74316, -0.22391, 0.31410, 0.20563, -0.17162, -0.11272
250.81809, -0.13179, 0.02839, -0.02877, 0.30326, 0.72784, -0.43819, -0.44302, 0.11798
251.03147, -0.16510, 0.08599, -0.55386, 0.61091, -0.21762, -1.00253, 0.07488, -0.34435
251.39180, -0.15775, -0.02831, 0.17518, 0.37790, -0.43648, -0.18656, 0.25041, -0.58461
251.72762, -0.14385, -0.07925, 0.74353, -0.16480, 0.26157, 0.23022, -0.17062, -0.33036
251.91697, -0.13454, 0.03287, -0.03619, 0.29544, 0.69458, -0.44824, -0.41687, -0.13873
252.13616, -0.16143, 0.09417, -0.55497, 0.57258, -0.19023, -1.04158, 0.09330, -0.38912
252.50254, -0.14939, -0.03695, 0.17695, 0.40889, -0.49233, -0.20141, 0.23329, -0.39591
252.83985, -0.13241, -0.11789, 0.74831, -0.16487, 0.36010, 0.22926, -0.17406, -0.30214
253.02740, -0.12593, -0.03051, -0.01093, 0.24481, 0.64493, -0.44466, -0.40074, -0.21658
253.24103, -0.16217, -0.00373, -0.58031, 0.49674, -0.29811, -1.03152, 0.10778, -0.45374
253.61067, -0.13924, -0.13372, 0.12866, 0.39764, -0.47398, -0.19046, 0.36612, -0.14295
253.97762, -0.11208, -0.09678, 0.69776, -0.14848, 0.28860, 0.26390, 0.02323, 0.53268
254.18952, -0.10784, 0.03697, 0.05555, 0.21469, 0.33730, -0.26397, -0.31544, 0.18287
254.40893, -0.15151, 0.13283, -0.55716, 0.58267, -0.45748, -0.94362, 0.04618, -0.60204
254.78175, -0.14841, 0.05771, 0.14369, 0.32688, -0.34756, -0.20653, 0.08821, -0.48704
255.10704, -0.14194, -0.04268, 0.72588, -0.32375, 0.42843, 0.21915, -0.28961, -0.39883
255.28548, -0.14482, 0.00698, 0.05204, 0.28371, 0.57070, -0.48468, -0.43159, -0.18572
255.48268, -0.18652, 0.01968, -0.59924, 0.63834, -0.35888, -1.03658, 0.11438, -0.35215
255.84198, -0.16451, -0.12204, 0.14902, 0.47817, -0.44593, -0.14123, 0.27652, -0.27564
256.18431, -0.12649, -0.11695, 0.74049, -0.13906, 0.22623, 0.26013, -0.06798, -0.08455
256.37496, -0.10911, 0.02445, 0.05620, 0.21190, 0.58222, -0.37681, -0.34840, -0.10006
256.57893, -0.13859, 0.11937, -0.55713, 0.59449, -0.22962, -1.04287, 0.04811, -0.48817
256.93928, -0.12438, 0.04583, 0.15135, 0.33875, -0.43848, -0.26221, 0.25841, -0.32183
257.26232, -0.11604, -0.04799, 0.70158, -0.35335, 0.34075, 0.24281, -0.21549, 0.15512
257.43684, -0.12442, -0.01356, 0.04437, 0.22415, 0.73468, -0.32328, -0.42898, 0.22792
257.62113, -0.17305, 0.00168, -0.56989, 0.60083, -0.23274, -0.95787, 0.14572, -0.41177
257.96405, -0.16781, -0.11006, 0.13396, 0.46106, -0.44805, -0.20260, 0.35921, -0.35995
258.29207, -0.13628, -0.12344, 0.69413, -0.08187, 0.32129, 0.21361, -0.15394, 0.19127
258.47002, -0.13073, -0.00984, -0.03761, 0.25336, 0.80525, -0.40765, -0.42530, 0.27511
258.67123, -0.16445, 0.05004, -0.56324, 0.54875, -0.20396, -0.99721, 0.10605, -0.40387
259.02506, -0.16038, -0.05785, 0.16636, 0.37275, -0.43807, -0.18825, 0.37300, -0.36462
259.35632, -0.13407, -0.10070, 0.74357, -0.15769, 0.22429, 0.28123, -0.16470, 0.12126
259.53289, -0.11941, -0.00565, -0.04001, 0.23368, 0.79291, -0.37599, -0.40845, 0.24297
259.73767, -0.15045, 0.03683, -0.56484, 0.55060, -0.17343, -1.01271, 0.13925, -0.37598
260.09597, -0.14106, -0.08596, 0.18687, 0.37740, -0.49311, -0.22361, 0.36219, -0.32961
260.44171, -0.13516, -0.11843, 0.73901, -0.11509, 0.27964, 0.28417, -0.03645, 0.30805
260.63361, -0.13328, 0.00220, -0.03090, 0.25801, 0.79663, -0.26997, -0.33729, 0.36085
260.84501, -0.17182, 0.10406, -0.55860, 0.47674, -0.08019, -0.95282, 0.03815, -0.37597
261.20079, -0.17580, 0.00916, 0.13541, 0.30127, -0.47345, -0.22397, 0.09594, -0.54786
261.52447, -0.15462, -0.05108, 0.71870, -0.21372, 0.24759, 0.17732, -0.32977, -0.30128
261.70643, -0.14389, 0.02473, 0.05291, 0.17496, 0.76086, -0.49880, -0.43444, -0.12841
