0.00324, 1.24894, 0.00559, 0.00202, -0.00018, 0.01027
0.00414, 1.24759, 0.00882, 0.00215, 0.00545, 0.02681
0.00463, 1.24548, 0.00916, 0.00228, 0.00415, 0.05432
0.00476, 1.24259, 0.00683, 0.00228, -0.00325, 0.09245
0.00474, 1.23887, -0.00027, -0.00338, -0.01108, 0.14048
0.00455, 1.23443, -0.01109, -0.01347, -0.01888, 0.19274
0.00491, 1.23023, -0.01764, -0.01953, -0.02583, 0.23929
0.00583, 1.22774, -0.02449, -0.02691, -0.03279, 0.27444
0.00641, 1.22643, -0.04033, -0.04420, -0.04060, 0.30013
0.00750, 1.22610, -0.05884, -0.06679, -0.04530, 0.32298
0.00889, 1.22651, -0.07885, -0.09124, -0.05041, 0.34442
0.01033, 1.22730, -0.10005, -0.11629, -0.05649, 0.36174
0.01263, 1.22847, -0.11649, -0.13802, -0.05935, 0.37739
0.01550, 1.22983, -0.13269, -0.16192, -0.05866, 0.39261
0.01886, 1.23119, -0.15196, -0.19326, -0.05188, 0.40665
0.02293, 1.23246, -0.17331, -0.23198, -0.03754, 0.42083
0.02808, 1.23375, -0.19231, -0.27313, -0.01576, 0.43558
0.03414, 1.23505, -0.20754, -0.31322, 0.01035, 0.45045
0.03919, 1.23596, -0.22829, -0.35229, 0.02339, 0.47005
0.04350, 1.23648, -0.25225, -0.38933, 0.02681, 0.49173
0.04745, 1.23658, -0.27719, -0.42400, 0.02444, 0.51506
0.05113, 1.23646, -0.30012, -0.45195, 0.01474, 0.53904
0.05469, 1.23625, -0.31759, -0.46972, -0.00078, 0.56013
0.05890, 1.23609, -0.32615, -0.47768, -0.01514, 0.57840
0.06421, 1.23625, -0.32263, -0.47469, -0.02407, 0.59000
0.07062, 1.23677, -0.30714, -0.46085, -0.02761, 0.59398
0.07714, 1.23701, -0.29010, -0.44503, -0.03129, 0.59453
0.08336, 1.23673, -0.27532, -0.43028, -0.03710, 0.59324
0.08975, 1.23634, -0.25626, -0.40915, -0.04506, 0.59021
0.09584, 1.23570, -0.23552, -0.38181, -0.06000, 0.58671
0.10193, 1.23478, -0.21310, -0.35022, -0.07920, 0.58536
0.10848, 1.23369, -0.18820, -0.31508, -0.10109, 0.59047
0.11555, 1.23233, -0.16585, -0.28476, -0.12182, 0.60309
0.12325, 1.23078, -0.14891, -0.26469, -0.13803, 0.62222
0.13124, 1.22921, -0.13465, -0.24856, -0.15401, 0.64294
0.13955, 1.22768, -0.11983, -0.23174, -0.17046, 0.66229
0.14858, 1.22624, -0.10425, -0.21657, -0.18371, 0.68260
0.15773, 1.22467, -0.09318, -0.20775, -0.19566, 0.70251
0.16676, 1.22291, -0.08316, -0.19786, -0.21171, 0.72287
0.17585, 1.22095, -0.07314, -0.18610, -0.23170, 0.74575
0.18525, 1.21875, -0.06622, -0.17959, -0.24990, 0.77161
0.19595, 1.21670, -0.05658, -0.17546, -0.26045, 0.79894
0.20706, 1.21474, -0.04547, -0.17247, -0.26459, 0.81168
0.21850, 1.21269, -0.03238, -0.16923, -0.26376, 0.81435
0.23050, 1.21045, -0.01848, -0.16848, -0.25647, 0.81184
0.24268, 1.20785, -0.00484, -0.16851, -0.24835, 0.80809
0.25500, 1.20487, 0.01017, -0.16624, -0.24168, 0.80422
0.26785, 1.20157, 0.02461, -0.16722, -0.23128, 0.80075
0.28146, 1.19803, 0.04100, -0.16862, -0.21740, 0.79785
0.29600, 1.19429, 0.06096, -0.16866, -0.20010, 0.79552
0.31179, 1.19035, 0.08388, -0.17041, -0.17572, 0.79369
0.32881, 1.18615, 0.10974, -0.17374, -0.14469, 0.79229
0.34699, 1.18157, 0.13811, -0.17891, -0.10740, 0.79123
0.36625, 1.17646, 0.16879, -0.18601, -0.06408, 0.79044
0.38569, 1.17078, 0.19865, -0.19417, -0.02170, 0.78990
0.40498, 1.16454, 0.22709, -0.20210, 0.01674, 0.78953
0.42303, 1.15845, 0.25258, -0.20219, 0.03533, 0.78934
0.44051, 1.15233, 0.28113, -0.19049, 0.04012, 0.78924
0.45781, 1.14580, 0.31308, -0.17071, 0.03821, 0.78918
0.47511, 1.13851, 0.34846, -0.14530, 0.03352, 0.78913
0.49260, 1.13029, 0.38932, -0.11296, 0.02808, 0.78908
0.51030, 1.12101, 0.43581, -0.07403, 0.02289, 0.78903
0.52810, 1.11061, 0.48682, -0.03008, 0.01839, 0.78898
0.54583, 1.09910, 0.53960, 0.01557, 0.01466, 0.78896
0.56253, 1.08725, 0.57470, 0.03974, 0.01175, 0.78888
0.57844, 1.07514, 0.59529, 0.04638, 0.00936, 0.78872
0.59384, 1.06262, 0.60796, 0.04420, 0.00582, 0.78854
0.60880, 1.04967, 0.61603, 0.03823, -0.00090, 0.78834
0.62372, 1.03591, 0.62386, 0.03134, -0.00640, 0.78820
0.63860, 1.02142, 0.63223, 0.02487, -0.01148, 0.78580
0.65349, 1.00626, 0.64149, 0.01949, -0.01660, 0.78070
0.66888, 0.99085, 0.65220, 0.01513, -0.02004, 0.77227
0.68496, 0.97497, 0.66573, 0.01181, -0.01938, 0.75836
0.70208, 0.95815, 0.68465, 0.00937, -0.00991, 0.73876
0.71974, 0.94059, 0.70642, 0.00745, 0.00399, 0.71244
0.73728, 0.92398, 0.72608, 0.00603, 0.01183, 0.68348
0.75516, 0.91028, 0.74464, 0.00511, 0.01443, 0.66023
0.77343, 0.89856, 0.76306, 0.00450, 0.01417, 0.64468
0.79196, 0.88853, 0.78072, 0.00406, 0.01044, 0.63363
0.81091, 0.88019, 0.79838, 0.00368, 0.00562, 0.62059
0.83041, 0.87303, 0.81745, 0.00331, 0.00297, 0.60426
0.85032, 0.86710, 0.83668, 0.00295, 0.00033, 0.58429
0.87058, 0.86234, 0.85439, 0.00058, -0.00184, 0.56045
0.89124, 0.85864, 0.87269, -0.00047, -0.00460, 0.53217
0.91232, 0.85611, 0.89182, 0.00112, -0.00933, 0.49915
0.93375, 0.85489, 0.90844, 0.00119, -0.01500, 0.46128
0.95555, 0.85508, 0.92300, 0.00132, -0.02298, 0.41870
0.97769, 0.85697, 0.93425, 0.00156, -0.03526, 0.37176
1.00016, 0.86066, 0.94161, 0.00178, -0.05226, 0.32065
1.02297, 0.86624, 0.94456, 0.00190, -0.07452, 0.26547
1.04607, 0.87371, 0.94288, 0.00197, -0.10223, 0.20620
1.06949, 0.88287, 0.93717, 0.00204, -0.13387, 0.14242
1.09353, 0.89285, 0.93117, 0.00212, -0.16166, 0.07258
1.11830, 0.90313, 0.92669, 0.00227, -0.18209, -0.00441
1.14348, 0.91412, 0.92099, 0.00249, -0.20069, -0.08742
1.16891, 0.92542, 0.91423, 0.00265, -0.21794, -0.17438
1.19459, 0.93575, 0.90959, 0.00267, -0.22967, -0.25845
1.22073, 0.94462, 0.90832, 0.00151, -0.23252, -0.33225
1.24714, 0.95223, 0.90564, -0.00682, -0.22632, -0.39466
1.27370, 0.95869, 0.89776, -0.02729, -0.21036, -0.44551
1.30055, 0.96380, 0.88870, -0.05533, -0.18448, -0.48560
1.32773, 0.96738, 0.88149, -0.08700, -0.14945, -0.51515
1.35511, 0.96937, 0.87554, -0.12319, -0.10505, -0.53368
1.38287, 0.96940, 0.87711, -0.15660, -0.05126, -0.54139
1.41083, 0.96751, 0.88748, -0.18399, 0.00883, -0.53827
1.43751, 0.96623, 0.89165, -0.20548, 0.04411, -0.52236
1.46336, 0.96560, 0.89245, -0.21820, 0.05545, -0.49378
1.48891, 0.96475, 0.89354, -0.22454, 0.05484, -0.45331
1.51434, 0.96321, 0.89626, -0.22661, 0.04892, -0.40151
1.53969, 0.96080, 0.90025, -0.22671, 0.04127, -0.33944
1.56482, 0.95763, 0.90235, -0.22932, 0.03370, -0.27043
1.58972, 0.95373, 0.90196, -0.23541, 0.02697, -0.19629
1.61443, 0.94896, 0.90015, -0.24394, 0.02136, -0.11456
1.63895, 0.94338, 0.89706, -0.25461, 0.01688, -0.02672
1.66314, 0.93710, 0.89022, -0.27015, 0.01339, 0.06743
1.68694, 0.93004, 0.87956, -0.29059, 0.01072, 0.17169
1.71055, 0.92206, 0.86882, -0.31126, 0.00868, 0.28647
1.73397, 0.91325, 0.85752, -0.33249, 0.00715, 0.41169
1.75708, 0.90373, 0.84323, -0.35690, 0.00603, 0.54735
1.77979, 0.89361, 0.82392, -0.38667, 0.00521, 0.69335
1.80216, 0.88321, 0.79835, -0.42307, 0.00461, 0.83672
1.82479, 0.87379, 0.76832, -0.46451, 0.00425, 0.90560
1.84717, 0.86473, 0.73241, -0.51299, 0.00393, 0.92370
1.86889, 0.85563, 0.68978, -0.56825, 0.00138, 0.91679
1.89050, 0.84589, 0.64774, -0.62290, -0.00087, 0.89831
1.91278, 0.83523, 0.61389, -0.66950, 0.00007, 0.87212
1.93515, 0.82424, 0.58220, -0.71109, -0.00343, 0.83760
1.95751, 0.81306, 0.55107, -0.74900, -0.01228, 0.79252
1.98025, 0.80169, 0.52369, -0.77966, -0.02600, 0.73664
2.00292, 0.79038, 0.49603, -0.80587, -0.04790, 0.67008
2.02555, 0.77907, 0.46827, -0.82790, -0.07675, 0.59284
2.04833, 0.76749, 0.44162, -0.84661, -0.10796, 0.50507
2.07107, 0.75529, 0.41359, -0.86801, -0.13537, 0.40720
2.09322, 0.74248, 0.37974, -0.89648, -0.15990, 0.29927
2.11525, 0.72901, 0.34380, -0.92833, -0.18000, 0.18087
2.13711, 0.71484, 0.30548, -0.96381, -0.19546, 0.05220
2.15818, 0.69981, 0.26060, -1.00778, -0.20582, -0.08549
2.18048, 0.68442, 0.21442, -1.05867, -0.20450, -0.22349
2.20592, 0.66959, 0.17218, -1.11105, -0.19570, -0.34831
2.23282, 0.65510, 0.13164, -1.16048, -0.19047, -0.46752
2.26065, 0.64049, 0.09325, -1.20706, -0.18546, -0.58693
2.28845, 0.62508, 0.05651, -1.25157, -0.18047, -0.70625
2.31594, 0.60872, 0.02043, -1.29503, -0.17614, -0.82027
2.34289, 0.59033, -0.01424, -1.33924, -0.17530, -0.87908
2.36823, 0.57022, -0.05581, -1.38980, -0.18224, -0.89527
2.39162, 0.54848, -0.10733, -1.44945, -0.19521, -0.89083
2.41236, 0.52304, -0.16226, -1.51704, -0.21521, -0.87804
2.43175, 0.49566, -0.22346, -1.59331, -0.23345, -0.86263
2.45018, 0.46667, -0.29060, -1.67731, -0.24835, -0.84771
2.46860, 0.43617, -0.35843, -1.76510, -0.25692, -0.83459
2.48728, 0.40475, -0.42443, -1.85095, -0.26442, -0.82370
2.50588, 0.37229, -0.49129, -1.93729, -0.27147, -0.81499
2.52477, 0.33844, -0.55782, -2.02635, -0.27225, -0.80823
2.54379, 0.30331, -0.61883, -2.11224, -0.27164, -0.80318
2.56174, 0.26614, -0.67473, -2.19717, -0.27148, -0.79947
